   0.0000000E+00   0.0000000E+00   0.0000000E+00   0.0000000E+00   0.0000000E+00   0.0000000E+00   0.0000000E+00   0.0000000E+00   0.0000000E+00   0.0000000E+00   0.0000000E+00   0.0000000E+00   0.0000000E+00   0.0000000E+00   0.0000000E+00   0.0000000E+00   0.0000000E+00   0.0000000E+00   0.0000000E+00   0.0000000E+00   0.0000000E+00   0.0000000E+00   0.0000000E+00   0.0000000E+00   0.0000000E+00   0.0000000E+00   0.0000000E+00   0.0000000E+00   0.0000000E+00   0.0000000E+00   0.0000000E+00   0.0000000E+00   0.0000000E+00   0.0000000E+00   0.0000000E+00   0.0000000E+00   0.0000000E+00   0.0000000E+00   0.0000000E+00   0.0000000E+00   0.0000000E+00   0.0000000E+00   0.0000000E+00   0.0000000E+00   0.0000000E+00   0.0000000E+00   0.0000000E+00   0.0000000E+00   0.0000000E+00   0.0000000E+00   0.0000000E+00   0.0000000E+00   0.0000000E+00   0.0000000E+00   0.0000000E+00   0.0000000E+00   0.0000000E+00   0.0000000E+00   0.0000000E+00   0.0000000E+00   0.0000000E+00   0.0000000E+00   0.0000000E+00   0.0000000E+00   0.0000000E+00   0.0000000E+00   0.0000000E+00   0.0000000E+00   0.0000000E+00   0.0000000E+00   0.0000000E+00   0.0000000E+00   0.0000000E+00   0.0000000E+00   0.0000000E+00   0.0000000E+00   0.0000000E+00   0.0000000E+00   0.0000000E+00   0.0000000E+00   0.0000000E+00   0.0000000E+00   0.0000000E+00   0.0000000E+00   0.0000000E+00   0.0000000E+00   0.0000000E+00   0.0000000E+00   0.0000000E+00   0.0000000E+00   0.0000000E+00   0.0000000E+00   0.0000000E+00   0.0000000E+00   0.0000000E+00   0.0000000E+00   0.0000000E+00   0.0000000E+00   0.0000000E+00   0.0000000E+00
  -3.5000000E+01  -3.5000000E+01  -3.5000000E+01  -3.5000000E+01  -3.5000000E+01  -3.5000000E+01  -3.5000000E+01  -3.5000000E+01  -3.5000000E+01  -3.5000000E+01  -3.5000000E+01  -3.5000000E+01  -3.5000000E+01  -3.5000000E+01  -3.5000000E+01  -3.5000000E+01  -3.5000000E+01  -3.5000000E+01  -3.5000000E+01  -3.5000000E+01  -3.5000000E+01  -3.5000000E+01  -3.5000000E+01  -3.5000000E+01  -3.5000000E+01  -3.5000000E+01  -3.5000000E+01  -3.5000000E+01  -3.5000000E+01  -3.5000000E+01  -3.5000000E+01  -3.5000000E+01  -3.5000000E+01  -3.5000000E+01  -3.5000000E+01  -3.5000000E+01  -3.5000000E+01  -3.5000000E+01  -3.5000000E+01  -3.5000000E+01  -3.5000000E+01  -3.5000000E+01  -3.5000000E+01  -3.5000000E+01  -3.5000000E+01  -3.5000000E+01  -3.5000000E+01  -3.5000000E+01  -3.5000000E+01  -3.5000000E+01  -3.5000000E+01  -3.5000000E+01  -3.5000000E+01  -3.5000000E+01  -3.5000000E+01  -3.5000000E+01  -3.5000000E+01  -3.5000000E+01  -3.5000000E+01  -3.5000000E+01  -3.5000000E+01  -3.5000000E+01  -3.5000000E+01  -3.5000000E+01  -3.5000000E+01  -3.5000000E+01  -3.5000000E+01  -3.5000000E+01  -3.5000000E+01  -3.5000000E+01  -3.5000000E+01  -3.5000000E+01  -3.5000000E+01  -3.5000000E+01  -3.5000000E+01  -3.5000000E+01  -3.5000000E+01  -3.5000000E+01  -3.5000000E+01  -3.5000000E+01  -3.5000000E+01  -3.5000000E+01  -3.5000000E+01  -3.5000000E+01  -3.5000000E+01  -3.5000000E+01  -3.5000000E+01  -3.5000000E+01  -3.5000000E+01  -3.5000000E+01  -3.5000000E+01  -3.5000000E+01  -3.5000000E+01  -3.5000000E+01  -3.5000000E+01  -3.5000000E+01  -3.5000000E+01  -3.5000000E+01  -3.5000000E+01  -3.5000000E+01
  -3.5000000E+01  -3.5000000E+01  -3.5000000E+01  -3.5000000E+01  -3.5000000E+01  -3.5000000E+01  -3.5000000E+01  -3.5000000E+01  -3.5000000E+01  -3.5000000E+01  -3.5000000E+01  -3.5000000E+01  -3.5000000E+01  -3.5000000E+01  -3.5000000E+01  -3.5000000E+01  -3.4006416E+01  -3.3041843E+01  -3.2152428E+01  -3.1327433E+01  -3.0558338E+01  -2.9838274E+01  -2.9161629E+01  -2.8523748E+01  -2.7920746E+01  -2.7349337E+01  -2.6806726E+01  -2.6290512E+01  -2.5798626E+01  -2.5329266E+01  -2.4880863E+01  -2.4452036E+01  -2.4041569E+01  -2.3648390E+01  -2.3271542E+01  -2.2910175E+01  -2.2563534E+01  -2.2230936E+01  -2.1911776E+01  -2.1605505E+01  -2.1311634E+01  -2.1029720E+01  -2.0759367E+01  -2.0500217E+01  -2.0251947E+01  -2.0014267E+01  -1.9786921E+01  -1.9569674E+01  -1.9362322E+01  -1.9164682E+01  -1.8976591E+01  -1.8797911E+01  -1.8628521E+01  -1.8468317E+01  -1.8317215E+01  -1.8175148E+01  -1.8042065E+01  -1.7917931E+01  -1.7802729E+01  -1.7696455E+01  -1.7599123E+01  -1.7510765E+01  -1.7431429E+01  -1.7361174E+01  -1.7300087E+01  -1.7248268E+01  -1.7205835E+01  -1.7172932E+01  -1.7149721E+01  -1.7136387E+01  -1.7133146E+01  -1.7140238E+01  -1.7157932E+01  -1.7186531E+01  -1.7226376E+01  -1.7277845E+01  -1.7341364E+01  -1.7417406E+01  -1.7506500E+01  -1.7609238E+01  -1.7726280E+01  -1.7858372E+01  -1.8006346E+01  -1.8171137E+01  -1.8353807E+01  -1.8555555E+01  -1.8777742E+01  -1.9021925E+01  -1.9289881E+01  -1.9583668E+01  -1.9905663E+01  -2.0258640E+01  -2.0645863E+01  -2.1071268E+01  -2.1542643E+01  -2.2108572E+01  -2.2698273E+01  -2.3370489E+01  -2.4458651E+01  -2.4871895E+01
  -3.5000000E+01  -3.5000000E+01  -3.5000000E+01  -3.5000000E+01  -3.5000000E+01  -3.5000000E+01  -3.5000000E+01  -3.5000000E+01  -3.5000000E+01  -3.5000000E+01  -3.5000000E+01  -3.5000000E+01  -3.5000000E+01  -3.4586170E+01  -3.3305649E+01  -3.2154221E+01  -3.1107721E+01  -3.0148237E+01  -2.9262127E+01  -2.8438770E+01  -2.7669743E+01  -2.6948256E+01  -2.6268761E+01  -2.5626671E+01  -2.5018158E+01  -2.4439987E+01  -2.3889420E+01  -2.3364103E+01  -2.2862017E+01  -2.2381413E+01  -2.1920767E+01  -2.1478750E+01  -2.1054195E+01  -2.0646080E+01  -2.0253498E+01  -1.9875652E+01  -1.9511833E+01  -1.9161415E+01  -1.8823841E+01  -1.8498617E+01  -1.8185307E+01  -1.7883520E+01  -1.7592915E+01  -1.7313185E+01  -1.7044064E+01  -1.6785316E+01  -1.6536739E+01  -1.6298153E+01  -1.6069408E+01  -1.5850375E+01  -1.5640947E+01  -1.5441039E+01  -1.5250585E+01  -1.5069533E+01  -1.4897856E+01  -1.4735538E+01  -1.4582582E+01  -1.4439009E+01  -1.4304849E+01  -1.4180155E+01  -1.4064993E+01  -1.3959445E+01  -1.3863609E+01  -1.3777603E+01  -1.3701560E+01  -1.3635631E+01  -1.3579988E+01  -1.3534824E+01  -1.3500356E+01  -1.3476821E+01  -1.3464485E+01  -1.3463644E+01  -1.3474626E+01  -1.3497795E+01  -1.3533562E+01  -1.3582386E+01  -1.3644795E+01  -1.3721401E+01  -1.3812934E+01  -1.3920292E+01  -1.4044633E+01  -1.4187528E+01  -1.4351235E+01  -1.4539204E+01  -1.4756998E+01  -1.5014087E+01  -1.5327396E+01  -1.5728873E+01  -1.6283167E+01  -1.7134008E+01  -1.8555302E+01  -1.9551867E+01  -2.0137388E+01  -2.1063107E+01  -2.5122818E+01  -3.5000000E+01  -3.5000000E+01  -3.5000000E+01  -3.5000000E+01  -3.5000000E+01
  -3.5000000E+01  -3.5000000E+01  -3.5000000E+01  -3.5000000E+01  -3.5000000E+01  -3.5000000E+01  -3.5000000E+01  -3.5000000E+01  -3.5000000E+01  -3.5000000E+01  -3.5000000E+01  -3.5000000E+01  -3.4213223E+01  -3.2768147E+01  -3.1483427E+01  -3.0325836E+01  -2.9271507E+01  -2.8302731E+01  -2.7406017E+01  -2.6570862E+01  -2.5788931E+01  -2.5053514E+01  -2.4359129E+01  -2.3701242E+01  -2.3076078E+01  -2.2480453E+01  -2.1911669E+01  -2.1367416E+01  -2.0845720E+01  -2.0344868E+01  -1.9863380E+01  -1.9399965E+01  -1.8953501E+01  -1.8523001E+01  -1.8107603E+01  -1.7706553E+01  -1.7319183E+01  -1.6944912E+01  -1.6583227E+01  -1.6233683E+01  -1.5895885E+01  -1.5569493E+01  -1.5254213E+01  -1.4949789E+01  -1.4656004E+01  -1.4372674E+01  -1.4099647E+01  -1.3836799E+01  -1.3584030E+01  -1.3341269E+01  -1.3108461E+01  -1.2885581E+01  -1.2672647E+01  -1.2469610E+01  -1.2276525E+01  -1.2093437E+01  -1.1920406E+01  -1.1757512E+01  -1.1604848E+01  -1.1462525E+01  -1.1330671E+01  -1.1209430E+01  -1.1098962E+01  -1.0999445E+01  -1.0911077E+01  -1.0834072E+01  -1.0768669E+01  -1.0715124E+01  -1.0673721E+01  -1.0644768E+01  -1.0628603E+01  -1.0625598E+01  -1.0636165E+01  -1.0660763E+01  -1.0699908E+01  -1.0754196E+01  -1.0824326E+01  -1.0911142E+01  -1.1015710E+01  -1.1139431E+01  -1.1284252E+01  -1.1453021E+01  -1.1650128E+01  -1.1882670E+01  -1.2162618E+01  -1.2510977E+01  -1.2966109E+01  -1.3601404E+01  -1.4566197E+01  -1.6184221E+01  -1.8935505E+01  -1.9710382E+01  -2.0394238E+01  -2.1922697E+01  -3.5000000E+01  -3.5000000E+01  -3.5000000E+01  -3.5000000E+01  -3.5000000E+01  -3.5000000E+01
  -3.5000000E+01  -3.5000000E+01  -3.5000000E+01  -3.5000000E+01  -3.5000000E+01  -3.5000000E+01  -3.5000000E+01  -3.5000000E+01  -3.5000000E+01  -3.5000000E+01  -3.5000000E+01  -3.4529606E+01  -3.2872196E+01  -3.1420187E+01  -3.0126143E+01  -2.8957283E+01  -2.7890043E+01  -2.6906925E+01  -2.5994589E+01  -2.5142649E+01  -2.4342865E+01  -2.3588606E+01  -2.2874453E+01  -2.2195936E+01  -2.1549328E+01  -2.0931494E+01  -2.0339783E+01  -1.9771935E+01  -1.9226009E+01  -1.8700340E+01  -1.8193491E+01  -1.7704212E+01  -1.7231422E+01  -1.6774179E+01  -1.6331667E+01  -1.5903172E+01  -1.5488077E+01  -1.5085846E+01  -1.4696014E+01  -1.4318184E+01  -1.3952014E+01  -1.3597216E+01  -1.3253547E+01  -1.2920806E+01  -1.2598833E+01  -1.2287500E+01  -1.1986713E+01  -1.1696407E+01  -1.1416544E+01  -1.1147110E+01  -1.0888121E+01  -1.0639641E+01  -1.0401695E+01  -1.0174324E+01  -9.9576521E+00  -9.7517900E+00  -9.5568666E+00  -9.3730249E+00  -9.2004356E+00  -9.0392752E+00  -8.8897419E+00  -8.7520504E+00  -8.6264324E+00  -8.5131378E+00  -8.4124374E+00  -8.3246183E+00  -8.2499943E+00  -8.1888971E+00  -8.1416874E+00  -8.1087551E+00  -8.0905228E+00  -8.0874519E+00  -8.1000538E+00  -8.1288986E+00  -8.1746378E+00  -8.2380323E+00  -8.3199978E+00  -8.4216805E+00  -8.5445833E+00  -8.6907711E+00  -8.8632317E+00  -9.0665007E+00  -9.3077745E+00  -9.5989285E+00  -9.9602404E+00  -1.0427455E+01  -1.1065434E+01  -1.1996232E+01  -1.3456270E+01  -1.5869357E+01  -1.9165092E+01  -1.9751535E+01  -2.0135984E+01  -2.2774149E+01  -3.2325493E+01  -3.5000000E+01  -3.5000000E+01  -3.5000000E+01  -3.5000000E+01  -3.5000000E+01
  -3.5000000E+01  -3.5000000E+01  -3.5000000E+01  -3.5000000E+01  -3.5000000E+01  -3.5000000E+01  -3.5000000E+01  -3.5000000E+01  -3.5000000E+01  -3.5000000E+01  -3.5000000E+01  -3.3457844E+01  -3.1794064E+01  -3.0332502E+01  -2.9026464E+01  -2.7843632E+01  -2.6760759E+01  -2.5760633E+01  -2.4829943E+01  -2.3958065E+01  -2.3137543E+01  -2.2362085E+01  -2.1624485E+01  -2.0922344E+01  -2.0252264E+01  -1.9609221E+01  -1.8991438E+01  -1.8395399E+01  -1.7821968E+01  -1.7268169E+01  -1.6732605E+01  -1.6214075E+01  -1.5711543E+01  -1.5224113E+01  -1.4751016E+01  -1.4291587E+01  -1.3845260E+01  -1.3411549E+01  -1.2990045E+01  -1.2580404E+01  -1.2182343E+01  -1.1795642E+01  -1.1420435E+01  -1.1059774E+01  -1.0706344E+01  -1.0363779E+01  -1.0032052E+01  -9.7111654E+00  -9.4011497E+00  -9.1020441E+00  -8.8134785E+00  -8.5316677E+00  -8.2658548E+00  -8.0114222E+00  -7.7685618E+00  -7.5374622E+00  -7.3183308E+00  -7.1113877E+00  -6.9168863E+00  -6.7350826E+00  -6.5662556E+00  -6.4107003E+00  -6.2687316E+00  -6.1406817E+00  -6.0269027E+00  -5.9277682E+00  -5.8436732E+00  -5.7750382E+00  -5.7223110E+00  -5.6859722E+00  -5.6665392E+00  -5.6645775E+00  -5.6807103E+00  -5.7156401E+00  -5.7701745E+00  -5.8452730E+00  -5.9421186E+00  -6.0622334E+00  -6.2076707E+00  -6.3813424E+00  -6.5875754E+00  -6.8330798E+00  -7.1286626E+00  -7.4923034E+00  -7.9547710E+00  -8.5700216E+00  -9.4345350E+00  -1.0722781E+01  -1.2739450E+01  -1.5851315E+01  -1.9221220E+01  -1.9780964E+01  -2.0708572E+01  -2.3577473E+01  -3.5000000E+01  -3.5000000E+01  -3.5000000E+01  -3.5000000E+01  -3.5000000E+01  -3.5000000E+01
  -3.5000000E+01  -3.5000000E+01  -3.5000000E+01  -3.5000000E+01  -3.5000000E+01  -3.5000000E+01  -3.5000000E+01  -3.5000000E+01  -3.5000000E+01  -3.5000000E+01  -3.4494656E+01  -3.2554230E+01  -3.0882421E+01  -2.9409597E+01  -2.8089796E+01  -2.6891155E+01  -2.5790758E+01  -2.4771637E+01  -2.3820517E+01  -2.2926611E+01  -2.2083181E+01  -2.1284138E+01  -2.0520832E+01  -1.9792692E+01  -1.9096504E+01  -1.8425644E+01  -1.7779037E+01  -1.7152245E+01  -1.6548491E+01  -1.5963664E+01  -1.5396425E+01  -1.4845776E+01  -1.4312439E+01  -1.3789433E+01  -1.3282521E+01  -1.2788875E+01  -1.2307989E+01  -1.1839678E+01  -1.1385820E+01  -1.0937920E+01  -1.0504498E+01  -1.0082441E+01  -9.6724997E+00  -9.2798300E+00  -8.8914442E+00  -8.5141687E+00  -8.1480522E+00  -7.7931762E+00  -7.4496469E+00  -7.1175137E+00  -6.7956963E+00  -6.4783545E+00  -6.1816468E+00  -5.8972421E+00  -5.6254029E+00  -5.3664079E+00  -5.1205530E+00  -4.8881469E+00  -4.6695390E+00  -4.4650741E+00  -4.2751408E+00  -4.1003170E+00  -3.9406352E+00  -3.7966986E+00  -3.6689541E+00  -3.5578706E+00  -3.4639394E+00  -3.3876801E+00  -3.3296404E+00  -3.2904058E+00  -3.2706048E+00  -3.2709227E+00  -3.2921076E+00  -3.3347569E+00  -3.3971839E+00  -3.4861448E+00  -3.6004720E+00  -3.7421565E+00  -3.9139533E+00  -4.1198568E+00  -4.3659124E+00  -4.6616225E+00  -5.0224037E+00  -5.4739542E+00  -6.0600510E+00  -6.8564916E+00  -7.9952016E+00  -9.7004948E+00  -1.2302393E+01  -1.5920105E+01  -1.9230690E+01  -1.9767172E+01  -2.1028009E+01  -2.4313438E+01  -3.5000000E+01  -3.5000000E+01  -3.5000000E+01  -3.5000000E+01  -3.5000000E+01  -3.5000000E+01
  -3.5000000E+01  -3.5000000E+01  -3.5000000E+01  -3.5000000E+01  -3.5000000E+01  -3.5000000E+01  -3.5000000E+01  -3.5000000E+01  -3.5000000E+01  -3.5000000E+01  -3.3711414E+01  -3.1766331E+01  -3.0085262E+01  -2.8599878E+01  -2.7264946E+01  -2.6049057E+01  -2.4929630E+01  -2.3889900E+01  -2.2916634E+01  -2.1998941E+01  -2.1130756E+01  -2.0306080E+01  -1.9515064E+01  -1.8758814E+01  -1.8034174E+01  -1.7333124E+01  -1.6655159E+01  -1.5995174E+01  -1.5358438E+01  -1.4739834E+01  -1.4138085E+01  -1.3552505E+01  -1.2984891E+01  -1.2423496E+01  -1.1879576E+01  -1.1348443E+01  -1.0829690E+01  -1.0323598E+01  -9.8335218E+00  -9.3469191E+00  -8.8720484E+00  -8.4138269E+00  -7.9628415E+00  -7.5340266E+00  -7.1070809E+00  -6.6915040E+00  -6.2874331E+00  -5.8950377E+00  -5.5145078E+00  -5.1458273E+00  -4.7869635E+00  -4.4318347E+00  -4.1011648E+00  -3.7838099E+00  -3.4801486E+00  -3.1905651E+00  -2.9154577E+00  -2.6552424E+00  -2.4103680E+00  -2.1812885E+00  -1.9685078E+00  -1.7726600E+00  -1.5939363E+00  -1.4330277E+00  -1.2904874E+00  -1.1668903E+00  -1.0628363E+00  -9.7895437E-01  -9.1590601E-01  -8.7439483E-01  -8.5517627E-01  -8.5907221E-01  -8.8695824E-01  -9.3940324E-01  -1.0156193E+00  -1.1219399E+00  -1.2578350E+00  -1.4258587E+00  -1.6296221E+00  -1.8745888E+00  -2.1693871E+00  -2.5268235E+00  -2.9681640E+00  -3.5286233E+00  -4.2642937E+00  -5.2348537E+00  -6.6999345E+00  -8.8769617E+00  -1.2055008E+01  -1.5964747E+01  -1.9210487E+01  -1.9688644E+01  -2.1429056E+01  -2.5071367E+01  -3.5000000E+01  -3.5000000E+01  -3.5000000E+01  -3.5000000E+01  -3.5000000E+01  -3.5000000E+01
  -3.5000000E+01  -3.5000000E+01  -3.5000000E+01  -3.5000000E+01  -3.5000000E+01  -3.5000000E+01  -3.5000000E+01  -3.5000000E+01  -3.5000000E+01  -3.5000000E+01  -3.3013336E+01  -3.1062637E+01  -2.9371298E+01  -2.7872272E+01  -2.6521057E+01  -2.5286684E+01  -2.4146914E+01  -2.3085150E+01  -2.2088205E+01  -2.1145121E+01  -2.0250481E+01  -1.9398287E+01  -1.8577669E+01  -1.7791307E+01  -1.7035992E+01  -1.6302456E+01  -1.5590668E+01  -1.4895077E+01  -1.4222736E+01  -1.3567619E+01  -1.2928539E+01  -1.2305184E+01  -1.1699854E+01  -1.1097161E+01  -1.0512984E+01  -9.9410353E+00  -9.3810415E+00  -8.8338900E+00  -8.3036242E+00  -7.7744107E+00  -7.2552357E+00  -6.7563620E+00  -6.2615342E+00  -5.7922740E+00  -5.3230438E+00  -4.8654590E+00  -4.4197569E+00  -3.9862123E+00  -3.5650907E+00  -3.1562073E+00  -2.7564392E+00  -2.3614793E+00  -1.9937359E+00  -1.6404696E+00  -1.3021815E+00  -9.7937107E-01  -6.7255503E-01  -3.8226995E-01  -1.0907757E-01   1.4644644E-01   3.8367563E-01   6.0191840E-01   8.0078477E-01   9.7950232E-01   1.1374024E+00   1.2737944E+00   1.3879731E+00   1.4792711E+00   1.5467299E+00   1.5895975E+00   1.6069763E+00   1.5978906E+00   1.5613239E+00   1.4965719E+00   1.4032832E+00   1.2758751E+00   1.1138848E+00   9.1397041E-01   6.7135096E-01   3.7891072E-01   2.5312699E-02  -4.0913889E-01  -9.4889456E-01  -1.6382046E+00  -2.5072088E+00  -3.7986205E+00  -5.6464314E+00  -8.3458338E+00  -1.2046206E+01  -1.5926699E+01  -1.9163591E+01  -2.0003698E+01  -2.1835114E+01  -2.5835745E+01  -3.5000000E+01  -3.5000000E+01  -3.5000000E+01  -3.5000000E+01  -3.5000000E+01  -3.5000000E+01
  -3.5000000E+01  -3.5000000E+01  -3.5000000E+01  -3.5000000E+01  -3.5000000E+01  -3.5000000E+01  -3.5000000E+01  -3.5000000E+01  -3.5000000E+01  -3.4980839E+01  -3.2379868E+01  -3.0422720E+01  -2.8720222E+01  -2.7206600E+01  -2.5838060E+01  -2.4584082E+01  -2.3422760E+01  -2.2337635E+01  -2.1315569E+01  -2.0345570E+01  -1.9422838E+01  -1.8541306E+01  -1.7689240E+01  -1.6870792E+01  -1.6082607E+01  -1.5314294E+01  -1.4566214E+01  -1.3832573E+01  -1.3121974E+01  -1.2427567E+01  -1.1748281E+01  -1.1084219E+01  -1.0437671E+01  -9.7906656E+00  -9.1628790E+00  -8.5466728E+00  -7.9419661E+00  -7.3502870E+00  -6.7752938E+00  -6.1999302E+00  -5.6334538E+00  -5.0893245E+00  -4.5477924E+00  -4.0335650E+00  -3.5182202E+00  -3.0148268E+00  -2.5237422E+00  -2.0453570E+00  -1.5799989E+00  -1.1271759E+00  -6.8268687E-01  -2.4624285E-01   1.6156319E-01   5.5355048E-01   9.2908221E-01   1.2875289E+00   1.6282408E+00   1.9505514E+00   2.2537901E+00   2.5372145E+00   2.8000906E+00   3.0416479E+00   3.2612958E+00   3.4581745E+00   3.6314948E+00   3.7804465E+00   3.9042332E+00   4.0021605E+00   4.0728798E+00   4.1156254E+00   4.1293406E+00   4.1128774E+00   4.0650396E+00   3.9848061E+00   3.8707936E+00   3.7179735E+00   3.5247321E+00   3.2866979E+00   2.9975889E+00   2.6481659E+00   2.2233131E+00   1.6948649E+00   1.0356258E+00   1.8784408E-01  -9.0940207E-01  -2.4640145E+00  -4.7269735E+00  -7.9333591E+00  -1.2029748E+01  -1.6104877E+01  -1.9352331E+01  -2.0071068E+01  -2.2026329E+01  -2.6639988E+01  -3.5000000E+01  -3.5000000E+01  -3.5000000E+01  -3.5000000E+01  -3.5000000E+01  -3.5000000E+01
  -3.5000000E+01  -3.5000000E+01  -3.5000000E+01  -3.5000000E+01  -3.5000000E+01  -3.5000000E+01  -3.5000000E+01  -3.5000000E+01  -3.5000000E+01  -3.4385387E+01  -3.1796906E+01  -2.9832561E+01  -2.8118095E+01  -2.6588991E+01  -2.5202158E+01  -2.3927515E+01  -2.2743486E+01  -2.1633722E+01  -2.0585133E+01  -1.9586721E+01  -1.8634287E+01  -1.7721607E+01  -1.6836241E+01  -1.5983727E+01  -1.5160457E+01  -1.4355034E+01  -1.3568141E+01  -1.2793946E+01  -1.2042360E+01  -1.1305801E+01  -1.0583344E+01  -9.8755236E+00  -9.1841316E+00  -8.4896822E+00  -7.8148050E+00  -7.1507707E+00  -6.4977522E+00  -5.8578949E+00  -5.2337604E+00  -4.6083045E+00  -3.9914458E+00  -3.3973017E+00  -2.8062062E+00  -2.2422497E+00  -1.6768894E+00  -1.1238447E+00  -5.8361250E-01  -5.6712393E-02   4.5649859E-01   9.5698088E-01   1.4497844E+00   1.9286996E+00   2.3792515E+00   2.8124199E+00   3.2273965E+00   3.6234136E+00   3.9996753E+00   4.3553772E+00   4.6897359E+00   5.0018196E+00   5.2907996E+00   5.5558071E+00   5.7960663E+00   6.0106244E+00   6.1985731E+00   6.3589907E+00   6.4910116E+00   6.5939021E+00   6.6658702E+00   6.7061577E+00   6.7135329E+00   6.6866450E+00   6.6240544E+00   6.5242691E+00   6.3850484E+00   6.2014852E+00   5.9706898E+00   5.6869459E+00   5.3420162E+00   4.9236956E+00   4.4114218E+00   3.7676358E+00   2.9620013E+00   1.9254643E+00   6.1465198E-01  -1.4019569E+00  -4.1633530E+00  -7.9047112E+00  -1.2276618E+01  -1.6149847E+01  -1.9375242E+01  -2.0427164E+01  -2.2890808E+01  -2.7426474E+01  -3.5000000E+01  -3.5000000E+01  -3.5000000E+01  -3.5000000E+01  -3.5000000E+01  -3.5000000E+01
  -3.5000000E+01  -3.5000000E+01  -3.5000000E+01  -3.5000000E+01  -3.5000000E+01  -3.5000000E+01  -3.5000000E+01  -3.5000000E+01  -3.5000000E+01  -3.3831478E+01  -3.1254364E+01  -2.9282118E+01  -2.7554920E+01  -2.6009493E+01  -2.4603436E+01  -2.3307098E+01  -2.2099234E+01  -2.0963572E+01  -1.9887064E+01  -1.8858751E+01  -1.7874987E+01  -1.6929335E+01  -1.6008793E+01  -1.5120187E+01  -1.4259557E+01  -1.3414619E+01  -1.2586318E+01  -1.1768977E+01  -1.0973573E+01  -1.0191890E+01  -9.4231825E+00  -8.6683979E+00  -7.9283772E+00  -7.1832323E+00  -6.4576325E+00  -5.7420568E+00  -5.0369940E+00  -4.3451304E+00  -3.6674101E+00  -2.9874802E+00  -2.3172231E+00  -1.6681585E+00  -1.0247787E+00  -4.0610084E-01   2.1317406E-01   8.1966752E-01   1.4127187E+00   1.9916669E+00   2.5561821E+00   3.1078551E+00   3.6520541E+00   4.1734004E+00   4.6687899E+00   5.1449165E+00   5.6007743E+00   6.0354428E+00   6.4479690E+00   6.8374100E+00   7.2028632E+00   7.5432019E+00   7.8575196E+00   8.1448431E+00   8.4042320E+00   8.6346512E+00   8.8350897E+00   9.0045385E+00   9.1421041E+00   9.2470055E+00   9.3169384E+00   9.3511963E+00   9.3483505E+00   9.3068104E+00   9.2247963E+00   9.1001902E+00   8.9299526E+00   8.7089434E+00   8.4327316E+00   8.0938473E+00   7.6814876E+00   7.1793981E+00   6.5597138E+00   5.7744384E+00   4.7902098E+00   3.5199561E+00   1.8760796E+00  -5.1356691E-01  -3.7880685E+00  -7.9640360E+00  -1.2437118E+01  -1.6340729E+01  -1.9631573E+01  -2.0509748E+01  -2.3163868E+01  -2.5234270E+01  -3.5000000E+01  -3.5000000E+01  -3.5000000E+01  -3.5000000E+01  -3.5000000E+01  -3.5000000E+01
  -3.5000000E+01  -3.5000000E+01  -3.5000000E+01  -3.5000000E+01  -3.5000000E+01  -3.5000000E+01  -3.5000000E+01  -3.5000000E+01  -3.5000000E+01  -3.3311573E+01  -3.0744762E+01  -2.8763943E+01  -2.7023279E+01  -2.5460709E+01  -2.4034512E+01  -2.2715469E+01  -2.1482641E+01  -2.0319817E+01  -1.9213991E+01  -1.8154263E+01  -1.7137512E+01  -1.6157026E+01  -1.5199382E+01  -1.4272593E+01  -1.3372251E+01  -1.2485297E+01  -1.1612885E+01  -1.0749704E+01  -9.9075260E+00  -9.0776157E+00  -8.2594423E+00  -7.4543176E+00  -6.6616940E+00  -5.8624792E+00  -5.0823679E+00  -4.3113904E+00  -3.5504167E+00  -2.8025460E+00  -2.0667498E+00  -1.3280544E+00  -6.0104829E-01   1.0749537E-01   8.0613142E-01   1.4847038E+00   2.1616750E+00   2.8252261E+00   3.4745004E+00   4.1086893E+00   4.7275705E+00   5.3334851E+00   5.9311934E+00   6.4933901E+00   7.0346775E+00   7.5543694E+00   8.0512381E+00   8.5241976E+00   8.9721365E+00   9.3939772E+00   9.7887058E+00   1.0155005E+01   1.0491925E+01   1.0798409E+01   1.1073376E+01   1.1315748E+01   1.1524450E+01   1.1698437E+01   1.1836860E+01   1.1938882E+01   1.2001595E+01   1.2024414E+01   1.2005691E+01   1.1943530E+01   1.1835674E+01   1.1679190E+01   1.1470196E+01   1.1203018E+01   1.0871260E+01   1.0465164E+01   9.9705954E+00   9.3659601E+00   8.6141672E+00   7.6557584E+00   6.4553175E+00   4.9037275E+00   2.8995905E+00  -2.7226338E-02  -3.8313913E+00  -8.3424177E+00  -1.2757148E+01  -1.6392660E+01  -1.9728237E+01  -2.1008192E+01  -2.4111698E+01  -3.0848650E+01  -3.5000000E+01  -3.5000000E+01  -3.5000000E+01  -3.5000000E+01  -3.5000000E+01  -3.5000000E+01
  -3.5000000E+01  -3.5000000E+01  -3.5000000E+01  -3.5000000E+01  -3.5000000E+01  -3.5000000E+01  -3.5000000E+01  -3.5000000E+01  -3.5000000E+01  -3.2819927E+01  -3.0262392E+01  -2.8272348E+01  -2.6517496E+01  -2.4936974E+01  -2.3489731E+01  -2.2146965E+01  -2.0888042E+01  -1.9696774E+01  -1.8560205E+01  -1.7467518E+01  -1.6416077E+01  -1.5398831E+01  -1.4402096E+01  -1.3434953E+01  -1.2492439E+01  -1.1560853E+01  -1.0641509E+01  -9.7296724E+00  -8.8376226E+00  -7.9562316E+00  -7.0852203E+00  -6.2261844E+00  -5.3767786E+00  -4.5199976E+00  -3.6814251E+00  -2.8510451E+00  -2.0301681E+00  -1.2221370E+00  -4.2374706E-01   3.7789199E-01   1.1651857E+00   1.9373766E+00   2.6943502E+00   3.4380651E+00   4.1762080E+00   4.9000068E+00   5.6083670E+00   6.3003330E+00   6.9759088E+00   7.6381087E+00   8.2869692E+00   8.8889999E+00   9.4755192E+00   1.0037452E+01   1.0573324E+01   1.1081883E+01   1.1561864E+01   1.2012080E+01   1.2431433E+01   1.2818438E+01   1.3172173E+01   1.3491540E+01   1.3775370E+01   1.4022617E+01   1.4232211E+01   1.4403164E+01   1.4534777E+01   1.4626157E+01   1.4673621E+01   1.4676827E+01   1.4633860E+01   1.4542413E+01   1.4399536E+01   1.4201240E+01   1.3942702E+01   1.3617410E+01   1.3216427E+01   1.2727096E+01   1.2131084E+01   1.1400127E+01   1.0486118E+01   9.3175688E+00   7.8599863E+00   5.9699192E+00   3.4559081E+00   8.4711052E-02  -4.1323485E+00  -8.7312002E+00  -1.2976982E+01  -1.6639660E+01  -2.0052401E+01  -2.1216339E+01  -2.4292927E+01  -2.5149961E+01  -3.5000000E+01  -3.5000000E+01  -3.5000000E+01  -3.5000000E+01  -3.5000000E+01  -3.5000000E+01
  -3.5000000E+01  -3.5000000E+01  -3.5000000E+01  -3.5000000E+01  -3.5000000E+01  -3.5000000E+01  -3.5000000E+01  -3.5000000E+01  -3.5000000E+01  -3.2352051E+01  -2.9802797E+01  -2.7802885E+01  -2.6033129E+01  -2.4433847E+01  -2.2964647E+01  -2.1597134E+01  -2.0310961E+01  -1.9089941E+01  -1.7921165E+01  -1.6793924E+01  -1.5706027E+01  -1.4650029E+01  -1.3612135E+01  -1.2602365E+01  -1.1615100E+01  -1.0636131E+01  -9.6668940E+00  -8.7034492E+00  -7.7582688E+00  -6.8219795E+00  -5.8945866E+00  -4.9778538E+00  -4.0672665E+00  -3.1493084E+00  -2.2481692E+00  -1.3542615E+00  -4.6938559E-01   4.0307400E-01   1.2685448E+00   2.1371214E+00   2.9882555E+00   3.8277469E+00   4.6460748E+00   5.4600587E+00   6.2622437E+00   7.0486956E+00   7.8180299E+00   8.5691557E+00   9.3024387E+00   1.0021008E+01   1.0714961E+01   1.1353683E+01   1.1981997E+01   1.2581777E+01   1.3151280E+01   1.3689105E+01   1.4193864E+01   1.4664324E+01   1.5099357E+01   1.5497374E+01   1.5857595E+01   1.6178967E+01   1.6460316E+01   1.6700741E+01   1.6899281E+01   1.7055136E+01   1.7167912E+01   1.7236616E+01   1.7256437E+01   1.7227467E+01   1.7147409E+01   1.7013351E+01   1.6821325E+01   1.6565973E+01   1.6241480E+01   1.5840201E+01   1.5350056E+01   1.4754985E+01   1.4031835E+01   1.3144744E+01   1.2033463E+01   1.0615197E+01   8.8633175E+00   6.5889196E+00   3.5312386E+00  -3.4766546E-01  -4.8292499E+00  -9.3314400E+00  -1.3341554E+01  -1.6783360E+01  -2.0193886E+01  -2.1820986E+01  -2.5778616E+01  -3.5000000E+01  -3.5000000E+01  -3.5000000E+01  -3.5000000E+01  -3.5000000E+01  -3.5000000E+01  -3.5000000E+01
  -3.5000000E+01  -3.5000000E+01  -3.5000000E+01  -3.5000000E+01  -3.5000000E+01  -3.5000000E+01  -3.5000000E+01  -3.5000000E+01  -3.5000000E+01  -3.1904367E+01  -2.9362425E+01  -2.7352003E+01  -2.5566628E+01  -2.3947775E+01  -2.2455690E+01  -2.1062382E+01  -1.9747776E+01  -1.8495657E+01  -1.7293161E+01  -1.6129721E+01  -1.5003529E+01  -1.3906695E+01  -1.2825485E+01  -1.1770700E+01  -1.0735962E+01  -9.7067089E+00  -8.6844606E+00  -7.6663046E+00  -6.6645570E+00  -5.6697688E+00  -4.6822610E+00  -3.7038124E+00  -2.7274187E+00  -1.7445689E+00  -7.7661902E-01   1.8503568E-01   1.1380657E+00   2.0792689E+00   3.0161691E+00   3.9553571E+00   4.8736629E+00   5.7833705E+00   6.6657534E+00   7.5546727E+00   8.4226913E+00   9.2728462E+00   1.0103397E+01   1.0913167E+01   1.1702650E+01   1.2469481E+01   1.3202464E+01   1.3871209E+01   1.4533603E+01   1.5162148E+01   1.5754843E+01   1.6310184E+01   1.6826754E+01   1.7303387E+01   1.7739048E+01   1.8132133E+01   1.8482199E+01   1.8788338E+01   1.9049463E+01   1.9264940E+01   1.9434010E+01   1.9556194E+01   1.9631586E+01   1.9658857E+01   1.9631233E+01   1.9549530E+01   1.9410820E+01   1.9211208E+01   1.8945232E+01   1.8605867E+01   1.8186579E+01   1.7678707E+01   1.7066828E+01   1.6331871E+01   1.5446532E+01   1.4368114E+01   1.3024882E+01   1.1326234E+01   9.2679176E+00   6.5929298E+00   2.8719356E+00  -1.2051996E+00  -5.7320704E+00  -9.9063950E+00  -1.3645470E+01  -1.7139742E+01  -2.0626637E+01  -2.2124563E+01  -2.5403728E+01  -2.7994032E+01  -3.5000000E+01  -3.5000000E+01  -3.5000000E+01  -3.5000000E+01  -3.5000000E+01  -3.5000000E+01
  -3.5000000E+01  -3.5000000E+01  -3.5000000E+01  -3.5000000E+01  -3.5000000E+01  -3.5000000E+01  -3.5000000E+01  -3.5000000E+01  -3.4898033E+01  -3.1473972E+01  -2.8938387E+01  -2.6916815E+01  -2.5115097E+01  -2.3475845E+01  -2.1959932E+01  -2.0539759E+01  -1.9195498E+01  -1.7910887E+01  -1.6673103E+01  -1.5471745E+01  -1.4305332E+01  -1.3165484E+01  -1.2038695E+01  -1.0936377E+01  -9.8512821E+00  -8.7686682E+00  -7.6901221E+00  -6.6139812E+00  -5.5520334E+00  -4.4949508E+00  -3.4433868E+00  -2.3989520E+00  -1.3519033E+00  -3.0036825E-01   7.3874384E-01   1.7724040E+00   2.7977302E+00   3.8119235E+00   4.8242807E+00   5.8372087E+00   6.8254547E+00   7.8072047E+00   8.7556343E+00   9.7231293E+00   1.0656961E+01   1.1569634E+01   1.2458978E+01   1.3323769E+01   1.4163697E+01   1.4964565E+01   1.5724956E+01   1.6411648E+01   1.7094143E+01   1.7735653E+01   1.8333965E+01   1.8887627E+01   1.9395353E+01   1.9856276E+01   2.0269621E+01   2.0633852E+01   2.0949089E+01   2.1214586E+01   2.1429281E+01   2.1592754E+01   2.1704321E+01   2.1763809E+01   2.1771870E+01   2.1726006E+01   2.1615288E+01   2.1441837E+01   2.1201496E+01   2.0888779E+01   2.0496159E+01   2.0015057E+01   1.9440054E+01   1.8763659E+01   1.7969122E+01   1.7038500E+01   1.5945776E+01   1.4647202E+01   1.3063706E+01   1.1103803E+01   8.8089123E+00   5.8176379E+00   1.5663626E+00  -2.5585532E+00  -6.8749104E+00  -1.0639694E+01  -1.4135919E+01  -1.7397964E+01  -2.0853821E+01  -2.2932602E+01  -2.8600330E+01  -3.5000000E+01  -3.5000000E+01  -3.5000000E+01  -3.5000000E+01  -3.5000000E+01  -3.5000000E+01  -3.5000000E+01
  -3.5000000E+01  -3.5000000E+01  -3.5000000E+01  -3.5000000E+01  -3.5000000E+01  -3.5000000E+01  -3.5000000E+01  -3.5000000E+01  -3.4442642E+01  -3.1058477E+01  -2.8528307E+01  -2.6494936E+01  -2.4676140E+01  -2.3015644E+01  -2.1474936E+01  -2.0026791E+01  -1.8651609E+01  -1.7333057E+01  -1.6058350E+01  -1.4817281E+01  -1.3608624E+01  -1.2423470E+01  -1.1248718E+01  -1.0096194E+01  -8.9576797E+00  -7.8184414E+00  -6.6801152E+00  -5.5425305E+00  -4.4165363E+00  -3.2931488E+00  -2.1733656E+00  -1.0584097E+00   6.4352922E-02   1.1884080E+00   2.3030832E+00   3.4129579E+00   4.5145869E+00   5.6057558E+00   6.6969910E+00   7.7858839E+00   8.8457651E+00   9.8997564E+00   1.0914894E+01   1.1962667E+01   1.2959368E+01   1.3929829E+01   1.4871365E+01   1.5782625E+01   1.6660585E+01   1.7473124E+01   1.8241640E+01   1.8926598E+01   1.9606825E+01   2.0236778E+01   2.0814205E+01   2.1337967E+01   2.1807198E+01   2.2221600E+01   2.2580755E+01   2.2882984E+01   2.3128918E+01   2.3317066E+01   2.3443747E+01   2.3508661E+01   2.3511942E+01   2.3453018E+01   2.3332680E+01   2.3144466E+01   2.2867140E+01   2.2505426E+01   2.2052439E+01   2.1499994E+01   2.0838102E+01   2.0058910E+01   1.9167036E+01   1.8169117E+01   1.7061357E+01   1.5849472E+01   1.4533689E+01   1.3086036E+01   1.1409868E+01   9.4083128E+00   7.1751943E+00   4.1464834E+00  -4.6159378E-01  -4.1462450E+00  -8.0714903E+00  -1.1381987E+01  -1.4606200E+01  -1.7951439E+01  -2.1409826E+01  -2.3278193E+01  -2.5984274E+01  -3.5000000E+01  -3.5000000E+01  -3.5000000E+01  -3.5000000E+01  -3.5000000E+01  -3.5000000E+01  -3.5000000E+01
  -3.5000000E+01  -3.5000000E+01  -3.5000000E+01  -3.5000000E+01  -3.5000000E+01  -3.5000000E+01  -3.5000000E+01  -3.5000000E+01  -3.4001900E+01  -3.0655884E+01  -2.8130194E+01  -2.6084364E+01  -2.4247740E+01  -2.2565136E+01  -2.0998634E+01  -1.9521372E+01  -1.8113953E+01  -1.6759945E+01  -1.5446602E+01  -1.4163939E+01  -1.2910906E+01  -1.1678025E+01  -1.0452795E+01  -9.2472239E+00  -8.0520210E+00  -6.8526773E+00  -5.6508799E+00  -4.4481869E+00  -3.2540672E+00  -2.0601356E+00  -8.6773002E-01   3.2255355E-01   1.5262676E+00   2.7266529E+00   3.9212463E+00   5.1113529E+00   6.2929554E+00   7.4645147E+00   8.6369944E+00   9.8026133E+00   1.0934004E+01   1.2058007E+01   1.3138212E+01   1.4264623E+01   1.5316714E+01   1.6334896E+01   1.7315123E+01   1.8248329E+01   1.9142118E+01   1.9943502E+01   2.0691359E+01   2.1345495E+01   2.1991415E+01   2.2575823E+01   2.3096634E+01   2.3553265E+01   2.3944862E+01   2.4269131E+01   2.4526318E+01   2.4715330E+01   2.4835968E+01   2.4883347E+01   2.4849804E+01   2.4730766E+01   2.4520660E+01   2.4215000E+01   2.3811550E+01   2.3289265E+01   2.2593294E+01   2.1728493E+01   2.0670877E+01   1.9391838E+01   1.7857277E+01   1.6042988E+01   1.3994927E+01   1.1856985E+01   9.8685226E+00   8.3868570E+00   7.5517201E+00   7.0861330E+00   6.5098662E+00   5.4927359E+00   4.1394029E+00   1.6268919E+00  -2.8443494E+00  -5.9949417E+00  -9.4546881E+00  -1.2400388E+01  -1.5498395E+01  -1.8749348E+01  -2.2121838E+01  -2.4569782E+01  -3.0596075E+01  -3.5000000E+01  -3.5000000E+01  -3.5000000E+01  -3.5000000E+01  -3.5000000E+01  -3.5000000E+01  -3.5000000E+01
  -3.5000000E+01  -3.5000000E+01  -3.5000000E+01  -3.5000000E+01  -3.5000000E+01  -3.5000000E+01  -3.5000000E+01  -3.5000000E+01  -3.3574085E+01  -3.0264498E+01  -2.7742359E+01  -2.5683399E+01  -2.3828178E+01  -2.2122572E+01  -2.0529243E+01  -1.9021675E+01  -1.7580641E+01  -1.6189590E+01  -1.4835817E+01  -1.3509576E+01  -1.2209908E+01  -1.0926742E+01  -9.6483622E+00  -8.3867073E+00  -7.1313195E+00  -5.8681512E+00  -4.5989566E+00  -3.3272636E+00  -2.0606866E+00  -7.9172868E-01   4.7795299E-01   1.7486358E+00   3.0386589E+00   4.3190556E+00   5.5977211E+00   6.8716578E+00   8.1362467E+00   9.3905516E+00   1.0644906E+01   1.1885701E+01   1.3085566E+01   1.4273763E+01   1.5413636E+01   1.6611643E+01   1.7704947E+01   1.8752928E+01   1.9750408E+01   2.0686853E+01   2.1546520E+01   2.2303480E+01   2.2992134E+01   2.3576881E+01   2.4147596E+01   2.4642344E+01   2.5056202E+01   2.5393429E+01   2.5652180E+01   2.5829359E+01   2.5920902E+01   2.5916779E+01   2.5809923E+01   2.5581785E+01   2.5206812E+01   2.4659716E+01   2.3906538E+01   2.2909386E+01   2.1619169E+01   1.9891647E+01   1.7293352E+01   1.2944851E+01  -3.5000000E+01   1.4392551E+01   8.1146708E+00   3.4381306E+00  -6.1771470E-01  -3.9771509E+00  -6.3701906E+00  -7.5467548E+00  -7.6011724E+00  -6.0895681E+00  -2.5452204E+00  -5.3240180E-01  -3.2782968E-02  -1.4966483E+00  -5.4996276E+00  -7.9243474E+00  -1.0915181E+01  -1.3542149E+01  -1.6479805E+01  -1.9883163E+01  -2.3437555E+01  -2.5375431E+01  -2.7787821E+01  -3.5000000E+01  -3.5000000E+01  -3.5000000E+01  -3.5000000E+01  -3.5000000E+01  -3.5000000E+01  -3.5000000E+01
  -3.5000000E+01  -3.5000000E+01  -3.5000000E+01  -3.5000000E+01  -3.5000000E+01  -3.5000000E+01  -3.5000000E+01  -3.5000000E+01  -3.3157719E+01  -2.9882877E+01  -2.7363356E+01  -2.5290579E+01  -2.3415968E+01  -2.1686438E+01  -2.0065207E+01  -1.8526091E+01  -1.7049995E+01  -1.5620239E+01  -1.4224142E+01  -1.2852225E+01  -1.1503523E+01  -1.0167353E+01  -8.8329792E+00  -7.5119867E+00  -6.1926560E+00  -4.8616781E+00  -3.5209036E+00  -2.1760688E+00  -8.3243054E-01   5.1629257E-01   1.8681585E+00   3.2245483E+00   4.6062555E+00   5.9700508E+00   7.3364925E+00   8.6970797E+00   1.0046495E+01   1.1384082E+01   1.2718190E+01   1.4029061E+01   1.5289945E+01   1.6531338E+01   1.7719702E+01   1.8974180E+01   2.0085455E+01   2.1134352E+01   2.2106380E+01   2.3006544E+01   2.3794220E+01   2.4465160E+01   2.5047298E+01   2.5507929E+01   2.5949663E+01   2.6300751E+01   2.6553759E+01   2.6707174E+01   2.6751841E+01   2.6674911E+01   2.6453466E+01   2.6046982E+01   2.5417942E+01   2.4489443E+01   2.3137056E+01   2.1153263E+01   1.8047737E+01   1.2291407E+01  -3.5000000E+01  -3.5000000E+01  -9.7512645E-01  -1.1992256E+01  -2.7932413E+01  -3.5000000E+01  -3.5000000E+01  -2.7163664E+01  -2.5329058E+01  -2.3182287E+01  -1.6591595E+01  -1.5811548E+01  -1.5977052E+01  -1.4813774E+01  -8.2970915E+00  -5.9816403E+00  -4.2941575E+00  -4.7253380E+00  -8.0470076E+00  -9.9034033E+00  -1.2477592E+01  -1.4854927E+01  -1.7682468E+01  -2.0818563E+01  -2.3908745E+01  -2.7372547E+01  -3.5000000E+01  -3.5000000E+01  -3.5000000E+01  -3.5000000E+01  -3.5000000E+01  -3.5000000E+01  -3.5000000E+01  -3.5000000E+01
  -3.5000000E+01  -3.5000000E+01  -3.5000000E+01  -3.5000000E+01  -3.5000000E+01  -3.5000000E+01  -3.5000000E+01  -3.5000000E+01  -3.2751526E+01  -2.9509764E+01  -2.6991932E+01  -2.4904631E+01  -2.3009809E+01  -2.1255394E+01  -1.9605145E+01  -1.8033180E+01  -1.6520506E+01  -1.5050283E+01  -1.3609862E+01  -1.2190044E+01  -1.0789753E+01  -9.3976822E+00  -8.0042734E+00  -6.6204362E+00  -5.2331142E+00  -3.8300419E+00  -2.4132195E+00  -9.9082690E-01   4.3476585E-01   1.8682556E+00   3.3074567E+00   4.7550306E+00   6.2336469E+00   7.6836681E+00   9.1407499E+00   1.0589474E+01   1.2023585E+01   1.3442024E+01   1.4849548E+01   1.6220133E+01   1.7528221E+01   1.8804678E+01   2.0022190E+01   2.1307116E+01   2.2400930E+01   2.3403379E+01   2.4326607E+01   2.5125591E+01   2.5798651E+01   2.6333218E+01   2.6747797E+01   2.7024761E+01   2.7279545E+01   2.7414207E+01   2.7403955E+01   2.7218622E+01   2.6808535E+01   2.6150318E+01   2.5123613E+01   2.3529177E+01   2.1029766E+01   1.6550373E+01  -3.5000000E+01  -3.5000000E+01  -3.5000000E+01  -1.7934528E+01  -3.5000000E+01  -3.5000000E+01  -2.2382292E+01  -1.6593351E+01  -3.2520779E+01  -3.5000000E+01  -3.5000000E+01  -2.8782171E+01  -2.6484266E+01  -2.3488531E+01  -1.8460686E+01  -1.7569366E+01  -1.7268957E+01  -1.5998763E+01  -1.1966434E+01  -9.9593458E+00  -7.9609857E+00  -7.7310557E+00  -1.0448262E+01  -1.1796567E+01  -1.4037658E+01  -1.6219841E+01  -1.8898010E+01  -2.2115120E+01  -2.5350780E+01  -2.7681961E+01  -2.9847147E+01  -3.5000000E+01  -3.5000000E+01  -3.5000000E+01  -3.5000000E+01  -3.5000000E+01  -3.5000000E+01  -3.5000000E+01
  -3.5000000E+01  -3.5000000E+01  -3.5000000E+01  -3.5000000E+01  -3.5000000E+01  -3.5000000E+01  -3.5000000E+01  -3.5000000E+01  -3.2354378E+01  -2.9144068E+01  -2.6626986E+01  -2.4524429E+01  -2.2608549E+01  -2.0828253E+01  -1.9147814E+01  -1.7541632E+01  -1.5990777E+01  -1.4478230E+01  -1.2991363E+01  -1.1521276E+01  -1.0066662E+01  -8.6155930E+00  -7.1598802E+00  -5.7094073E+00  -4.2497134E+00  -2.7699280E+00  -1.2722743E+00   2.3239167E-01   1.7451354E+00   3.2686503E+00   4.8005400E+00   6.3448148E+00   7.9251390E+00   9.4632444E+00   1.1012383E+01   1.2548529E+01   1.4064024E+01   1.5556269E+01   1.7024687E+01   1.8437218E+01   1.9770210E+01   2.1054621E+01   2.2271862E+01   2.3548611E+01   2.4579563E+01   2.5484087E+01   2.6308474E+01   2.6968155E+01   2.7482204E+01   2.7828386E+01   2.8002819E+01   2.7983656E+01   2.7924301E+01   2.7651037E+01   2.7069502E+01   2.6007650E+01   2.4102415E+01   2.0802792E+01   1.3688037E+01  -3.5000000E+01  -3.5000000E+01  -3.5000000E+01  -3.5000000E+01  -3.5000000E+01  -3.5000000E+01  -3.5000000E+01  -3.5000000E+01  -3.5000000E+01  -2.6459433E+01  -2.1007877E+01  -3.5000000E+01  -3.5000000E+01  -3.5000000E+01  -3.0736250E+01  -2.8123074E+01  -2.4634401E+01  -2.0339039E+01  -1.9340000E+01  -1.8676104E+01  -1.7338575E+01  -1.4684360E+01  -1.2975210E+01  -1.0993474E+01  -1.0421576E+01  -1.2651949E+01  -1.3673674E+01  -1.5668394E+01  -1.7723272E+01  -2.0354025E+01  -2.3409100E+01  -2.6511889E+01  -3.1757362E+01  -3.5000000E+01  -3.5000000E+01  -3.5000000E+01  -3.5000000E+01  -3.5000000E+01  -3.5000000E+01  -3.5000000E+01  -3.5000000E+01
  -3.5000000E+01  -3.5000000E+01  -3.5000000E+01  -3.5000000E+01  -3.5000000E+01  -3.5000000E+01  -3.5000000E+01  -3.5000000E+01  -3.1965298E+01  -2.8784821E+01  -2.6267544E+01  -2.4148979E+01  -2.2211155E+01  -2.0403934E+01  -1.8692078E+01  -1.7050241E+01  -1.5459508E+01  -1.3902661E+01  -1.2367093E+01  -1.0844203E+01  -9.3323364E+00  -7.8189440E+00  -6.2973995E+00  -4.7761722E+00  -3.2393494E+00  -1.6778558E+00  -9.4238982E-02   1.4977390E+00   3.1031382E+00   4.7221665E+00   6.3522086E+00   7.9985104E+00   9.6844797E+00   1.1310914E+01   1.2951145E+01   1.4570514E+01   1.6159138E+01   1.7711319E+01   1.9219574E+01   2.0646759E+01   2.1972382E+01   2.3228218E+01   2.4406279E+01   2.5625032E+01   2.6537601E+01   2.7309711E+01   2.7995049E+01   2.8484386E+01   2.8802807E+01   2.8886782E+01   2.8641012E+01   2.7992405E+01   2.7103470E+01   2.5458744E+01   2.2311211E+01   1.5047537E+01  -3.5000000E+01  -3.5000000E+01  -3.5000000E+01  -3.5000000E+01  -3.5000000E+01  -3.5000000E+01  -3.5000000E+01  -3.5000000E+01  -3.5000000E+01  -3.5000000E+01  -3.5000000E+01  -3.5000000E+01  -2.9884136E+01  -2.5261251E+01  -3.5000000E+01  -3.5000000E+01  -3.5000000E+01  -3.2696651E+01  -2.9742142E+01  -2.5984989E+01  -2.2259706E+01  -2.1124693E+01  -2.0257433E+01  -1.8950903E+01  -1.7058132E+01  -1.5509256E+01  -1.3590421E+01  -1.2851836E+01  -1.4760531E+01  -1.5511137E+01  -1.7334818E+01  -1.9306784E+01  -2.1922243E+01  -2.5137068E+01  -2.8290363E+01  -3.0168570E+01  -3.5000000E+01  -3.5000000E+01  -3.5000000E+01  -3.5000000E+01  -3.5000000E+01  -3.5000000E+01  -3.5000000E+01  -3.5000000E+01
  -3.5000000E+01  -3.5000000E+01  -3.5000000E+01  -3.5000000E+01  -3.5000000E+01  -3.5000000E+01  -3.5000000E+01  -3.5000000E+01  -3.1583401E+01  -2.8431164E+01  -2.5912735E+01  -2.3777376E+01  -2.1816689E+01  -1.9981451E+01  -1.8236889E+01  -1.6557875E+01  -1.4925461E+01  -1.3322216E+01  -1.1735535E+01  -1.0157127E+01  -8.5848494E+00  -7.0055485E+00  -5.4143453E+00  -3.8178644E+00  -2.1987276E+00  -5.5010885E-01   1.1249855E+00   2.8096557E+00   4.5135107E+00   6.2337031E+00   7.9672937E+00   9.7203627E+00   1.1514361E+01   1.3226783E+01   1.4953375E+01   1.6646427E+01   1.8292646E+01   1.9881525E+01   2.1397926E+01   2.2801884E+01   2.4078527E+01   2.5267687E+01   2.6394087E+01   2.7461330E+01   2.8224270E+01   2.8841608E+01   2.9368603E+01   2.9662127E+01   2.9697561E+01   2.9229939E+01   2.7812717E+01   2.4770346E+01   1.9455223E+01  -3.5000000E+01  -3.5000000E+01  -3.5000000E+01  -3.5000000E+01  -3.5000000E+01  -3.5000000E+01  -3.5000000E+01  -3.5000000E+01  -3.5000000E+01  -3.5000000E+01  -3.5000000E+01  -3.5000000E+01  -3.5000000E+01  -3.5000000E+01  -3.5000000E+01  -3.3324982E+01  -2.9330038E+01  -3.5000000E+01  -3.5000000E+01  -3.5000000E+01  -3.4635201E+01  -3.1347666E+01  -2.7480152E+01  -2.4200539E+01  -2.2952940E+01  -2.1853989E+01  -2.0719923E+01  -1.9364294E+01  -1.7868515E+01  -1.5958264E+01  -1.5121981E+01  -1.6809498E+01  -1.7381416E+01  -1.9096453E+01  -2.1066336E+01  -2.3795897E+01  -2.7075632E+01  -3.0510096E+01  -3.5000000E+01  -3.5000000E+01  -3.5000000E+01  -3.5000000E+01  -3.5000000E+01  -3.5000000E+01  -3.5000000E+01  -3.5000000E+01  -3.5000000E+01
  -3.5000000E+01  -3.5000000E+01  -3.5000000E+01  -3.5000000E+01  -3.5000000E+01  -3.5000000E+01  -3.5000000E+01  -3.4891468E+01  -3.1207905E+01  -2.8082321E+01  -2.5561769E+01  -2.3408806E+01  -2.1424290E+01  -1.9559889E+01  -1.7781258E+01  -1.6063456E+01  -1.4387444E+01  -1.2735556E+01  -1.1095181E+01  -9.4583292E+00  -7.8222246E+00  -6.1731329E+00  -4.5080943E+00  -2.8314235E+00  -1.1242955E+00   6.1733979E-01   2.3898423E+00   4.1729345E+00   5.9812951E+00   7.8083248E+00   9.6504660E+00   1.1513801E+01   1.3415600E+01   1.5207625E+01   1.7010111E+01   1.8759539E+01   2.0437916E+01   2.2028807E+01   2.3510658E+01   2.4845222E+01   2.6027515E+01   2.7107456E+01   2.8140610E+01   2.9025131E+01   2.9627762E+01   3.0087687E+01   3.0435648E+01   3.0431269E+01   2.9807146E+01   2.7734438E+01   2.2065027E+01  -3.5000000E+01  -3.5000000E+01  -3.5000000E+01  -3.5000000E+01  -3.5000000E+01  -3.5000000E+01  -3.5000000E+01  -3.5000000E+01  -3.5000000E+01  -3.5000000E+01  -3.5000000E+01  -3.5000000E+01  -3.5000000E+01  -3.5000000E+01  -3.5000000E+01  -3.5000000E+01  -3.5000000E+01  -3.5000000E+01  -3.3229134E+01  -3.5000000E+01  -3.5000000E+01  -3.5000000E+01  -3.5000000E+01  -3.2951199E+01  -2.9091833E+01  -2.6143108E+01  -2.4794529E+01  -2.3575705E+01  -2.2614618E+01  -2.1603483E+01  -2.0159237E+01  -1.8223459E+01  -1.7307905E+01  -1.8850485E+01  -1.9250740E+01  -2.0896742E+01  -2.2918159E+01  -2.5867195E+01  -2.9708281E+01  -3.2991962E+01  -3.2968693E+01  -3.5000000E+01  -3.5000000E+01  -3.5000000E+01  -3.5000000E+01  -3.5000000E+01  -3.5000000E+01  -3.5000000E+01  -3.5000000E+01
  -3.5000000E+01  -3.5000000E+01  -3.5000000E+01  -3.5000000E+01  -3.5000000E+01  -3.5000000E+01  -3.5000000E+01  -3.4454292E+01  -3.0838093E+01  -2.7737593E+01  -2.5213932E+01  -2.3042511E+01  -2.1033161E+01  -1.9138388E+01  -1.7324247E+01  -1.5565942E+01  -1.3844282E+01  -1.2141347E+01  -1.0444500E+01  -8.7460403E+00  -7.0423980E+00  -5.3192902E+00  -3.5758305E+00  -1.8135234E+00  -1.2164725E-02   1.8289096E+00   3.7051969E+00   5.5927734E+00   7.5118365E+00   9.4511337E+00   1.1405863E+01   1.3380671E+01   1.5385825E+01   1.7244987E+01   1.9104616E+01   2.0882690E+01   2.2555922E+01   2.4102842E+01   2.5499458E+01   2.6713964E+01   2.7757322E+01   2.8707739E+01   2.9625935E+01   3.0324434E+01   3.0775265E+01   3.1067207E+01   3.1106493E+01   3.0351128E+01   2.7803988E+01   1.9608749E+01  -3.5000000E+01  -3.5000000E+01  -3.5000000E+01  -3.5000000E+01  -3.5000000E+01  -3.5000000E+01  -3.5000000E+01  -3.5000000E+01  -3.5000000E+01  -3.5000000E+01  -3.5000000E+01  -3.5000000E+01  -3.5000000E+01  -3.5000000E+01  -3.5000000E+01  -3.5000000E+01  -3.5000000E+01  -3.5000000E+01  -3.5000000E+01  -3.5000000E+01  -3.5000000E+01  -3.5000000E+01  -3.5000000E+01  -3.5000000E+01  -3.4561142E+01  -3.0781376E+01  -2.8076511E+01  -2.6630117E+01  -2.5334343E+01  -2.4583269E+01  -2.4000969E+01  -2.2387863E+01  -2.0387239E+01  -1.9392096E+01  -2.0796482E+01  -2.1054798E+01  -2.2642403E+01  -2.4769386E+01  -2.8145031E+01  -3.2929356E+01  -3.5000000E+01  -3.5000000E+01  -3.5000000E+01  -3.5000000E+01  -3.5000000E+01  -3.5000000E+01  -3.5000000E+01  -3.5000000E+01  -3.5000000E+01  -3.5000000E+01
  -3.5000000E+01  -3.5000000E+01  -3.5000000E+01  -3.5000000E+01  -3.5000000E+01  -3.5000000E+01  -3.5000000E+01  -3.4025627E+01  -3.0473318E+01  -2.7396338E+01  -2.4868561E+01  -2.2677797E+01  -2.0642550E+01  -1.8716129E+01  -1.6864952E+01  -1.5064313E+01  -1.3294810E+01  -1.1538242E+01  -9.7819214E+00  -8.0184135E+00  -6.2431836E+00  -4.4414334E+00  -2.6144845E+00  -7.6049656E-01   1.1419786E+00   3.0895057E+00   5.0764155E+00   7.0748105E+00   9.1107101E+00   1.1166981E+01   1.3236403E+01   1.5319962E+01   1.7417530E+01   1.9322662E+01   2.1209698E+01   2.2976496E+01   2.4596004E+01   2.6045185E+01   2.7301834E+01   2.8357330E+01   2.9258659E+01   3.0116743E+01   3.0869263E+01   3.1399008E+01   3.1685385E+01   3.1657476E+01   3.0850183E+01   2.7854124E+01   1.5041588E+01  -3.5000000E+01  -3.5000000E+01  -3.5000000E+01  -3.5000000E+01  -3.5000000E+01  -3.5000000E+01  -3.5000000E+01  -3.5000000E+01  -3.5000000E+01  -3.5000000E+01  -3.5000000E+01  -3.5000000E+01  -3.5000000E+01  -3.5000000E+01  -3.5000000E+01  -3.5000000E+01  -3.5000000E+01  -3.5000000E+01  -3.5000000E+01  -3.5000000E+01  -3.5000000E+01  -3.5000000E+01  -3.5000000E+01  -3.5000000E+01  -3.5000000E+01  -3.5000000E+01  -3.2520222E+01  -2.9992367E+01  -2.8453993E+01  -2.7114491E+01  -2.6576973E+01  -2.6288940E+01  -2.4652248E+01  -2.2539061E+01  -2.1417728E+01  -2.2625795E+01  -2.2761913E+01  -2.4300850E+01  -2.6502632E+01  -3.0209171E+01  -3.5000000E+01  -3.5000000E+01  -3.5000000E+01  -3.5000000E+01  -3.5000000E+01  -3.5000000E+01  -3.5000000E+01  -3.5000000E+01  -3.5000000E+01  -3.5000000E+01  -3.5000000E+01
  -3.5000000E+01  -3.5000000E+01  -3.5000000E+01  -3.5000000E+01  -3.5000000E+01  -3.5000000E+01  -3.5000000E+01  -3.3604748E+01  -3.0112982E+01  -2.7057966E+01  -2.4525042E+01  -2.2314003E+01  -2.0251741E+01  -1.8292326E+01  -1.6402485E+01  -1.4557556E+01  -1.2737847E+01  -1.0924852E+01  -9.1058035E+00  -7.2734890E+00  -5.4222250E+00  -3.5367360E+00  -1.6206573E+00   3.3175921E-01   2.3429794E+00   4.4046216E+00   6.5094376E+00   8.6251097E+00   1.0783518E+01   1.2959899E+01   1.5142621E+01   1.7325871E+01   1.9495445E+01   2.1414003E+01   2.3286068E+01   2.4990498E+01   2.6500420E+01   2.7795254E+01   2.8879467E+01   2.9781105E+01   3.0592566E+01   3.1313932E+01   3.1914192E+01   3.2258072E+01   3.2198200E+01   3.1229288E+01   2.7899197E+01  -3.5000000E+01  -3.5000000E+01  -3.5000000E+01  -3.5000000E+01  -3.5000000E+01  -3.5000000E+01  -3.5000000E+01  -3.5000000E+01  -3.5000000E+01  -3.5000000E+01  -3.5000000E+01  -3.5000000E+01  -3.5000000E+01  -3.5000000E+01  -3.5000000E+01  -3.5000000E+01  -3.5000000E+01  -3.5000000E+01  -3.5000000E+01  -3.5000000E+01  -3.5000000E+01  -3.5000000E+01  -3.5000000E+01  -3.5000000E+01  -3.5000000E+01  -3.5000000E+01  -3.5000000E+01  -3.5000000E+01  -3.4287182E+01  -3.1884550E+01  -3.0261591E+01  -2.8901508E+01  -2.8556879E+01  -2.8466516E+01  -2.6785662E+01  -2.4557217E+01  -2.3327909E+01  -2.4359425E+01  -2.4387983E+01  -2.5879778E+01  -2.8139019E+01  -3.2084202E+01  -3.5000000E+01  -3.5000000E+01  -3.5000000E+01  -3.5000000E+01  -3.5000000E+01  -3.5000000E+01  -3.5000000E+01  -3.5000000E+01  -3.5000000E+01  -3.5000000E+01  -3.5000000E+01
  -3.5000000E+01  -3.5000000E+01  -3.5000000E+01  -3.5000000E+01  -3.5000000E+01  -3.5000000E+01  -3.5000000E+01  -3.3190979E+01  -2.9756535E+01  -2.6721926E+01  -2.4182796E+01  -2.1950508E+01  -1.9860050E+01  -1.7866205E+01  -1.5935966E+01  -1.4044646E+01  -1.2172182E+01  -1.0299732E+01  -8.4144039E+00  -6.5091534E+00  -4.5769472E+00  -2.6020651E+00  -5.9052902E-01   1.4678937E+00   3.5963368E+00   5.7804494E+00   8.0108223E+00   1.0250053E+01   1.2535460E+01   1.4832077E+01   1.7120800E+01   1.9385115E+01   2.1593655E+01   2.3480280E+01   2.5283731E+01   2.6868082E+01   2.8211473E+01   2.9325096E+01   3.0247498E+01   3.1053957E+01   3.1743330E+01   3.2339256E+01   3.2752632E+01   3.2697189E+01   3.1590925E+01   2.7879265E+01  -3.5000000E+01  -3.5000000E+01  -3.5000000E+01  -3.5000000E+01  -3.5000000E+01  -3.5000000E+01  -3.5000000E+01  -3.5000000E+01  -3.5000000E+01  -3.5000000E+01  -3.5000000E+01  -3.5000000E+01  -3.5000000E+01  -3.5000000E+01  -3.5000000E+01  -3.5000000E+01  -3.5000000E+01  -3.5000000E+01  -3.5000000E+01  -3.5000000E+01  -3.5000000E+01  -3.5000000E+01  -3.5000000E+01  -3.5000000E+01  -3.5000000E+01  -3.5000000E+01  -3.5000000E+01  -3.5000000E+01  -3.5000000E+01  -3.5000000E+01  -3.3748745E+01  -3.2049175E+01  -3.0682705E+01  -3.0495138E+01  -3.0538534E+01  -2.8797218E+01  -2.6457996E+01  -2.5136824E+01  -2.6010464E+01  -2.5944653E+01  -2.7392899E+01  -2.9699579E+01  -3.3852272E+01  -3.5000000E+01  -3.5000000E+01  -3.5000000E+01  -3.5000000E+01  -3.5000000E+01  -3.5000000E+01  -3.5000000E+01  -3.5000000E+01  -3.5000000E+01  -3.5000000E+01  -3.5000000E+01
  -3.5000000E+01  -3.5000000E+01  -3.5000000E+01  -3.5000000E+01  -3.5000000E+01  -3.5000000E+01  -3.5000000E+01  -3.2783699E+01  -2.9403460E+01  -2.6387701E+01  -2.3841280E+01  -2.1586712E+01  -1.9466808E+01  -1.7437010E+01  -1.5464514E+01  -1.3524537E+01  -1.1596554E+01  -9.6613493E+00  -7.7058482E+00  -5.7230992E+00  -3.7044945E+00  -1.6338958E+00   4.8025286E-01   2.6532431E+00   4.9083514E+00   7.2239895E+00   9.5877390E+00   1.1956046E+01   1.4370478E+01   1.6782137E+01   1.9160269E+01   2.1473862E+01   2.3673681E+01   2.5472054E+01   2.7146896E+01   2.8554348E+01   2.9708729E+01   3.0656134E+01   3.1478802E+01   3.2166214E+01   3.2746113E+01   3.3164478E+01   3.3128017E+01   3.1876827E+01   2.7715118E+01  -3.5000000E+01  -3.5000000E+01  -3.5000000E+01  -3.5000000E+01  -3.5000000E+01  -3.5000000E+01  -3.5000000E+01  -3.5000000E+01  -3.5000000E+01  -3.5000000E+01  -3.5000000E+01  -3.5000000E+01  -3.5000000E+01  -3.5000000E+01  -3.5000000E+01  -3.5000000E+01  -3.5000000E+01  -3.5000000E+01  -3.5000000E+01  -3.5000000E+01  -3.5000000E+01  -3.5000000E+01  -3.5000000E+01  -3.5000000E+01  -3.5000000E+01  -3.5000000E+01  -3.5000000E+01  -3.5000000E+01  -3.5000000E+01  -3.5000000E+01  -3.5000000E+01  -3.5000000E+01  -3.3813610E+01  -3.2447807E+01  -3.2374855E+01  -3.2512077E+01  -3.0698029E+01  -2.8255209E+01  -2.6856081E+01  -2.7587931E+01  -2.7439634E+01  -2.8849216E+01  -3.1197163E+01  -3.5000000E+01  -3.5000000E+01  -3.5000000E+01  -3.5000000E+01  -3.5000000E+01  -3.5000000E+01  -3.5000000E+01  -3.5000000E+01  -3.5000000E+01  -3.5000000E+01  -3.5000000E+01  -3.5000000E+01
  -3.5000000E+01  -3.5000000E+01  -3.5000000E+01  -3.5000000E+01  -3.5000000E+01  -3.5000000E+01  -3.5000000E+01  -3.2382324E+01  -2.9053276E+01  -2.6054806E+01  -2.3499969E+01  -2.1222034E+01  -1.9071360E+01  -1.7003975E+01  -1.4987226E+01  -1.2996143E+01  -1.1009633E+01  -9.0080614E+00  -6.9780941E+00  -4.9127684E+00  -2.8016543E+00  -6.2820506E-01   1.5967175E+00   3.8940017E+00   6.2862902E+00   8.7431335E+00   1.1247808E+01   1.3748854E+01   1.6289717E+01   1.8802477E+01   2.1240141E+01   2.3555515E+01   2.5685577E+01   2.7334488E+01   2.8823389E+01   3.0033802E+01   3.1017540E+01   3.1862486E+01   3.2566093E+01   3.3147873E+01   3.3550331E+01   3.3469910E+01   3.2058651E+01   2.7256056E+01  -3.5000000E+01  -3.5000000E+01  -3.5000000E+01  -3.5000000E+01  -3.5000000E+01  -3.5000000E+01  -3.5000000E+01  -3.5000000E+01  -3.5000000E+01  -3.5000000E+01  -3.5000000E+01  -3.5000000E+01  -3.5000000E+01  -3.5000000E+01  -3.5000000E+01  -3.5000000E+01  -3.5000000E+01  -3.5000000E+01  -3.5000000E+01  -3.5000000E+01  -3.5000000E+01  -3.5000000E+01  -3.5000000E+01  -3.5000000E+01  -3.5000000E+01  -3.5000000E+01  -3.5000000E+01  -3.5000000E+01  -3.5000000E+01  -3.5000000E+01  -3.5000000E+01  -3.5000000E+01  -3.5000000E+01  -3.5000000E+01  -3.4189022E+01  -3.4188484E+01  -3.4394859E+01  -3.2499043E+01  -2.9960590E+01  -2.8495344E+01  -2.9098970E+01  -2.8879311E+01  -3.0255262E+01  -3.2640617E+01  -3.5000000E+01  -3.5000000E+01  -3.5000000E+01  -3.5000000E+01  -3.5000000E+01  -3.5000000E+01  -3.5000000E+01  -3.5000000E+01  -3.5000000E+01  -3.5000000E+01  -3.5000000E+01  -3.5000000E+01
  -3.5000000E+01  -3.5000000E+01  -3.5000000E+01  -3.5000000E+01  -3.5000000E+01  -3.5000000E+01  -3.5000000E+01  -3.1986303E+01  -2.8705523E+01  -2.5722771E+01  -2.3158360E+01  -2.0855909E+01  -1.8673048E+01  -1.6566334E+01  -1.4503178E+01  -1.2458327E+01  -1.0410000E+01  -8.3380833E+00  -6.2288833E+00  -4.0752873E+00  -1.8647612E+00   4.1966629E-01   2.7647548E+00   5.1974354E+00   7.7385621E+00   1.0346659E+01   1.2998658E+01   1.5632316E+01   1.8289021E+01   2.0875830E+01   2.3326614E+01   2.5581400E+01   2.7573013E+01   2.9016388E+01   3.0299761E+01   3.1333736E+01   3.2211239E+01   3.2937046E+01   3.3533138E+01   3.3924198E+01   3.3764767E+01   3.2102001E+01   2.6372635E+01  -3.5000000E+01  -3.5000000E+01  -3.5000000E+01  -3.5000000E+01  -3.5000000E+01  -3.5000000E+01  -3.5000000E+01  -3.5000000E+01  -3.5000000E+01  -3.5000000E+01  -3.5000000E+01  -3.5000000E+01  -3.5000000E+01  -3.5000000E+01  -3.5000000E+01  -3.5000000E+01  -3.5000000E+01  -3.5000000E+01  -3.5000000E+01  -3.5000000E+01  -3.5000000E+01  -3.5000000E+01  -3.5000000E+01  -3.5000000E+01  -3.5000000E+01  -3.5000000E+01  -3.5000000E+01  -3.5000000E+01  -3.5000000E+01  -3.5000000E+01  -3.5000000E+01  -3.5000000E+01  -3.5000000E+01  -3.5000000E+01  -3.5000000E+01  -3.5000000E+01  -3.5000000E+01  -3.5000000E+01  -3.4210308E+01  -3.1584175E+01  -3.0062807E+01  -3.0549784E+01  -3.0269222E+01  -3.1616449E+01  -3.4036877E+01  -3.5000000E+01  -3.5000000E+01  -3.5000000E+01  -3.5000000E+01  -3.5000000E+01  -3.5000000E+01  -3.5000000E+01  -3.5000000E+01  -3.5000000E+01  -3.5000000E+01  -3.5000000E+01  -3.5000000E+01
  -3.5000000E+01  -3.5000000E+01  -3.5000000E+01  -3.5000000E+01  -3.5000000E+01  -3.5000000E+01  -3.4695351E+01  -3.1595119E+01  -2.8359764E+01  -2.5391150E+01  -2.2815956E+01  -2.0487772E+01  -1.8271214E+01  -1.6123297E+01  -1.4011399E+01  -1.1909877E+01  -9.7961178E+00  -7.6494489E+00  -5.4556847E+00  -3.2073805E+00  -8.8956976E-01   1.5151953E+00   3.9913540E+00   6.5721354E+00   9.2748671E+00   1.2044021E+01   1.4846923E+01   1.7606052E+01   2.0355375E+01   2.2971985E+01   2.5373146E+01   2.7497488E+01   2.9290197E+01   3.0504288E+01   3.1603605E+01   3.2525730E+01   3.3282097E+01   3.3895966E+01   3.4278069E+01   3.4024311E+01   3.2037663E+01   2.4795141E+01  -3.5000000E+01  -3.5000000E+01  -3.5000000E+01  -3.5000000E+01  -3.5000000E+01  -3.5000000E+01  -3.5000000E+01  -3.5000000E+01  -3.5000000E+01  -3.5000000E+01  -3.5000000E+01  -3.5000000E+01  -3.5000000E+01  -3.5000000E+01  -3.5000000E+01  -3.5000000E+01  -3.5000000E+01  -3.5000000E+01  -3.5000000E+01  -3.5000000E+01  -3.5000000E+01  -3.5000000E+01  -3.5000000E+01  -3.5000000E+01  -3.5000000E+01  -3.5000000E+01  -3.5000000E+01  -3.5000000E+01  -3.5000000E+01  -3.5000000E+01  -3.5000000E+01  -3.5000000E+01  -3.5000000E+01  -3.5000000E+01  -3.5000000E+01  -3.5000000E+01  -3.5000000E+01  -3.5000000E+01  -3.5000000E+01  -3.5000000E+01  -3.3134598E+01  -3.1565571E+01  -3.1946112E+01  -3.1614227E+01  -3.2937389E+01  -3.5000000E+01  -3.5000000E+01  -3.5000000E+01  -3.5000000E+01  -3.5000000E+01  -3.5000000E+01  -3.5000000E+01  -3.5000000E+01  -3.5000000E+01  -3.5000000E+01  -3.5000000E+01  -3.5000000E+01  -3.5000000E+01
  -3.5000000E+01  -3.5000000E+01  -3.5000000E+01  -3.5000000E+01  -3.5000000E+01  -3.5000000E+01  -3.4246944E+01  -3.1208281E+01  -2.8015585E+01  -2.5059504E+01  -2.2472277E+01  -2.0117060E+01  -1.7865191E+01  -1.5674042E+01  -1.3510871E+01  -1.1349491E+01  -9.1663036E+00  -6.9399657E+00  -4.6556244E+00  -2.3052619E+00   1.2891293E-01   2.6649191E+00   5.2849121E+00   8.0283070E+00   1.0906228E+01   1.3844671E+01   1.6796251E+01   1.9661926E+01   2.2463039E+01   2.5046803E+01   2.7325005E+01   2.9252449E+01   3.0817270E+01   3.1824581E+01   3.2804176E+01   3.3600803E+01   3.4237289E+01   3.4606052E+01   3.4240662E+01   3.1858269E+01   2.1547148E+01  -3.5000000E+01  -3.5000000E+01  -3.5000000E+01  -3.5000000E+01  -3.5000000E+01  -3.5000000E+01  -3.5000000E+01  -3.5000000E+01  -3.5000000E+01  -3.5000000E+01  -3.5000000E+01  -3.5000000E+01  -3.5000000E+01  -3.5000000E+01  -3.5000000E+01  -3.5000000E+01  -3.5000000E+01  -3.5000000E+01  -3.5000000E+01  -3.5000000E+01  -3.5000000E+01  -3.5000000E+01  -3.5000000E+01  -3.5000000E+01  -3.5000000E+01  -3.5000000E+01  -3.5000000E+01  -3.5000000E+01  -3.5000000E+01  -3.5000000E+01  -3.5000000E+01  -3.5000000E+01  -3.5000000E+01  -3.5000000E+01  -3.5000000E+01  -3.5000000E+01  -3.5000000E+01  -3.5000000E+01  -3.5000000E+01  -3.5000000E+01  -3.5000000E+01  -3.4619350E+01  -3.3009876E+01  -3.3293228E+01  -3.2918621E+01  -3.4222073E+01  -3.5000000E+01  -3.5000000E+01  -3.5000000E+01  -3.5000000E+01  -3.5000000E+01  -3.5000000E+01  -3.5000000E+01  -3.5000000E+01  -3.5000000E+01  -3.5000000E+01  -3.5000000E+01  -3.5000000E+01  -3.5000000E+01
  -3.5000000E+01  -3.5000000E+01  -3.5000000E+01  -3.5000000E+01  -3.5000000E+01  -3.5000000E+01  -3.3809147E+01  -3.0825315E+01  -2.7672575E+01  -2.4727407E+01  -2.2126835E+01  -1.9743204E+01  -1.7454285E+01  -1.5217715E+01  -1.3000500E+01  -1.0775752E+01  -8.5186882E+00  -6.2071543E+00  -3.8253903E+00  -1.3644845E+00   1.1966554E+00   3.8767629E+00   6.6556244E+00   9.5780401E+00   1.2644691E+01   1.5756495E+01   1.8843925E+01   2.1779654E+01   2.4571295E+01   2.7045708E+01   2.9129320E+01   3.0823656E+01   3.2174137E+01   3.3043758E+01   3.3890823E+01   3.4555794E+01   3.4907867E+01   3.4413792E+01   3.1601088E+01  -3.5000000E+01  -3.5000000E+01  -3.5000000E+01  -3.5000000E+01  -3.5000000E+01  -3.5000000E+01  -3.5000000E+01  -3.5000000E+01  -3.5000000E+01  -3.5000000E+01  -3.5000000E+01  -3.5000000E+01  -3.5000000E+01  -3.5000000E+01  -3.5000000E+01  -3.5000000E+01  -3.5000000E+01  -3.5000000E+01  -3.5000000E+01  -3.5000000E+01  -3.5000000E+01  -3.5000000E+01  -3.5000000E+01  -3.5000000E+01  -3.5000000E+01  -3.5000000E+01  -3.5000000E+01  -3.5000000E+01  -3.5000000E+01  -3.5000000E+01  -3.5000000E+01  -3.5000000E+01  -3.5000000E+01  -3.5000000E+01  -3.5000000E+01  -3.5000000E+01  -3.5000000E+01  -3.5000000E+01  -3.5000000E+01  -3.5000000E+01  -3.5000000E+01  -3.5000000E+01  -3.5000000E+01  -3.5000000E+01  -3.4401253E+01  -3.4595894E+01  -3.4186234E+01  -3.5000000E+01  -3.5000000E+01  -3.5000000E+01  -3.5000000E+01  -3.5000000E+01  -3.5000000E+01  -3.5000000E+01  -3.5000000E+01  -3.5000000E+01  -3.5000000E+01  -3.5000000E+01  -3.5000000E+01  -3.5000000E+01  -3.5000000E+01
  -3.5000000E+01  -3.5000000E+01  -3.5000000E+01  -3.5000000E+01  -3.5000000E+01  -3.5000000E+01  -3.3380638E+01  -3.0445774E+01  -2.7330341E+01  -2.4394440E+01  -2.1779148E+01  -1.9365622E+01  -1.7037779E+01  -1.4753407E+01  -1.2479107E+01  -1.0187097E+01  -7.8511729E+00  -5.4481735E+00  -2.9611089E+00  -3.7974045E-01   2.3209186E+00   5.1604824E+00   8.1159544E+00   1.1235411E+01   1.4502290E+01   1.7782747E+01   2.0976084E+01   2.3923271E+01   2.6626780E+01   2.8914387E+01   3.0756182E+01   3.2221199E+01   3.3390087E+01   3.4149807E+01   3.4848717E+01   3.5183273E+01   3.4563175E+01   3.1461168E+01  -3.5000000E+01  -3.5000000E+01  -3.5000000E+01  -3.5000000E+01  -3.5000000E+01  -3.5000000E+01  -3.5000000E+01  -3.5000000E+01  -3.5000000E+01  -3.5000000E+01  -3.5000000E+01  -3.5000000E+01  -3.5000000E+01  -3.5000000E+01  -3.5000000E+01  -3.5000000E+01  -3.5000000E+01  -3.5000000E+01  -3.5000000E+01  -3.5000000E+01  -3.5000000E+01  -3.5000000E+01  -3.5000000E+01  -3.5000000E+01  -3.5000000E+01  -3.5000000E+01  -3.5000000E+01  -3.5000000E+01  -3.5000000E+01  -3.5000000E+01  -3.5000000E+01  -3.5000000E+01  -3.5000000E+01  -3.5000000E+01  -3.5000000E+01  -3.5000000E+01  -3.5000000E+01  -3.5000000E+01  -3.5000000E+01  -3.5000000E+01  -3.5000000E+01  -3.5000000E+01  -3.5000000E+01  -3.5000000E+01  -3.5000000E+01  -3.5000000E+01  -3.5000000E+01  -3.5000000E+01  -3.5000000E+01  -3.5000000E+01  -3.5000000E+01  -3.5000000E+01  -3.5000000E+01  -3.5000000E+01  -3.5000000E+01  -3.5000000E+01  -3.5000000E+01  -3.5000000E+01  -3.5000000E+01  -3.5000000E+01  -3.5000000E+01  -3.5000000E+01
  -3.5000000E+01  -3.5000000E+01  -3.5000000E+01  -3.5000000E+01  -3.5000000E+01  -3.5000000E+01  -3.2960278E+01  -3.0069218E+01  -2.6988497E+01  -2.4060179E+01  -2.1428724E+01  -1.8983713E+01  -1.6614920E+01  -1.4280142E+01  -1.1945401E+01  -9.5817804E+00  -7.1613684E+00  -4.6597180E+00  -2.0581727E+00   6.5542519E-01   3.5107012E+00   6.5282564E+00   9.6811028E+00   1.3016073E+01   1.6488564E+01   1.9917154E+01   2.3162886E+01   2.6041733E+01   2.8572803E+01   3.0613827E+01   3.2216148E+01   3.3505707E+01   3.4494019E+01   3.5114925E+01   3.5428154E+01   3.4666996E+01   3.1225697E+01  -3.5000000E+01  -3.5000000E+01  -3.5000000E+01  -3.5000000E+01  -3.5000000E+01  -3.5000000E+01  -3.5000000E+01  -3.5000000E+01  -3.5000000E+01  -3.5000000E+01  -3.5000000E+01  -3.5000000E+01  -3.5000000E+01  -3.5000000E+01  -3.5000000E+01  -3.5000000E+01  -3.5000000E+01  -3.5000000E+01  -3.5000000E+01  -3.5000000E+01  -3.5000000E+01  -3.5000000E+01  -3.5000000E+01  -3.5000000E+01  -3.5000000E+01  -3.5000000E+01  -3.5000000E+01  -3.5000000E+01  -3.5000000E+01  -3.5000000E+01  -3.5000000E+01  -3.5000000E+01  -3.5000000E+01  -3.5000000E+01  -3.5000000E+01  -3.5000000E+01  -3.5000000E+01  -3.5000000E+01  -3.5000000E+01  -3.5000000E+01  -3.5000000E+01  -3.5000000E+01  -3.5000000E+01  -3.5000000E+01  -3.5000000E+01  -3.5000000E+01  -3.5000000E+01  -3.5000000E+01  -3.5000000E+01  -3.5000000E+01  -3.5000000E+01  -3.5000000E+01  -3.5000000E+01  -3.5000000E+01  -3.5000000E+01  -3.5000000E+01  -3.5000000E+01  -3.5000000E+01  -3.5000000E+01  -3.5000000E+01  -3.5000000E+01  -3.5000000E+01  -3.5000000E+01
  -3.5000000E+01  -3.5000000E+01  -3.5000000E+01  -3.5000000E+01  -3.5000000E+01  -3.5000000E+01  -3.2547066E+01  -2.9695223E+01  -2.6646654E+01  -2.3724201E+01  -2.1075062E+01  -1.8596853E+01  -1.6184908E+01  -1.3796868E+01  -1.1397956E+01  -8.9578342E+00  -6.4465141E+00  -3.8378816E+00  -1.1110008E+00   1.7490219E+00   4.7773728E+00   7.9954343E+00   1.1369261E+01   1.4935622E+01   1.8605896E+01   2.2137869E+01   2.5356627E+01   2.8075556E+01   3.0362383E+01   3.2148457E+01   3.3562752E+01   3.4666245E+01   3.5451973E+01   3.5653858E+01   3.4709480E+01   3.0831171E+01  -3.5000000E+01  -3.5000000E+01  -3.5000000E+01  -3.5000000E+01  -3.5000000E+01  -3.5000000E+01  -3.5000000E+01  -3.5000000E+01  -3.5000000E+01  -3.5000000E+01  -3.5000000E+01  -3.5000000E+01  -3.5000000E+01  -3.5000000E+01  -3.5000000E+01  -3.5000000E+01  -3.5000000E+01  -3.5000000E+01  -3.5000000E+01  -3.5000000E+01  -3.5000000E+01  -3.5000000E+01  -3.5000000E+01  -3.5000000E+01  -3.5000000E+01  -3.5000000E+01  -3.5000000E+01  -3.5000000E+01  -3.5000000E+01  -3.5000000E+01  -3.5000000E+01  -3.5000000E+01  -3.5000000E+01  -3.5000000E+01  -3.5000000E+01  -3.5000000E+01  -3.5000000E+01  -3.5000000E+01  -3.5000000E+01  -3.5000000E+01  -3.5000000E+01  -3.5000000E+01  -3.5000000E+01  -3.5000000E+01  -3.5000000E+01  -3.5000000E+01  -3.5000000E+01  -3.5000000E+01  -3.5000000E+01  -3.5000000E+01  -3.5000000E+01  -3.5000000E+01  -3.5000000E+01  -3.5000000E+01  -3.5000000E+01  -3.5000000E+01  -3.5000000E+01  -3.5000000E+01  -3.5000000E+01  -3.5000000E+01  -3.5000000E+01  -3.5000000E+01  -3.5000000E+01  -3.5000000E+01
  -3.5000000E+01  -3.5000000E+01  -3.5000000E+01  -3.5000000E+01  -3.5000000E+01  -3.5000000E+01  -3.2140114E+01  -2.9323374E+01  -2.6304430E+01  -2.3386076E+01  -2.0717638E+01  -1.8204386E+01  -1.5746881E+01  -1.3302429E+01  -1.0835174E+01  -8.3130026E+00  -5.7033753E+00  -2.9779634E+00  -1.1269052E-01   2.9112136E+00   6.1355600E+00   9.5813475E+00   1.3201018E+01   1.7005682E+01   2.0842648E+01   2.4403091E+01   2.7496506E+01   2.9972725E+01   3.1989111E+01   3.3564941E+01   3.4780567E+01   3.5677929E+01   3.6027679E+01   3.4945747E+01   3.0207775E+01  -3.5000000E+01  -3.5000000E+01  -3.5000000E+01  -3.5000000E+01  -3.5000000E+01  -3.5000000E+01  -3.5000000E+01  -3.5000000E+01  -3.5000000E+01  -3.5000000E+01  -3.5000000E+01  -3.5000000E+01  -3.5000000E+01  -3.5000000E+01  -3.5000000E+01  -3.5000000E+01  -3.5000000E+01  -3.5000000E+01  -3.5000000E+01  -3.5000000E+01  -3.5000000E+01  -3.5000000E+01  -3.5000000E+01  -3.5000000E+01  -3.5000000E+01  -3.5000000E+01  -3.5000000E+01  -3.5000000E+01  -3.5000000E+01  -3.5000000E+01  -3.5000000E+01  -3.5000000E+01  -3.5000000E+01  -3.5000000E+01  -3.5000000E+01  -3.5000000E+01  -3.5000000E+01  -3.5000000E+01  -3.5000000E+01  -3.5000000E+01  -3.5000000E+01  -3.5000000E+01  -3.5000000E+01  -3.5000000E+01  -3.5000000E+01  -3.5000000E+01  -3.5000000E+01  -3.5000000E+01  -3.5000000E+01  -3.5000000E+01  -3.5000000E+01  -3.5000000E+01  -3.5000000E+01  -3.5000000E+01  -3.5000000E+01  -3.5000000E+01  -3.5000000E+01  -3.5000000E+01  -3.5000000E+01  -3.5000000E+01  -3.5000000E+01  -3.5000000E+01  -3.5000000E+01  -3.5000000E+01  -3.5000000E+01
  -3.5000000E+01  -3.5000000E+01  -3.5000000E+01  -3.5000000E+01  -3.5000000E+01  -3.5000000E+01  -3.1738630E+01  -2.8953262E+01  -2.5961439E+01  -2.3045366E+01  -2.0355915E+01  -1.7805609E+01  -1.5299909E+01  -1.2795539E+01  -1.0255243E+01  -7.6446676E+00  -4.9280930E+00  -2.0741904E+00   9.4550192E-01   4.1552110E+00   7.6043315E+00   1.1309797E+01   1.5196785E+01   1.9226891E+01   2.3166306E+01   2.6653095E+01   2.9522532E+01   3.1703953E+01   3.3461590E+01   3.4847378E+01   3.5857647E+01   3.6426041E+01   3.6123878E+01   3.4134193E+01   2.9197817E+01  -3.5000000E+01  -3.5000000E+01  -3.5000000E+01  -3.5000000E+01  -3.5000000E+01  -3.5000000E+01  -3.5000000E+01  -3.5000000E+01  -3.5000000E+01  -3.5000000E+01  -3.5000000E+01  -3.5000000E+01  -3.5000000E+01  -3.5000000E+01  -3.5000000E+01  -3.5000000E+01  -3.5000000E+01  -3.5000000E+01  -3.5000000E+01  -3.5000000E+01  -3.5000000E+01  -3.5000000E+01  -3.5000000E+01  -3.5000000E+01  -3.5000000E+01  -3.5000000E+01  -3.5000000E+01  -3.5000000E+01  -3.5000000E+01  -3.5000000E+01  -3.5000000E+01  -3.5000000E+01  -3.5000000E+01  -3.5000000E+01  -3.5000000E+01  -3.5000000E+01  -3.5000000E+01  -3.5000000E+01  -3.5000000E+01  -3.5000000E+01  -3.5000000E+01  -3.5000000E+01  -3.5000000E+01  -3.5000000E+01  -3.5000000E+01  -3.5000000E+01  -3.5000000E+01  -3.5000000E+01  -3.5000000E+01  -3.5000000E+01  -3.5000000E+01  -3.5000000E+01  -3.5000000E+01  -3.5000000E+01  -3.5000000E+01  -3.5000000E+01  -3.5000000E+01  -3.5000000E+01  -3.5000000E+01  -3.5000000E+01  -3.5000000E+01  -3.5000000E+01  -3.5000000E+01  -3.5000000E+01  -3.5000000E+01
  -3.5000000E+01  -3.5000000E+01  -3.5000000E+01  -3.5000000E+01  -3.5000000E+01  -3.5000000E+01  -3.1341887E+01  -2.8584486E+01  -2.5617289E+01  -2.2701614E+01  -1.9989323E+01  -1.7399775E+01  -1.4842970E+01  -1.2274760E+01  -9.6560860E+00  -6.9497371E+00  -4.1159730E+00  -1.1192982E+00   2.0749586E+00   5.4985914E+00   9.2085581E+00   1.3208205E+01   1.7370642E+01   2.1579844E+01   2.5521603E+01   2.8821552E+01   3.1393581E+01   3.3278687E+01   3.4828598E+01   3.5998245E+01   3.6742714E+01   3.6862076E+01   3.5905037E+01   3.3288635E+01   2.8222178E+01  -3.5000000E+01  -3.5000000E+01  -3.5000000E+01  -3.5000000E+01  -3.5000000E+01  -3.5000000E+01  -3.5000000E+01  -3.5000000E+01  -3.5000000E+01  -3.5000000E+01  -3.5000000E+01  -3.5000000E+01  -3.5000000E+01  -3.5000000E+01  -3.5000000E+01  -3.5000000E+01  -3.5000000E+01  -3.5000000E+01  -3.5000000E+01  -3.5000000E+01  -3.5000000E+01  -3.5000000E+01  -3.5000000E+01  -3.5000000E+01  -3.5000000E+01  -3.5000000E+01  -3.5000000E+01  -3.5000000E+01  -3.5000000E+01  -3.5000000E+01  -3.5000000E+01  -3.5000000E+01  -3.5000000E+01  -3.5000000E+01  -3.5000000E+01  -3.5000000E+01  -3.5000000E+01  -3.5000000E+01  -3.5000000E+01  -3.5000000E+01  -3.5000000E+01  -3.5000000E+01  -3.5000000E+01  -3.5000000E+01  -3.5000000E+01  -3.5000000E+01  -3.5000000E+01  -3.5000000E+01  -3.5000000E+01  -3.5000000E+01  -3.5000000E+01  -3.5000000E+01  -3.5000000E+01  -3.5000000E+01  -3.5000000E+01  -3.5000000E+01  -3.5000000E+01  -3.5000000E+01  -3.5000000E+01  -3.5000000E+01  -3.5000000E+01  -3.5000000E+01  -3.5000000E+01  -3.5000000E+01  -3.5000000E+01
  -3.5000000E+01  -3.5000000E+01  -3.5000000E+01  -3.5000000E+01  -3.5000000E+01  -3.4405258E+01  -3.0949221E+01  -2.8216639E+01  -2.5271582E+01  -2.2354351E+01  -1.9617254E+01  -1.6986069E+01  -1.4374930E+01  -1.1738461E+01  -9.0352755E+00  -6.2244973E+00  -3.2611747E+00  -1.0388486E-01   3.2909477E+00   6.9651580E+00   1.0979823E+01   1.5303493E+01   1.9720110E+01   2.4018644E+01   2.7838306E+01   3.0853724E+01   3.3103851E+01   3.4740395E+01   3.6066200E+01   3.6993900E+01   3.7391331E+01   3.7005905E+01   3.5483746E+01   3.2453892E+01   2.7289574E+01  -3.5000000E+01  -3.5000000E+01  -3.5000000E+01  -3.5000000E+01  -3.5000000E+01  -3.5000000E+01  -3.5000000E+01  -3.5000000E+01  -3.5000000E+01  -3.5000000E+01  -3.5000000E+01  -3.5000000E+01  -3.5000000E+01  -3.5000000E+01  -3.5000000E+01  -3.5000000E+01  -3.5000000E+01  -3.5000000E+01  -3.5000000E+01  -3.5000000E+01  -3.5000000E+01  -3.5000000E+01  -3.5000000E+01  -3.5000000E+01  -3.5000000E+01  -3.5000000E+01  -3.5000000E+01  -3.5000000E+01  -3.5000000E+01  -3.5000000E+01  -3.5000000E+01  -3.5000000E+01  -3.5000000E+01  -3.5000000E+01  -3.5000000E+01  -3.5000000E+01  -3.5000000E+01  -3.5000000E+01  -3.5000000E+01  -3.5000000E+01  -3.5000000E+01  -3.5000000E+01  -3.5000000E+01  -3.5000000E+01  -3.5000000E+01  -3.5000000E+01  -3.5000000E+01  -3.5000000E+01  -3.5000000E+01  -3.5000000E+01  -3.5000000E+01  -3.5000000E+01  -3.5000000E+01  -3.5000000E+01  -3.5000000E+01  -3.5000000E+01  -3.5000000E+01  -3.5000000E+01  -3.5000000E+01  -3.5000000E+01  -3.5000000E+01  -3.5000000E+01  -3.5000000E+01  -3.5000000E+01  -3.5000000E+01
  -3.5000000E+01  -3.5000000E+01  -3.5000000E+01  -3.5000000E+01  -3.5000000E+01  -3.3760651E+01  -3.0560019E+01  -2.7849316E+01  -2.4923906E+01  -2.2003078E+01  -1.9239061E+01  -1.6563602E+01  -1.3894524E+01  -1.1184765E+01  -8.3899393E+00  -5.4643879E+00  -2.3562226E+00   9.8463303E-01   4.6145725E+00   8.5871983E+00   1.2955138E+01   1.7612520E+01   2.2215046E+01   2.6473721E+01   3.0048244E+01   3.2720184E+01   3.4659489E+01   3.6070915E+01   3.7167103E+01   3.7799221E+01   3.7785557E+01   3.6905098E+01   3.4943287E+01   3.1657475E+01   2.6401873E+01  -3.5000000E+01  -3.5000000E+01  -3.5000000E+01  -3.5000000E+01  -3.5000000E+01  -3.5000000E+01  -3.5000000E+01  -3.5000000E+01  -3.5000000E+01  -3.5000000E+01  -3.5000000E+01  -3.5000000E+01  -3.5000000E+01  -3.5000000E+01  -3.5000000E+01  -3.5000000E+01  -3.5000000E+01  -3.5000000E+01  -3.5000000E+01  -3.5000000E+01  -3.5000000E+01  -3.5000000E+01  -3.5000000E+01  -3.5000000E+01  -3.5000000E+01  -3.5000000E+01  -3.5000000E+01  -3.5000000E+01  -3.5000000E+01  -3.5000000E+01  -3.5000000E+01  -3.5000000E+01  -3.5000000E+01  -3.5000000E+01  -3.5000000E+01  -3.5000000E+01  -3.5000000E+01  -3.5000000E+01  -3.5000000E+01  -3.5000000E+01  -3.5000000E+01  -3.5000000E+01  -3.5000000E+01  -3.5000000E+01  -3.5000000E+01  -3.5000000E+01  -3.5000000E+01  -3.5000000E+01  -3.5000000E+01  -3.5000000E+01  -3.5000000E+01  -3.5000000E+01  -3.5000000E+01  -3.5000000E+01  -3.5000000E+01  -3.5000000E+01  -3.5000000E+01  -3.5000000E+01  -3.5000000E+01  -3.5000000E+01  -3.5000000E+01  -3.5000000E+01  -3.5000000E+01  -3.5000000E+01  -3.5000000E+01
  -3.5000000E+01  -3.5000000E+01  -3.5000000E+01  -3.5000000E+01  -3.5000000E+01  -3.3172680E+01  -3.0173700E+01  -2.7482111E+01  -2.4573833E+01  -2.1647270E+01  -1.8854046E+01  -1.6131392E+01  -1.3400311E+01  -1.0611479E+01  -7.7166018E+00  -4.6636629E+00  -1.3912202E+00   2.1637444E+00   6.0756822E+00   1.0407120E+01   1.5170316E+01   2.0127579E+01   2.4793377E+01   2.8866209E+01   3.2102089E+01   3.4417686E+01   3.6078068E+01   3.7273914E+01   3.8106724E+01   3.8384926E+01   3.7933769E+01   3.6616436E+01   3.4345760E+01   3.0914228E+01   2.5556808E+01  -3.5000000E+01  -3.5000000E+01  -3.5000000E+01  -3.5000000E+01  -3.5000000E+01  -3.5000000E+01  -3.5000000E+01  -3.5000000E+01  -3.5000000E+01  -3.5000000E+01  -3.5000000E+01  -3.5000000E+01  -3.5000000E+01  -3.5000000E+01  -3.5000000E+01  -3.5000000E+01  -3.5000000E+01  -3.5000000E+01  -3.5000000E+01  -3.5000000E+01  -3.5000000E+01  -3.5000000E+01  -3.5000000E+01  -3.5000000E+01  -3.5000000E+01  -3.5000000E+01  -3.5000000E+01  -3.5000000E+01  -3.5000000E+01  -3.5000000E+01  -3.5000000E+01  -3.5000000E+01  -3.5000000E+01  -3.5000000E+01  -3.5000000E+01  -3.5000000E+01  -3.5000000E+01  -3.5000000E+01  -3.5000000E+01  -3.5000000E+01  -3.5000000E+01  -3.5000000E+01  -3.5000000E+01  -3.5000000E+01  -3.5000000E+01  -3.5000000E+01  -3.5000000E+01  -3.5000000E+01  -3.5000000E+01  -3.5000000E+01  -3.5000000E+01  -3.5000000E+01  -3.5000000E+01  -3.5000000E+01  -3.5000000E+01  -3.5000000E+01  -3.5000000E+01  -3.5000000E+01  -3.5000000E+01  -3.5000000E+01  -3.5000000E+01  -3.5000000E+01  -3.5000000E+01  -3.5000000E+01  -3.5000000E+01
  -3.5000000E+01  -3.5000000E+01  -3.5000000E+01  -3.5000000E+01  -3.5000000E+01  -3.2627495E+01  -2.9789719E+01  -2.7114607E+01  -2.4220921E+01  -2.1286366E+01  -1.8461439E+01  -1.5688336E+01  -1.2890635E+01  -1.0016001E+01  -7.0109668E+00  -3.8148456E+00  -3.5251403E-01   3.4587069E+00   7.7166166E+00   1.2475513E+01   1.7645111E+01   2.2803688E+01   2.7370386E+01   3.1127825E+01   3.3978893E+01   3.5961823E+01   3.7371834E+01   3.8334831E+01   3.8854568E+01   3.8737991E+01   3.7863991E+01   3.6196369E+01   3.3736225E+01   3.0230057E+01   2.4749378E+01  -3.5000000E+01  -3.5000000E+01  -3.5000000E+01  -3.5000000E+01  -3.5000000E+01  -3.5000000E+01  -3.5000000E+01  -3.5000000E+01  -3.5000000E+01  -3.5000000E+01  -3.5000000E+01  -3.5000000E+01  -3.5000000E+01  -3.5000000E+01  -3.5000000E+01  -3.5000000E+01  -3.5000000E+01  -3.5000000E+01  -3.5000000E+01  -3.5000000E+01  -3.5000000E+01  -3.5000000E+01  -3.5000000E+01  -3.5000000E+01  -3.5000000E+01  -3.5000000E+01  -3.5000000E+01  -3.5000000E+01  -3.5000000E+01  -3.5000000E+01  -3.5000000E+01  -3.5000000E+01  -3.5000000E+01  -3.5000000E+01  -3.5000000E+01  -3.5000000E+01  -3.5000000E+01  -3.5000000E+01  -3.5000000E+01  -3.5000000E+01  -3.5000000E+01  -3.5000000E+01  -3.5000000E+01  -3.5000000E+01  -3.5000000E+01  -3.5000000E+01  -3.5000000E+01  -3.5000000E+01  -3.5000000E+01  -3.5000000E+01  -3.5000000E+01  -3.5000000E+01  -3.5000000E+01  -3.5000000E+01  -3.5000000E+01  -3.5000000E+01  -3.5000000E+01  -3.5000000E+01  -3.5000000E+01  -3.5000000E+01  -3.5000000E+01  -3.5000000E+01  -3.5000000E+01  -3.5000000E+01  -3.5000000E+01
  -3.5000000E+01  -3.5000000E+01  -3.5000000E+01  -3.5000000E+01  -3.5000000E+01  -3.2115273E+01  -2.9407543E+01  -2.6746376E+01  -2.3864695E+01  -2.0919758E+01  -1.8060398E+01  -1.5233190E+01  -1.2363569E+01  -9.3951740E+00  -6.2675605E+00  -2.9077985E+00   7.7965230E-01   4.9071002E+00   9.5951595E+00   1.4840376E+01   2.0362856E+01   2.5558556E+01   2.9858486E+01   3.3213913E+01   3.5684303E+01   3.7371181E+01   3.8536419E+01   3.9226303E+01   3.9386623E+01   3.8864388E+01   3.7615993E+01   3.5695751E+01   3.3145775E+01   2.9604870E+01   2.3973248E+01  -3.5000000E+01  -3.5000000E+01  -3.5000000E+01  -3.5000000E+01  -3.5000000E+01  -3.5000000E+01  -3.5000000E+01  -3.5000000E+01  -3.5000000E+01  -3.5000000E+01  -3.5000000E+01  -3.5000000E+01  -3.5000000E+01  -3.5000000E+01  -3.5000000E+01  -3.5000000E+01  -3.5000000E+01  -3.5000000E+01  -3.5000000E+01  -3.5000000E+01  -3.5000000E+01  -3.5000000E+01  -3.5000000E+01  -3.5000000E+01  -3.5000000E+01  -3.5000000E+01  -3.5000000E+01  -3.5000000E+01  -3.5000000E+01  -3.5000000E+01  -3.5000000E+01  -3.5000000E+01  -3.5000000E+01  -3.5000000E+01  -3.5000000E+01  -3.5000000E+01  -3.5000000E+01  -3.5000000E+01  -3.5000000E+01  -3.5000000E+01  -3.5000000E+01  -3.5000000E+01  -3.5000000E+01  -3.5000000E+01  -3.5000000E+01  -3.5000000E+01  -3.5000000E+01  -3.5000000E+01  -3.5000000E+01  -3.5000000E+01  -3.5000000E+01  -3.5000000E+01  -3.5000000E+01  -3.5000000E+01  -3.5000000E+01  -3.5000000E+01  -3.5000000E+01  -3.5000000E+01  -3.5000000E+01  -3.5000000E+01  -3.5000000E+01  -3.5000000E+01  -3.5000000E+01  -3.5000000E+01  -3.5000000E+01
  -3.5000000E+01  -3.5000000E+01  -3.5000000E+01  -3.5000000E+01  -3.5000000E+01  -3.1628824E+01  -2.9026665E+01  -2.6376976E+01  -2.3504656E+01  -2.0546787E+01  -1.7649982E+01  -1.4764524E+01  -1.1816817E+01  -8.7450733E+00  -5.4791446E+00  -1.9280616E+00   2.0353062E+00   6.5650945E+00   1.1781566E+01   1.7523830E+01   2.3257057E+01   2.8290165E+01   3.2189857E+01   3.5112724E+01   3.7237492E+01   3.8652031E+01   3.9550388E+01   3.9919209E+01   3.9693340E+01   3.8786491E+01   3.7234127E+01   3.5157162E+01   3.2594357E+01   2.9034904E+01   2.3221748E+01  -3.5000000E+01  -3.5000000E+01  -3.5000000E+01  -3.5000000E+01  -3.5000000E+01  -3.5000000E+01  -3.5000000E+01  -3.5000000E+01  -3.5000000E+01  -3.5000000E+01  -3.5000000E+01  -3.5000000E+01  -3.5000000E+01  -3.5000000E+01  -3.5000000E+01  -3.5000000E+01  -3.5000000E+01  -3.5000000E+01  -3.5000000E+01  -3.5000000E+01  -3.5000000E+01  -3.5000000E+01  -3.5000000E+01  -3.5000000E+01  -3.5000000E+01  -3.5000000E+01  -3.5000000E+01  -3.5000000E+01  -3.5000000E+01  -3.5000000E+01  -3.5000000E+01  -3.5000000E+01  -3.5000000E+01  -3.5000000E+01  -3.5000000E+01  -3.5000000E+01  -3.5000000E+01  -3.5000000E+01  -3.5000000E+01  -3.5000000E+01  -3.5000000E+01  -3.5000000E+01  -3.5000000E+01  -3.5000000E+01  -3.5000000E+01  -3.5000000E+01  -3.5000000E+01  -3.5000000E+01  -3.5000000E+01  -3.5000000E+01  -3.5000000E+01  -3.5000000E+01  -3.5000000E+01  -3.5000000E+01  -3.5000000E+01  -3.5000000E+01  -3.5000000E+01  -3.5000000E+01  -3.5000000E+01  -3.5000000E+01  -3.5000000E+01  -3.5000000E+01  -3.5000000E+01  -3.5000000E+01  -3.5000000E+01
  -3.5000000E+01  -3.5000000E+01  -3.5000000E+01  -3.5000000E+01  -3.5000000E+01  -3.1162727E+01  -2.8646582E+01  -2.6005951E+01  -2.3140268E+01  -2.0166731E+01  -1.7229126E+01  -1.4280675E+01  -1.1247598E+01  -8.0606575E+00  -4.6356630E+00  -8.5371965E-01   3.4618776E+00   8.5128384E+00   1.4340680E+01   2.0493826E+01   2.6219244E+01   3.0902723E+01   3.4326881E+01   3.6839397E+01   3.8653305E+01   3.9791809E+01   4.0383533E+01   4.0393185E+01   3.9781994E+01   3.8537781E+01   3.6761818E+01   3.4614113E+01   3.2093597E+01   2.8517038E+01   2.2508869E+01  -3.5000000E+01  -3.5000000E+01  -3.5000000E+01  -3.5000000E+01  -3.5000000E+01  -3.5000000E+01  -3.5000000E+01  -3.5000000E+01  -3.5000000E+01  -3.5000000E+01  -3.5000000E+01  -3.5000000E+01  -3.5000000E+01  -3.5000000E+01  -3.5000000E+01  -3.5000000E+01  -3.5000000E+01  -3.5000000E+01  -3.5000000E+01  -3.5000000E+01  -3.5000000E+01  -3.5000000E+01  -3.5000000E+01  -3.5000000E+01  -3.5000000E+01  -3.5000000E+01  -3.5000000E+01  -3.5000000E+01  -3.5000000E+01  -3.5000000E+01  -3.5000000E+01  -3.5000000E+01  -3.5000000E+01  -3.5000000E+01  -3.5000000E+01  -3.5000000E+01  -3.5000000E+01  -3.5000000E+01  -3.5000000E+01  -3.5000000E+01  -3.5000000E+01  -3.5000000E+01  -3.5000000E+01  -3.5000000E+01  -3.5000000E+01  -3.5000000E+01  -3.5000000E+01  -3.5000000E+01  -3.5000000E+01  -3.5000000E+01  -3.5000000E+01  -3.5000000E+01  -3.5000000E+01  -3.5000000E+01  -3.5000000E+01  -3.5000000E+01  -3.5000000E+01  -3.5000000E+01  -3.5000000E+01  -3.5000000E+01  -3.5000000E+01  -3.5000000E+01  -3.5000000E+01  -3.5000000E+01  -3.5000000E+01
  -3.5000000E+01  -3.5000000E+01  -3.5000000E+01  -3.5000000E+01  -3.5000000E+01  -3.0712791E+01  -2.8266790E+01  -2.5632818E+01  -2.2770952E+01  -1.9778788E+01  -1.6796621E+01  -1.3779674E+01  -1.0652441E+01  -7.3351583E+00  -3.7222271E+00   3.5060576E-01   5.1348076E+00   1.0849792E+01   1.7294794E+01   2.3652807E+01   2.9128122E+01   3.3330223E+01   3.6267834E+01   3.8414783E+01   3.9929443E+01   4.0763336E+01   4.1008183E+01   4.0642830E+01   3.9674511E+01   3.8157051E+01   3.6238045E+01   3.4091499E+01   3.1649240E+01   2.8046574E+01   2.1828394E+01  -3.5000000E+01  -3.5000000E+01  -3.5000000E+01  -3.5000000E+01  -3.5000000E+01  -3.5000000E+01  -3.5000000E+01  -3.5000000E+01  -3.5000000E+01  -3.5000000E+01  -3.5000000E+01  -3.5000000E+01  -3.5000000E+01  -3.5000000E+01  -3.5000000E+01  -3.5000000E+01  -3.5000000E+01  -3.5000000E+01  -3.5000000E+01  -3.5000000E+01  -3.5000000E+01  -3.5000000E+01  -3.5000000E+01  -3.5000000E+01  -3.5000000E+01  -3.5000000E+01  -3.5000000E+01  -3.5000000E+01  -3.5000000E+01  -3.5000000E+01  -3.5000000E+01  -3.5000000E+01  -3.5000000E+01  -3.5000000E+01  -3.5000000E+01  -3.5000000E+01  -3.5000000E+01  -3.5000000E+01  -3.5000000E+01  -3.5000000E+01  -3.5000000E+01  -3.5000000E+01  -3.5000000E+01  -3.5000000E+01  -3.5000000E+01  -3.5000000E+01  -3.5000000E+01  -3.5000000E+01  -3.5000000E+01  -3.5000000E+01  -3.5000000E+01  -3.5000000E+01  -3.5000000E+01  -3.5000000E+01  -3.5000000E+01  -3.5000000E+01  -3.5000000E+01  -3.5000000E+01  -3.5000000E+01  -3.5000000E+01  -3.5000000E+01  -3.5000000E+01  -3.5000000E+01  -3.5000000E+01  -3.5000000E+01
