   0.0000000E+00   0.0000000E+00   0.0000000E+00   0.0000000E+00   0.0000000E+00   0.0000000E+00   0.0000000E+00   0.0000000E+00   0.0000000E+00   0.0000000E+00   0.0000000E+00   0.0000000E+00   0.0000000E+00   0.0000000E+00   0.0000000E+00   0.0000000E+00   0.0000000E+00   0.0000000E+00   0.0000000E+00   0.0000000E+00   0.0000000E+00   0.0000000E+00   0.0000000E+00   0.0000000E+00   0.0000000E+00   0.0000000E+00   0.0000000E+00   0.0000000E+00   0.0000000E+00   0.0000000E+00   0.0000000E+00   0.0000000E+00   0.0000000E+00   0.0000000E+00   0.0000000E+00   0.0000000E+00   0.0000000E+00   0.0000000E+00   0.0000000E+00   0.0000000E+00   0.0000000E+00   0.0000000E+00   0.0000000E+00   0.0000000E+00   0.0000000E+00   0.0000000E+00   0.0000000E+00   0.0000000E+00   0.0000000E+00   0.0000000E+00   0.0000000E+00   0.0000000E+00   0.0000000E+00   0.0000000E+00   0.0000000E+00   0.0000000E+00   0.0000000E+00   0.0000000E+00   0.0000000E+00   0.0000000E+00   0.0000000E+00   0.0000000E+00   0.0000000E+00   0.0000000E+00   0.0000000E+00   0.0000000E+00   0.0000000E+00   0.0000000E+00   0.0000000E+00   0.0000000E+00   0.0000000E+00   0.0000000E+00   0.0000000E+00   0.0000000E+00   0.0000000E+00   0.0000000E+00   0.0000000E+00   0.0000000E+00   0.0000000E+00   0.0000000E+00   0.0000000E+00   0.0000000E+00   0.0000000E+00   0.0000000E+00   0.0000000E+00   0.0000000E+00   0.0000000E+00   0.0000000E+00   0.0000000E+00   0.0000000E+00   0.0000000E+00   0.0000000E+00   0.0000000E+00   0.0000000E+00   0.0000000E+00   0.0000000E+00   0.0000000E+00   0.0000000E+00   0.0000000E+00   0.0000000E+00
  -3.5000000E+01  -3.5000000E+01  -3.5000000E+01  -3.5000000E+01  -3.5000000E+01  -3.5000000E+01  -3.5000000E+01  -2.5563938E+01  -1.9422104E+01  -1.5847188E+01  -1.3599277E+01  -1.2061413E+01  -1.0765077E+01  -9.6464033E+00  -8.6640644E+00  -7.7897773E+00  -7.0033412E+00  -6.2898254E+00  -5.6378875E+00  -5.0387096E+00  -4.4853058E+00  -3.9720476E+00  -3.4943376E+00  -3.0483727E+00  -2.6309748E+00  -2.2394607E+00  -1.8715476E+00  -1.5252779E+00  -1.1989619E+00  -8.9113247E-01  -6.0050893E-01  -3.2596773E-01  -6.6519134E-02   1.7871207E-01   4.1050258E-01   6.2954366E-01   8.3645236E-01   1.0317804E+00   1.2160224E+00   1.3896222E+00   1.5529788E+00   1.7064509E+00   1.8503615E+00   1.9850007E+00   2.1106300E+00   2.2274835E+00   2.3357716E+00   2.4356818E+00   2.5273817E+00   2.6110194E+00   2.6867249E+00   2.7546117E+00   2.8147781E+00   2.8673065E+00   2.9122653E+00   2.9497089E+00   2.9796784E+00   3.0022016E+00   3.0172927E+00   3.0249538E+00   3.0251732E+00   3.0179265E+00   3.0031750E+00   2.9808669E+00   2.9509356E+00   2.9132998E+00   2.8678615E+00   2.8145070E+00   2.7531042E+00   2.6835022E+00   2.6055288E+00   2.5189908E+00   2.4236693E+00   2.3193202E+00   2.2056692E+00   2.0824103E+00   1.9492021E+00   1.8056625E+00   1.6513659E+00   1.4858358E+00   1.3085399E+00   1.1188810E+00   9.1618943E-01   6.9971108E-01   4.6859542E-01   2.2187959E-01  -4.1530088E-02  -3.2288098E-01  -6.2360227E-01  -9.4533980E-01  -1.2899998E+00  -1.6598046E+00  -2.0573633E+00  -2.4857647E+00  -2.9486992E+00  -3.4506218E+00  -3.9969780E+00  -4.5950823E+00  -5.3310256E+00  -5.9656692E+00
  -3.5000000E+01  -3.5000000E+01  -3.5000000E+01  -3.5000000E+01  -3.5000000E+01  -3.5000000E+01  -3.5000000E+01  -2.5597685E+01  -1.9518677E+01  -1.6004038E+01  -1.3801583E+01  -1.2304397E+01  -1.1047887E+01  -9.9681959E+00  -9.0239897E+00  -8.1869736E+00  -7.4369287E+00  -6.7589059E+00  -6.1415415E+00  -5.5759983E+00  -5.0552688E+00  -4.5737047E+00  -4.1266880E+00  -3.7103970E+00  -3.3216345E+00  -2.9576998E+00  -2.6162930E+00  -2.2954397E+00  -1.9934360E+00  -1.7087998E+00  -1.4402373E+00  -1.1866127E+00  -9.4692516E-01  -7.2028905E-01  -5.0591862E-01  -3.0311438E-01  -1.1125232E-01   7.0225403E-02   2.4181835E-01   4.0397438E-01   5.5709535E-01   7.0154196E-01   8.3763784E-01   9.6567327E-01   1.0859082E+00   1.1985750E+00   1.3038806E+00   1.4020087E+00   1.4931210E+00   1.5773598E+00   1.6548480E+00   1.7256907E+00   1.7899762E+00   1.8477769E+00   1.8991491E+00   1.9441344E+00   1.9827595E+00   2.0150363E+00   2.0409627E+00   2.0605216E+00   2.0736814E+00   2.0803957E+00   2.0806029E+00   2.0742252E+00   2.0611689E+00   2.0413229E+00   2.0145581E+00   1.9807265E+00   1.9396601E+00   1.8911688E+00   1.8350400E+00   1.7710358E+00   1.6988915E+00   1.6183134E+00   1.5289755E+00   1.4305174E+00   1.3225399E+00   1.2046019E+00   1.0762148E+00   9.3683791E-01   7.8587174E-01   6.2265062E-01   4.4643399E-01   2.5639585E-01   5.1612236E-02  -1.6895379E-01  -4.0647063E-01  -6.6226047E-01  -9.3782723E-01  -1.2348939E+00  -1.5556810E+00  -1.9125428E+00  -2.2884474E+00  -1.4713933E+00   7.7337275E+00   9.2672224E+00   7.4797268E+00   5.5642915E+00   3.1302540E+00   1.6538109E+00
  -3.5000000E+01  -3.5000000E+01  -3.5000000E+01  -3.5000000E+01  -3.5000000E+01  -3.5000000E+01  -3.5000000E+01  -2.5576313E+01  -1.9503859E+01  -1.5983496E+01  -1.3788112E+01  -1.2291067E+01  -1.1034617E+01  -9.9549465E+00  -9.0107450E+00  -8.1737328E+00  -7.4237022E+00  -6.7457099E+00  -6.1283979E+00  -5.5629311E+00  -5.0423036E+00  -4.5608673E+00  -4.1140041E+00  -3.6978908E+00  -3.3093281E+00  -2.9456122E+00  -2.6044400E+00  -2.2838333E+00  -1.9820831E+00  -1.6977029E+00  -1.4293931E+00  -1.1760122E+00  -9.3655324E-01  -7.1012443E-01  -4.9593344E-01  -2.9327425E-01  -1.0151623E-01   7.9905093E-02   2.5149578E-01   4.1371000E-01   5.6695569E-01   7.1159935E-01   8.4797001E-01   9.7636294E-01   1.0970424E+00   1.2102448E+00   1.3161801E+00   1.4150345E+00   1.5069720E+00   1.5921352E+00   1.6706475E+00   1.7426134E+00   1.8081173E+00   1.8672333E+00   1.9200126E+00   1.9664924E+00   2.0066946E+00   2.0406249E+00   2.0682745E+00   2.0896187E+00   2.1046181E+00   2.1132190E+00   2.1153464E+00   2.1109145E+00   2.0998185E+00   2.0819368E+00   2.0571291E+00   2.0252359E+00   1.9860777E+00   1.9394528E+00   1.8851367E+00   1.8228805E+00   1.7524077E+00   1.6734133E+00   1.5855598E+00   1.4884752E+00   1.3817481E+00   1.2649236E+00   1.1375580E+00   9.9900913E-01   8.4869832E-01   6.8593955E-01   5.0996435E-01   3.1990629E-01   1.1477942E-01  -1.0655250E-01  -3.4542254E-01  -6.0343415E-01  -8.8258219E-01  -1.1854491E+00  -1.5152394E+00  -1.8759621E+00  -2.2297175E+00   3.9120790E-01   8.4050322E+00   7.8560953E+00   6.1143246E+00   4.2101440E+00   1.6055264E+00   5.6057090E-01
  -3.5000000E+01  -3.5000000E+01  -3.5000000E+01  -3.5000000E+01  -3.5000000E+01  -3.5000000E+01  -3.5000000E+01  -2.5554947E+01  -1.9489033E+01  -1.5967619E+01  -1.3774247E+01  -1.2277212E+01  -1.1020641E+01  -9.9407578E+00  -8.9962721E+00  -8.1589165E+00  -7.4084897E+00  -6.7300539E+00  -6.1122527E+00  -5.5462527E+00  -5.0250487E+00  -4.5429926E+00  -4.0954661E+00  -3.6786444E+00  -3.2893276E+00  -2.9248109E+00  -2.5827894E+00  -2.2612844E+00  -1.9585845E+00  -1.6732023E+00  -1.4038368E+00  -1.1493452E+00  -9.0871876E-01  -6.8106478E-01  -4.6558964E-01  -2.6158628E-01  -6.8423115E-02   1.1446501E-01   2.8758469E-01   4.5139042E-01   6.0629022E-01   7.5265032E-01   8.9079934E-01   1.0210316E+00   1.1436104E+00   1.2587701E+00   1.3667191E+00   1.4676412E+00   1.5616974E+00   1.6490272E+00   1.7297499E+00   1.8039640E+00   1.8717523E+00   1.9331825E+00   1.9882998E+00   2.0371351E+00   2.0797029E+00   2.1160023E+00   2.1460161E+00   2.1697147E+00   2.1870437E+00   2.1979408E+00   2.2023251E+00   2.2000990E+00   2.1911473E+00   2.1753373E+00   2.1525176E+00   2.1225171E+00   2.0851448E+00   2.0401866E+00   1.9874063E+00   1.9265417E+00   1.8573169E+00   1.7793891E+00   1.6924173E+00   1.5960845E+00   1.4898598E+00   1.3733206E+00   1.2459494E+00   1.1071727E+00   9.5635128E-01   7.9276896E-01   6.1561716E-01   4.2397365E-01   2.1677348E-01  -7.2302087E-03  -2.4921009E-01  -5.1095337E-01  -7.9497850E-01  -1.1024929E+00  -1.4337374E+00  -1.7962017E+00  -1.9910334E+00   2.9727492E-01   7.0217357E+00   6.9805980E+00   5.2541332E+00   3.3386419E+00   6.2646890E-01  -1.4584737E-01
  -3.5000000E+01  -3.5000000E+01  -3.5000000E+01  -3.5000000E+01  -3.5000000E+01  -3.5000000E+01  -3.5000000E+01  -2.5533585E+01  -1.9455894E+01  -1.5951465E+01  -1.3760105E+01  -1.2263038E+01  -1.1006289E+01  -9.9261169E+00  -8.9812555E+00  -8.1434488E+00  -7.3925486E+00  -6.7138228E+00  -6.0956712E+00  -5.5283036E+00  -5.0063310E+00  -4.5250735E+00  -4.0749540E+00  -3.6571665E+00  -3.2696328E+00  -2.9044032E+00  -2.5615571E+00  -2.2349861E+00  -1.9308712E+00  -1.6439792E+00  -1.3730048E+00  -1.1168011E+00  -8.7435591E-01  -6.4477205E-01  -4.2725217E-01  -2.2108562E-01  -2.5637418E-02   1.5966077E-01   3.3531830E-01   5.0179207E-01   6.5949184E-01   8.0878329E-01   9.4972962E-01   1.0677652E+00   1.1927307E+00   1.3103828E+00   1.4209284E+00   1.5245484E+00   1.6214008E+00   1.7116246E+00   1.7957900E+00   1.8964847E+00   1.9685171E+00   2.0342684E+00   2.0937705E+00   2.1470404E+00   2.1940765E+00   2.2348652E+00   2.2693632E+00   2.2975211E+00   2.3192692E+00   2.3345201E+00   2.3431692E+00   2.3450942E+00   2.3401546E+00   2.3282022E+00   2.3090386E+00   2.2824743E+00   2.2482905E+00   2.2062449E+00   2.1560721E+00   2.0974817E+00   2.0301545E+00   1.9538394E+00   1.8680124E+00   1.7723249E+00   1.6663266E+00   1.5495238E+00   1.4213728E+00   1.2812726E+00   1.1285570E+00   9.6248233E-01   7.8221607E-01   5.8682430E-01   3.7526718E-01   1.4642622E-01  -1.0075790E-01  -3.6686605E-01  -6.5087783E-01  -9.4796991E-01  -1.2556301E+00  -1.6237885E+00  -1.8543195E+00   5.2963805E-01   6.3400798E+00   6.4767175E+00   4.7514620E+00   2.8193595E+00   3.3047631E-02  -5.5651003E-01
  -3.5000000E+01  -3.5000000E+01  -3.5000000E+01  -3.5000000E+01  -3.5000000E+01  -3.5000000E+01  -3.5000000E+01  -2.5512230E+01  -1.9435581E+01  -1.5935018E+01  -1.3745666E+01  -1.2248517E+01  -1.0991521E+01  -9.9109755E+00  -8.9656334E+00  -8.1272507E+00  -7.3757324E+00  -6.6963325E+00  -6.0774102E+00  -5.5088825E+00  -4.9858894E+00  -4.5039783E+00  -4.0520959E+00  -3.6329846E+00  -3.2448430E+00  -2.8781443E+00  -2.5336394E+00  -2.2040195E+00  -1.8978593E+00  -1.6087607E+00  -1.3354102E+00  -1.0767784E+00  -8.4071183E-01  -5.9893048E-01  -3.7825841E-01  -1.6872227E-01   3.0320337E-02   2.1921177E-01   3.8419637E-01   5.6998146E-01   7.3226291E-01   8.8639045E-01   1.0320766E+00   1.1500102E+00   1.2802227E+00   1.4033779E+00   1.5196806E+00   1.6293077E+00   1.7324103E+00   1.8291335E+00   1.9206177E+00   2.0370142E+00   2.1166313E+00   2.1901388E+00   2.2575428E+00   2.3188298E+00   2.3739653E+00   2.4229076E+00   2.4655597E+00   2.5018358E+00   2.5316186E+00   2.5547564E+00   2.5711195E+00   2.5805204E+00   2.5827625E+00   2.5776296E+00   2.5648854E+00   2.5442717E+00   2.5155108E+00   2.4783013E+00   2.4323189E+00   2.3773284E+00   2.3127878E+00   2.2383809E+00   2.1539745E+00   2.0585134E+00   1.9518118E+00   1.8333398E+00   1.7025243E+00   1.5587450E+00   1.4013329E+00   1.2295730E+00   1.0427233E+00   8.4006494E-01   6.2103248E-01   3.8553184E-01   1.3469231E-01  -1.2754263E-01  -3.9207941E-01  -6.4689201E-01  -9.1591960E-01  -1.3032185E+00  -1.5337954E+00   1.0245144E+00   5.9810014E+00   6.1898603E+00   4.4615064E+00   2.5126860E+00  -3.3651188E-01  -7.7848881E-01
  -3.5000000E+01  -3.5000000E+01  -3.5000000E+01  -3.5000000E+01  -3.5000000E+01  -3.5000000E+01  -3.5000000E+01  -2.5490883E+01  -1.9414856E+01  -1.5918258E+01  -1.3730906E+01  -1.2233621E+01  -1.0976301E+01  -9.8952856E+00  -8.9493427E+00  -8.1102390E+00  -7.3579483E+00  -6.6776781E+00  -6.0577536E+00  -5.4877677E+00  -4.9634476E+00  -4.4805698E+00  -4.0264645E+00  -3.6055758E+00  -3.2163918E+00  -2.8476462E+00  -2.5008147E+00  -2.1672604E+00  -1.8582065E+00  -1.5659525E+00  -1.2891695E+00  -1.0269674E+00  -7.8923243E-01  -5.4050666E-01  -3.1508332E-01  -1.0041653E-01   1.0414994E-01   2.9868081E-01   4.6564519E-01   6.4211601E-01   8.3218879E-01   9.7052324E-01   1.1479940E+00   1.2682786E+00   1.4073210E+00   1.5398074E+00   1.6659417E+00   1.7858953E+00   1.8998102E+00   2.0078495E+00   2.1119046E+00   2.2508104E+00   2.3435161E+00   2.4304497E+00   2.5115654E+00   2.5867903E+00   2.6560233E+00   2.7191553E+00   2.7759936E+00   2.8263719E+00   2.8700769E+00   2.9068363E+00   2.9364643E+00   2.9586432E+00   2.9730670E+00   2.9794075E+00   2.9773159E+00   2.9664214E+00   2.9463346E+00   2.9167626E+00   2.8771012E+00   2.8269854E+00   2.7659566E+00   2.6936061E+00   2.6100922E+00   2.5135229E+00   2.4040167E+00   2.2810097E+00   2.1439178E+00   1.9921378E+00   1.8250562E+00   1.6421880E+00   1.4432092E+00   1.2282382E+00   9.9840379E-01   7.5913662E-01   5.1229376E-01   2.7506810E-01   6.7553356E-02  -1.0619599E-01  -3.3667433E-01  -7.5678068E-01  -1.0416481E+00   1.6044947E+00   5.6667390E+00   6.0169296E+00   4.2847881E+00   2.3195024E+00  -5.9071338E-01  -8.9312059E-01
  -3.5000000E+01  -3.5000000E+01  -3.5000000E+01  -3.5000000E+01  -3.5000000E+01  -3.5000000E+01  -3.5000000E+01  -2.5469540E+01  -1.9393694E+01  -1.5901166E+01  -1.3715803E+01  -1.2218321E+01  -1.0960592E+01  -9.8789940E+00  -8.9323139E+00  -8.0923243E+00  -7.3390803E+00  -6.6577091E+00  -6.0365076E+00  -5.4647093E+00  -4.9386888E+00  -4.4544535E+00  -3.9975605E+00  -3.5743222E+00  -3.1835268E+00  -2.8119857E+00  -2.4619532E+00  -2.1233203E+00  -1.8102378E+00  -1.5135437E+00  -1.2318813E+00  -9.6451908E-01  -7.2358310E-01  -4.6551612E-01  -2.3305297E-01  -1.0709831E-02   2.0219636E-01   4.0539405E-01   5.7713652E-01   7.6426935E-01   9.7068346E-01   1.1155179E+00   1.3117852E+00   1.4386860E+00   1.5921606E+00   1.7399911E+00   1.8823818E+00   2.0194950E+00   2.1514559E+00   2.2784667E+00   2.4033854E+00   2.5743566E+00   2.6887462E+00   2.7979412E+00   2.9018021E+00   3.0001173E+00   3.0926661E+00   3.1791835E+00   3.2593484E+00   3.3328185E+00   3.3992033E+00   3.4580467E+00   3.5089979E+00   3.5515385E+00   3.5851722E+00   3.6093795E+00   3.6236222E+00   3.6280179E+00   3.6208303E+00   3.6020246E+00   3.5710230E+00   3.5272436E+00   3.4701145E+00   3.3992023E+00   3.3145823E+00   3.2140322E+00   3.0978110E+00   2.9653690E+00   2.8162062E+00   2.6499255E+00   2.4656396E+00   2.2558949E+00   2.0363038E+00   1.8024105E+00   1.5638394E+00   1.3295751E+00   1.1069341E+00   9.3293965E-01   8.3123004E-01   7.6912254E-01   5.5664277E-01   4.5379438E-02  -3.2260358E-01   2.1849270E+00   5.3536096E+00   5.9004798E+00   4.1646376E+00   2.1826544E+00  -7.8906786E-01  -9.5053750E-01
  -3.5000000E+01  -3.5000000E+01  -3.5000000E+01  -3.5000000E+01  -3.5000000E+01  -3.5000000E+01  -3.5000000E+01  -2.5448204E+01  -1.9372070E+01  -1.5883724E+01  -1.3700335E+01  -1.2202585E+01  -1.0944352E+01  -9.8620481E+00  -8.9144745E+00  -8.0734091E+00  -7.3190002E+00  -6.6362581E+00  -6.0134549E+00  -5.4394226E+00  -4.9112492E+00  -4.4251709E+00  -3.9647985E+00  -3.5384905E+00  -3.1453424E+00  -2.7700396E+00  -2.4156659E+00  -2.0704792E+00  -1.7518561E+00  -1.4489918E+00  -1.1604800E+00  -8.8576299E-01  -6.3939917E-01  -3.6873525E-01  -1.2599050E-01   1.0766603E-01   3.3296672E-01   5.4934448E-01   7.3664361E-01   9.3353009E-01   1.1629502E+00   1.3202953E+00   1.5431581E+00   1.6836610E+00   1.8600103E+00   2.0322497E+00   2.2005746E+00   2.3651197E+00   2.5259700E+00   2.6833935E+00   2.8414323E+00   3.0568883E+00   3.2053401E+00   3.3494010E+00   3.4886956E+00   3.6228285E+00   3.7513373E+00   3.8736947E+00   3.9893231E+00   4.0976090E+00   4.1978707E+00   4.2896643E+00   4.3718481E+00   4.4438558E+00   4.5049233E+00   4.5542769E+00   4.5912685E+00   4.6157207E+00   4.6253552E+00   4.6201444E+00   4.5993195E+00   4.5621300E+00   4.5078769E+00   4.4360876E+00   4.3466949E+00   4.2371855E+00   4.1079884E+00   3.9586315E+00   3.7888207E+00   3.5985124E+00   3.3863430E+00   3.1437457E+00   2.8967078E+00   2.6412742E+00   2.3893070E+00   2.1538384E+00   1.9935352E+00   1.9368585E+00   1.9813186E+00   2.0097854E+00   1.7787097E+00   1.1541817E+00   5.6613600E-01   2.8384047E+00   5.2482138E+00   5.8112330E+00   4.0717239E+00   2.0725126E+00  -9.6119803E-01  -9.7854209E-01
  -3.5000000E+01  -3.5000000E+01  -3.5000000E+01  -3.5000000E+01  -3.5000000E+01  -3.5000000E+01  -3.5000000E+01  -2.5426874E+01  -1.9349964E+01  -1.5865910E+01  -1.3684473E+01  -1.2186380E+01  -1.0927535E+01  -9.8443861E+00  -8.8957434E+00  -8.0533848E+00  -7.2975669E+00  -6.6131377E+00  -5.9883471E+00  -5.4115829E+00  -4.8807087E+00  -4.3921843E+00  -3.9274867E+00  -3.4972057E+00  -3.1007462E+00  -2.7204378E+00  -2.3602421E+00  -2.0066032E+00  -1.6804364E+00  -1.3690852E+00  -1.0710615E+00  -7.8598571E-01  -5.3101045E-01  -2.4336074E-01   1.4197779E-02   2.6428446E-01   5.0771427E-01   7.4367160E-01   9.5372427E-01   1.1677020E+00   1.4292442E+00   1.6082476E+00   1.8682581E+00   2.0330973E+00   2.2443762E+00   2.4538829E+00   2.6617558E+00   2.8680367E+00   3.0727053E+00   3.2761171E+00   3.4836111E+00   3.7577198E+00   3.9559376E+00   4.1504598E+00   4.3405910E+00   4.5255609E+00   4.7045293E+00   4.8765850E+00   5.0412908E+00   5.1967120E+00   5.3422103E+00   5.4766941E+00   5.5992179E+00   5.7086325E+00   5.8038654E+00   5.8838825E+00   5.9479127E+00   5.9955549E+00   6.0238090E+00   6.0327482E+00   6.0214176E+00   5.9889064E+00   5.9343987E+00   5.8573618E+00   5.7575350E+00   5.6322041E+00   5.4819503E+00   5.3064241E+00   5.1056418E+00   4.8799601E+00   4.6273990E+00   4.3402262E+00   4.0572729E+00   3.7768588E+00   3.5190692E+00   3.3132682E+00   3.2390177E+00   3.3312624E+00   3.5133178E+00   3.5886931E+00   3.2999635E+00   2.5249176E+00   1.6994004E+00   3.5141437E+00   5.2146168E+00   5.7348938E+00   3.9915872E+00   1.9745356E+00  -1.1211890E+00  -9.9172741E-01
  -3.5000000E+01  -3.5000000E+01  -3.5000000E+01  -3.5000000E+01  -3.5000000E+01  -3.5000000E+01  -3.5000000E+01  -2.5405552E+01  -1.9327343E+01  -1.5847699E+01  -1.3668193E+01  -1.2169671E+01  -1.0910095E+01  -9.8259439E+00  -8.8760328E+00  -8.0321350E+00  -7.2746215E+00  -6.5881357E+00  -5.9609036E+00  -5.3808160E+00  -4.8465796E+00  -4.3548646E+00  -3.8848073E+00  -3.4494236E+00  -3.0484178E+00  -2.6615090E+00  -2.2935750E+00  -1.9290484E+00  -1.5926989E+00  -1.2697821E+00  -9.5867831E-01  -6.5917659E-01  -3.9111745E-01  -8.0635227E-02   1.9796221E-01   4.7152805E-01   7.4099731E-01   1.0053556E+00   1.2482705E+00   1.4994297E+00   1.7955782E+00   2.0205693E+00   2.3197443E+00   2.5241821E+00   2.7862968E+00   3.0497499E+00   3.3144844E+00   3.5802906E+00   3.8468995E+00   4.1147537E+00   4.3903198E+00   4.7359347E+00   5.0003610E+00   5.2610545E+00   5.5167985E+00   5.7667303E+00   6.0088043E+00   6.2420359E+00   6.4651437E+00   6.6762981E+00   6.8742723E+00   7.0576363E+00   7.2251296E+00   7.3753195E+00   7.5068889E+00   7.6186304E+00   7.7097187E+00   7.7794709E+00   7.8243737E+00   7.8446083E+00   7.8390770E+00   7.8067389E+00   7.7466741E+00   7.6582360E+00   7.5408845E+00   7.3918624E+00   7.2117548E+00   7.0003066E+00   6.7578382E+00   6.4850020E+00   6.1793590E+00   5.8368344E+00   5.5106626E+00   5.2043734E+00   4.9436159E+00   4.7979879E+00   4.8200169E+00   5.0680199E+00   5.3443780E+00   5.4076662E+00   5.0222335E+00   4.0848751E+00   2.8511639E+00   3.6783333E+00   5.2076960E+00   5.6646218E+00   3.9172769E+00   1.8817923E+00  -1.2755924E+00  -9.9753278E-01
  -3.5000000E+01  -3.5000000E+01  -3.5000000E+01  -3.5000000E+01  -3.5000000E+01  -3.5000000E+01  -3.5000000E+01  -2.5384235E+01  -1.9304184E+01  -1.5829069E+01  -1.3651464E+01  -1.2152418E+01  -1.0891979E+01  -9.8066502E+00  -8.8552465E+00  -8.0095253E+00  -7.2499866E+00  -6.5610132E+00  -5.9308033E+00  -5.3466921E+00  -4.8082943E+00  -4.3124719E+00  -3.8357918E+00  -3.3938954E+00  -2.9867616E+00  -2.5912154E+00  -2.2130747E+00  -1.8345492E+00  -1.4845665E+00  -1.1460288E+00  -8.1711686E-01  -4.9775782E-01  -2.1045761E-01   1.3050911E-01   4.3849307E-01   7.4497318E-01   1.0510243E+00   1.3554695E+00   1.6445181E+00   1.9472800E+00   2.2927039E+00   2.5805638E+00   2.9348135E+00   3.1984825E+00   3.5301771E+00   3.8666039E+00   4.2072392E+00   4.5513501E+00   4.8982129E+00   5.2483530E+00   5.6087308E+00   6.0331173E+00   6.3765044E+00   6.7151027E+00   7.0461140E+00   7.3681860E+00   7.6795273E+00   7.9784231E+00   8.2631969E+00   8.5316505E+00   8.7823439E+00   9.0136452E+00   9.2240858E+00   9.4121046E+00   9.5762777E+00   9.7153683E+00   9.8285780E+00   9.9149628E+00   9.9707432E+00   9.9962063E+00   9.9901533E+00   9.9514341E+00   9.8789959E+00   9.7719641E+00   9.6294050E+00   9.4486895E+00   9.2301178E+00   8.9734011E+00   8.6790333E+00   8.3478174E+00   7.9774923E+00   7.5708332E+00   7.1966763E+00   6.8668675E+00   6.6185598E+00   6.5491161E+00   6.6875854E+00   7.0468116E+00   7.3471465E+00   7.3438025E+00   6.8440766E+00   5.7307940E+00   4.1273041E+00   4.2261448E+00   5.2102618E+00   5.5971770E+00   3.8454998E+00   1.7910392E+00  -1.4274184E+00  -9.9969095E-01
  -3.5000000E+01  -3.5000000E+01  -3.5000000E+01  -3.5000000E+01  -3.5000000E+01  -3.5000000E+01  -3.5000000E+01  -2.5267004E+01  -1.9280453E+01  -1.5809993E+01  -1.3634256E+01  -1.2134582E+01  -1.0873131E+01  -9.7864285E+00  -8.8332777E+00  -7.9854116E+00  -7.2234635E+00  -6.5314989E+00  -5.8976784E+00  -5.3087158E+00  -4.7651944E+00  -4.2641349E+00  -3.7792923E+00  -3.3291287E+00  -2.9138515E+00  -2.5070782E+00  -2.1155696E+00  -1.7190943E+00  -1.3510085E+00  -9.9157095E-01  -6.3867658E-01  -2.9233640E-01   2.2473784E-02   4.0368801E-01   7.5189364E-01   1.1034311E+00   1.4594700E+00   1.8186542E+00   2.1701651E+00   2.5418024E+00   2.9537172E+00   3.3233941E+00   3.7502444E+00   4.0953074E+00   4.5154152E+00   4.9428926E+00   5.3763967E+00   5.8143797E+00   6.2555294E+00   6.7008891E+00   7.1740646E+00   7.6577940E+00   8.0854206E+00   8.5041943E+00   8.9116154E+00   9.3055954E+00   9.6840305E+00   1.0044981E+01   1.0386544E+01   1.0706374E+01   1.1002997E+01   1.1274755E+01   1.1520118E+01   1.1737560E+01   1.1925706E+01   1.2083416E+01   1.2209994E+01   1.2304293E+01   1.2362434E+01   1.2384804E+01   1.2370122E+01   1.2317112E+01   1.2224500E+01   1.2091015E+01   1.1915259E+01   1.1694772E+01   1.1429231E+01   1.1118127E+01   1.0761977E+01   1.0361772E+01   9.9167213E+00   9.4401894E+00   9.0183926E+00   8.6723347E+00   8.4387531E+00   8.4781590E+00   8.7091770E+00   9.1275749E+00   9.3927784E+00   9.2939701E+00   8.6708736E+00   7.3778172E+00   5.3083258E+00   4.5499425E+00   5.2153530E+00   5.5310345E+00   3.7747102E+00   1.7007815E+00  -1.5780343E+00  -1.0000571E+00
  -3.5000000E+01  -3.5000000E+01  -3.5000000E+01  -3.5000000E+01  -3.5000000E+01  -3.5000000E+01  -3.5000000E+01  -2.5230446E+01  -1.9256121E+01  -1.5790442E+01  -1.3616535E+01  -1.2116117E+01  -1.0853489E+01  -9.7651930E+00  -8.8100071E+00  -7.9596295E+00  -7.1948280E+00  -6.4992852E+00  -5.8611083E+00  -5.2663136E+00  -4.7165103E+00  -4.2088304E+00  -3.7139499E+00  -3.2533441E+00  -2.8273690E+00  -2.4060941E+00  -1.9971980E+00  -1.5777972E+00  -1.1858872E+00  -7.9878193E-01  -4.1399500E-01  -3.1548060E-02   3.2153639E-01   7.5502253E-01   1.1569139E+00   1.5683347E+00   1.9903667E+00   2.4213505E+00   2.8537219E+00   3.3128424E+00   3.8091674E+00   4.2790089E+00   4.7948856E+00   5.2424612E+00   5.7659960E+00   6.2975364E+00   6.8346767E+00   7.3749437E+00   7.9165664E+00   8.4612255E+00   9.0358772E+00   9.5802631E+00   1.0088485E+01   1.0582457E+01   1.1059391E+01   1.1517034E+01   1.1953185E+01   1.2365870E+01   1.2753164E+01   1.3112769E+01   1.3443348E+01   1.3743361E+01   1.4011342E+01   1.4245954E+01   1.4445988E+01   1.4610522E+01   1.4739043E+01   1.4830224E+01   1.4880187E+01   1.4889424E+01   1.4856568E+01   1.4780152E+01   1.4658537E+01   1.4489890E+01   1.4272324E+01   1.4003398E+01   1.3681883E+01   1.3306917E+01   1.2879086E+01   1.2400143E+01   1.1873210E+01   1.1327423E+01   1.0868526E+01   1.0526010E+01   1.0340439E+01   1.0479511E+01   1.0790096E+01   1.1203133E+01   1.1387102E+01   1.1173292E+01   1.0430654E+01   8.9582033E+00   6.4593191E+00   4.6461506E+00   5.2201180E+00   5.4654784E+00   3.7041900E+00   1.6103444E+00  -1.7280517E+00  -9.9954772E-01
  -3.5000000E+01  -3.5000000E+01  -3.5000000E+01  -3.5000000E+01  -3.5000000E+01  -3.5000000E+01  -3.5000000E+01  -2.5192444E+01  -1.9231152E+01  -1.5770388E+01  -1.3598264E+01  -1.2096972E+01  -1.0832987E+01  -9.7428503E+00  -8.7853060E+00  -7.9319968E+00  -7.1638274E+00  -6.4640217E+00  -5.8206105E+00  -5.2188249E+00  -4.6613460E+00  -4.1453538E+00  -3.6381576E+00  -3.1644218E+00  -2.7245331E+00  -2.2846451E+00  -1.8532981E+00  -1.4047744E+00  -9.8182994E-01  -5.5855030E-01  -1.3198577E-01   2.9790404E-01   7.0273250E-01   1.2026100E+00   1.6739852E+00   2.1621776E+00   2.6677859E+00   3.1885836E+00   3.7202568E+00   4.2842274E+00   4.8808022E+00   5.4651604E+00   6.0822892E+00   6.6484151E+00   7.2833037E+00   7.9240537E+00   8.5672264E+00   9.2096243E+00   9.8496981E+00   1.0501881E+01   1.1145466E+01   1.1745128E+01   1.2323380E+01   1.2880686E+01   1.3414178E+01   1.3921614E+01   1.4400872E+01   1.4850106E+01   1.5267520E+01   1.5651023E+01   1.5999561E+01   1.6311834E+01   1.6586590E+01   1.6822819E+01   1.7019632E+01   1.7176476E+01   1.7293129E+01   1.7367962E+01   1.7397369E+01   1.7381912E+01   1.7320105E+01   1.7210173E+01   1.7049913E+01   1.6836832E+01   1.6568464E+01   1.6241970E+01   1.5855065E+01   1.5406595E+01   1.4897776E+01   1.4332865E+01   1.3723535E+01   1.3122253E+01   1.2653957E+01   1.2348735E+01   1.2230020E+01   1.2480295E+01   1.2819133E+01   1.3177577E+01   1.3255307E+01   1.2928593E+01   1.2070521E+01   1.0412004E+01   7.4399743E+00   4.9503450E+00   5.2234292E+00   5.4001760E+00   3.6336091E+00   1.5194337E+00  -1.8777360E+00  -9.9861300E-01
  -3.5000000E+01  -3.5000000E+01  -3.5000000E+01  -3.5000000E+01  -3.5000000E+01  -3.5000000E+01  -3.5000000E+01  -2.5152920E+01  -1.9205509E+01  -1.5749795E+01  -1.3579404E+01  -1.2077098E+01  -1.0811551E+01  -9.7192984E+00  -8.7590294E+00  -7.9023094E+00  -7.1301770E+00  -6.4253101E+00  -5.7756310E+00  -5.1654840E+00  -4.5986586E+00  -4.0722904E+00  -3.5500195E+00  -3.0598500E+00  -2.6020281E+00  -2.1384103E+00  -1.6783068E+00  -1.1930538E+00  -7.3016661E-01  -2.6028824E-01   2.2001758E-01   7.1088737E-01   1.1834943E+00   1.7653291E+00   2.3234005E+00   2.9059460E+00   3.5124660E+00   4.1398091E+00   4.7865705E+00   5.4686060E+00   6.1764307E+00   6.8829570E+00   7.6073265E+00   8.3004246E+00   9.0465593E+00   9.7936554E+00   1.0537524E+01   1.1274674E+01   1.2003905E+01   1.2738548E+01   1.3439695E+01   1.4084192E+01   1.4716685E+01   1.5320472E+01   1.5892734E+01   1.6431374E+01   1.6934490E+01   1.7400524E+01   1.7827948E+01   1.8215090E+01   1.8561377E+01   1.8865931E+01   1.9127993E+01   1.9347137E+01   1.9523092E+01   1.9655983E+01   1.9745983E+01   1.9790562E+01   1.9787909E+01   1.9738132E+01   1.9639526E+01   1.9489712E+01   1.9285530E+01   1.9023640E+01   1.8700050E+01   1.8309952E+01   1.7849823E+01   1.7318274E+01   1.6718590E+01   1.6061729E+01   1.5377084E+01   1.4750613E+01   1.4317519E+01   1.4094538E+01   1.4079974E+01   1.4398524E+01   1.4726501E+01   1.4990911E+01   1.4950036E+01   1.4513250E+01   1.3550872E+01   1.1714706E+01   8.3071098E+00   5.0978284E+00   5.2248850E+00   5.3349714E+00   3.5628173E+00   1.4279310E+00  -2.0271964E+00  -9.9747318E-01
  -3.5000000E+01  -3.5000000E+01  -3.5000000E+01  -3.5000000E+01  -3.5000000E+01  -3.5000000E+01  -3.5000000E+01  -2.5111792E+01  -1.9179153E+01  -1.5728631E+01  -1.3559913E+01  -1.2056435E+01  -1.0789102E+01  -9.6944237E+00  -8.7310143E+00  -7.8703394E+00  -7.0935545E+00  -6.3826966E+00  -5.7255330E+00  -5.1054058E+00  -4.5272326E+00  -3.9879818E+00  -3.4473059E+00  -2.9366651E+00  -2.4559312E+00  -1.9622853E+00  -1.4656892E+00  -9.3454611E-01  -4.2098323E-01   1.0786272E-01   6.5581411E-01   1.2230428E+00   1.7813623E+00   2.4609628E+00   3.1227901E+00   3.8159857E+00   4.5382361E+00   5.2851787E+00   6.0577259E+00   6.8648100E+00   7.6884966E+00   8.5173416E+00   9.3485737E+00   1.0169355E+01   1.1019851E+01   1.1864155E+01   1.2697668E+01   1.3517014E+01   1.4320576E+01   1.5109374E+01   1.5851136E+01   1.6524172E+01   1.7190071E+01   1.7818300E+01   1.8406225E+01   1.8952082E+01   1.9454433E+01   1.9912315E+01   2.0324709E+01   2.0690975E+01   2.1011444E+01   2.1286243E+01   2.1516081E+01   2.1701986E+01   2.1845402E+01   2.1948151E+01   2.2010450E+01   2.2026930E+01   2.2005165E+01   2.1940935E+01   2.1830996E+01   2.1670074E+01   2.1451344E+01   2.1167629E+01   2.0806747E+01   2.0355343E+01   1.9807610E+01   1.9161699E+01   1.8427631E+01   1.7635536E+01   1.6854399E+01   1.6218893E+01   1.5853853E+01   1.5740954E+01   1.5831006E+01   1.6171488E+01   1.6444014E+01   1.6591805E+01   1.6433569E+01   1.5902317E+01   1.4846434E+01   1.2829672E+01   8.9703932E+00   5.1275091E+00   5.2243857E+00   5.2697935E+00   3.4917481E+00   1.3357964E+00  -2.1764727E+00  -9.9623531E-01
  -3.5000000E+01  -3.5000000E+01  -3.5000000E+01  -3.5000000E+01  -3.5000000E+01  -3.5000000E+01  -3.5000000E+01  -2.5068974E+01  -1.9152046E+01  -1.5706857E+01  -1.3539744E+01  -1.2034921E+01  -1.0765550E+01  -9.6681004E+00  -8.7010832E+00  -7.8358302E+00  -7.0535955E+00  -6.3356624E+00  -5.6695857E+00  -5.0375690E+00  -4.4456553E+00  -3.8904881E+00  -3.3274076E+00  -2.7913971E+00  -2.2816496E+00  -1.7503283E+00  -1.2079228E+00  -6.2012041E-01  -4.3351516E-02   5.5855900E-01   1.1895190E+00   1.8495306E+00   2.5121398E+00   3.3039300E+00   4.0844908E+00   4.9012761E+00   5.7495899E+00   6.6238422E+00   7.5265718E+00   8.4590063E+00   9.3968925E+00   1.0341748E+01   1.1274361E+01   1.2217287E+01   1.3160279E+01   1.4088022E+01   1.4995841E+01   1.5886596E+01   1.6743429E+01   1.7548771E+01   1.8307106E+01   1.8985804E+01   1.9658075E+01   2.0282383E+01   2.0856726E+01   2.1380224E+01   2.1852716E+01   2.2274803E+01   2.2646858E+01   2.2972101E+01   2.3253580E+01   2.3495350E+01   2.3703138E+01   2.3884733E+01   2.4049753E+01   2.4203512E+01   2.4339743E+01   2.4442862E+01   2.4552223E+01   2.4630816E+01   2.4659029E+01   2.4613647E+01   2.4471724E+01   2.4211760E+01   2.3802406E+01   2.3219790E+01   2.2462788E+01   2.1537966E+01   2.0478374E+01   1.9361994E+01   1.8338055E+01   1.7617643E+01   1.7290880E+01   1.7269615E+01   1.7433563E+01   1.7742062E+01   1.7931061E+01   1.7954002E+01   1.7687925E+01   1.7074528E+01   1.5939526E+01   1.3756045E+01   9.4936676E+00   5.0224218E+00   5.2219481E+00   5.2046070E+00   3.4203725E+00   1.2430263E+00  -2.3255744E+00  -9.9495107E-01
  -3.5000000E+01  -3.5000000E+01  -3.5000000E+01  -3.5000000E+01  -3.5000000E+01  -3.5000000E+01  -3.5000000E+01  -2.5024382E+01  -1.9124142E+01  -1.5684432E+01  -1.3518848E+01  -1.2012487E+01  -1.0740800E+01  -9.6401901E+00  -8.6690350E+00  -7.7984934E+00  -7.0098867E+00  -6.2836170E+00  -5.6069484E+00  -4.9607930E+00  -4.3522873E+00  -3.7775509E+00  -3.1872907E+00  -2.6200209E+00  -2.0738778E+00  -1.4957535E+00  -8.9657396E-01  -2.3982869E-01   4.1421849E-01   1.1044844E+00   1.8344100E+00   2.6034694E+00   3.3878937E+00   4.3032541E+00   5.2137060E+00   6.1621938E+00   7.1414590E+00   8.1450119E+00   9.1762800E+00   1.0228628E+01   1.1273917E+01   1.2323702E+01   1.3348438E+01   1.4403002E+01   1.5422384E+01   1.6415380E+01   1.7376352E+01   1.8294941E+01   1.9184521E+01   1.9982052E+01   2.0725613E+01   2.1379932E+01   2.2025290E+01   2.2612331E+01   2.3141615E+01   2.3615593E+01   2.4038776E+01   2.4415876E+01   2.4756096E+01   2.5084661E+01   2.5417456E+01   2.5777649E+01   2.6192661E+01   2.6672228E+01   2.7211329E+01   2.7775723E+01   2.8300745E+01   2.8742672E+01   2.9159891E+01   2.9441984E+01   2.9554035E+01   2.9469862E+01   2.9172791E+01   2.8652891E+01   2.7897583E+01   2.6907991E+01   2.5703726E+01   2.4310030E+01   2.2778118E+01   2.1218130E+01   1.9851198E+01   1.8966440E+01   1.8622042E+01   1.8643805E+01   1.8836559E+01   1.9070311E+01   1.9159323E+01   1.9062738E+01   1.8704773E+01   1.8029316E+01   1.6826040E+01   1.4478048E+01   9.8103161E+00   5.0889368E+00   5.2176290E+00   5.1393952E+00   3.3486781E+00   1.1496059E+00  -2.4745219E+00  -9.9364525E-01
  -3.5000000E+01  -3.5000000E+01  -3.5000000E+01  -3.5000000E+01  -3.5000000E+01  -3.5000000E+01  -3.5000000E+01  -2.4977924E+01  -1.9095390E+01  -1.5661313E+01  -1.3497171E+01  -1.1989060E+01  -1.0714746E+01  -9.6105394E+00  -8.6346474E+00  -7.7580056E+00  -6.9619603E+00  -6.2258854E+00  -5.5366559E+00  -4.8737168E+00  -4.2452340E+00  -3.6465535E+00  -3.0234554E+00  -2.4179218E+00  -1.8265915E+00  -1.1909952E+00  -5.2249670E-01   2.1669193E-01   9.6309525E-01   1.7573395E+00   2.6016109E+00   3.4944234E+00   4.4153943E+00   5.4614792E+00   6.5081792E+00   7.5912523E+00   8.7011442E+00   9.8309851E+00   1.0984226E+01   1.2146629E+01   1.3288404E+01   1.4428307E+01   1.5532433E+01   1.6683058E+01   1.7757540E+01   1.8791588E+01   1.9781879E+01   2.0710394E+01   2.1567892E+01   2.2323505E+01   2.3014128E+01   2.3611856E+01   2.4199514E+01   2.4725599E+01   2.5201803E+01   2.5654118E+01   2.6114910E+01   2.6620914E+01   2.7214031E+01   2.7967850E+01   2.8870317E+01   2.9897404E+01   3.0993546E+01   3.2060116E+01   3.3016216E+01   3.3789066E+01   3.4322132E+01   3.4608829E+01   3.4692520E+01   3.4483585E+01   3.3880348E+01   3.2974426E+01   3.1902632E+01   3.0790867E+01   2.9608732E+01   2.8345171E+01   2.6985756E+01   2.5526552E+01   2.3986261E+01   2.2437260E+01   2.1027411E+01   2.0121105E+01   1.9782240E+01   1.9816656E+01   1.9994293E+01   2.0142332E+01   2.0127708E+01   1.9925962E+01   1.9494871E+01   1.8769608E+01   1.7500944E+01   1.5007645E+01   1.0011446E+01   5.1032529E+00   5.2114940E+00   5.0741353E+00   3.2766469E+00   1.0556171E+00  -2.6232538E+00  -9.9236107E-01
  -3.5000000E+01  -3.5000000E+01  -3.5000000E+01  -3.5000000E+01  -3.5000000E+01  -3.5000000E+01  -3.5000000E+01  -2.4929506E+01  -1.9065744E+01  -1.5637451E+01  -1.3474654E+01  -1.1964558E+01  -1.0687269E+01  -9.5789776E+00  -8.5976715E+00  -7.7140021E+00  -6.9092851E+00  -6.1616969E+00  -5.4576006E+00  -4.7747755E+00  -4.1223116E+00  -3.4944851E+00  -2.8319056E+00  -2.1798885E+00  -1.5330951E+00  -8.2786667E-01  -7.6178268E-02   7.5964081E-01   1.6136750E+00   2.5267608E+00   3.4989321E+00   4.5273910E+00   5.5955577E+00   6.7749410E+00   7.9594431E+00   9.1753168E+00   1.0411256E+01   1.1660402E+01   1.2925094E+01   1.4183934E+01   1.5407233E+01   1.6618454E+01   1.7784655E+01   1.9009012E+01   2.0110128E+01   2.1154022E+01   2.2118633E+01   2.3018166E+01   2.3805454E+01   2.4480356E+01   2.5086380E+01   2.5619692E+01   2.6176210E+01   2.6739727E+01   2.7394369E+01   2.8202192E+01   2.9032076E+01   3.0246021E+01   3.1610615E+01   3.3065430E+01   3.4432465E+01   3.5626595E+01   3.6584526E+01   3.7244724E+01   3.7576042E+01   3.7529396E+01   3.6947605E+01   3.6215866E+01   3.5848652E+01   3.4964008E+01   3.4011868E+01   3.3159424E+01   3.2150856E+01   3.1057371E+01   2.9887388E+01   2.8645384E+01   2.7324820E+01   2.5927074E+01   2.4468916E+01   2.3026365E+01   2.1768248E+01   2.0987949E+01   2.0714491E+01   2.0760818E+01   2.0906912E+01   2.0960552E+01   2.0851070E+01   2.0563423E+01   2.0076590E+01   1.9313025E+01   1.7984158E+01   1.5338861E+01   1.0020985E+01   4.9688430E+00   5.2035999E+00   5.0088539E+00   3.2043092E+00   9.6103281E-01  -2.7718029E+00  -9.9102515E-01
  -3.5000000E+01  -3.5000000E+01  -3.5000000E+01  -3.5000000E+01  -3.5000000E+01  -3.5000000E+01  -3.5000000E+01  -2.4879032E+01  -1.9035149E+01  -1.5612797E+01  -1.3451233E+01  -1.1938890E+01  -1.0658241E+01  -9.5453157E+00  -8.5578270E+00  -7.6660724E+00  -6.8512588E+00  -6.0901723E+00  -5.3685141E+00  -4.6621733E+00  -3.9810183E+00  -3.3179092E+00  -2.6081371E+00  -1.9001428E+00  -1.1861397E+00  -3.9783227E-01   4.5177513E-01   1.3983593E+00   2.3745129E+00   3.4194338E+00   4.5302129E+00   5.7026420E+00   6.9240661E+00   8.2351904E+00   9.5549526E+00   1.0898138E+01   1.2252193E+01   1.3610210E+01   1.4971934E+01   1.6309317E+01   1.7594030E+01   1.8852345E+01   2.0056612E+01   2.1323078E+01   2.2411776E+01   2.3413168E+01   2.4332621E+01   2.5132204E+01   2.5811384E+01   2.6385868E+01   2.6961508E+01   2.7598488E+01   2.8482023E+01   2.9645447E+01   3.1144547E+01   3.2742653E+01   3.4061012E+01   3.5179516E+01   3.6203571E+01   3.7129505E+01   3.7880268E+01   3.8426270E+01   3.8697346E+01   3.8476700E+01   3.7667133E+01   3.6920612E+01   3.6248341E+01   3.5705898E+01   3.5263992E+01   3.4525990E+01   3.3794773E+01   3.2896385E+01   3.1954439E+01   3.0910570E+01   2.9778700E+01   2.8576532E+01   2.7313646E+01   2.5992626E+01   2.4635996E+01   2.3326475E+01   2.2240309E+01   2.1609228E+01   2.1421450E+01   2.1480682E+01   2.1581732E+01   2.1553558E+01   2.1363138E+01   2.1009073E+01   2.0480204E+01   1.9680262E+01   1.8285711E+01   1.5504246E+01   9.9539375E+00   4.8900571E+00   5.1940203E+00   4.9435215E+00   3.1316411E+00   8.6587602E-01  -2.9201601E+00  -9.8969525E-01
  -3.5000000E+01  -3.5000000E+01  -3.5000000E+01  -3.5000000E+01  -3.5000000E+01  -3.5000000E+01  -3.5000000E+01  -2.4826403E+01  -1.9003542E+01  -1.5587293E+01  -1.3426838E+01  -1.1911958E+01  -1.0627521E+01  -9.5093431E+00  -8.5148029E+00  -7.6137524E+00  -6.7871966E+00  -6.0103078E+00  -5.2679434E+00  -4.5338583E+00  -3.8185058E+00  -3.1129463E+00  -2.3471496E+00  -1.5724189E+00  -7.7812469E-01   1.0761552E-01   1.0700603E+00   2.1406391E+00   3.2516429E+00   4.4386606E+00   5.6953845E+00   7.0164309E+00   8.3928528E+00   9.8308859E+00   1.1280115E+01   1.2742085E+01   1.4203158E+01   1.5655648E+01   1.7094976E+01   1.8487110E+01   1.9806105E+01   2.1079992E+01   2.2289593E+01   2.3555456E+01   2.4584965E+01   2.5488882E+01   2.6312300E+01   2.6979259E+01   2.7546154E+01   2.8179060E+01   2.9354361E+01   3.1085949E+01   3.2403664E+01   3.3637600E+01   3.4885464E+01   3.6094475E+01   3.7268105E+01   3.8166065E+01   3.8753010E+01   3.8832611E+01   3.8369282E+01   3.7732399E+01   3.7401955E+01   3.7186352E+01   3.6693119E+01   3.6200764E+01   3.5737942E+01   3.5314987E+01   3.4758320E+01   3.3820663E+01   3.3435276E+01   3.2234165E+01   3.1765516E+01   3.0733347E+01   2.9601191E+01   2.8400282E+01   2.7159237E+01   2.5896526E+01   2.4629635E+01   2.3449745E+01   2.2528650E+01   2.2041162E+01   2.1933804E+01   2.2002390E+01   2.2058647E+01   2.1957558E+01   2.1702789E+01   2.1299313E+01   2.0737507E+01   1.9902435E+01   1.8439064E+01   1.5515520E+01   9.7451878E+00   4.8137703E+00   5.1827965E+00   4.8781347E+00   3.0586433E+00   7.7016735E-01  -3.0683188E+00  -9.8836857E-01
  -3.5000000E+01  -3.5000000E+01  -3.5000000E+01  -3.5000000E+01  -3.5000000E+01  -3.5000000E+01  -3.5000000E+01  -2.4771509E+01  -1.8970865E+01  -1.5560879E+01  -1.3401393E+01  -1.1883656E+01  -1.0594949E+01  -9.4708261E+00  -8.4682484E+00  -7.5565200E+00  -6.7163229E+00  -5.9209604E+00  -5.1542330E+00  -4.3874984E+00  -3.6315565E+00  -2.8752697E+00  -2.0434952E+00  -1.1901003E+00  -3.0137855E-01   6.9650680E-01   1.7861027E+00   2.9921935E+00   4.2482791E+00   5.5845184E+00   6.9912105E+00   8.4622717E+00   9.9917936E+00   1.1549346E+01   1.3119405E+01   1.4688464E+01   1.6241400E+01   1.7768368E+01   1.9258821E+01   2.0673923E+01   2.1991459E+01   2.3241287E+01   2.4410725E+01   2.5628437E+01   2.6540264E+01   2.7312551E+01   2.8001150E+01   2.8521830E+01   2.9029045E+01   2.9933287E+01   3.1824837E+01   3.4161118E+01   3.5610188E+01   3.6924637E+01   3.8035778E+01   3.8797298E+01   3.8902752E+01   3.8318275E+01   3.7762794E+01   3.7558491E+01   3.7174412E+01   3.6894184E+01   3.6667713E+01   3.6438061E+01   3.5945858E+01   3.5591728E+01   3.5239193E+01   3.4899258E+01   3.4421684E+01   3.3729309E+01   3.3172348E+01   3.2243332E+01   3.1576935E+01   3.0550552E+01   2.9418253E+01   2.8238144E+01   2.7011177E+01   2.5762999E+01   2.4546648E+01   2.3478203E+01   2.2701071E+01   2.2336674E+01   2.2293221E+01   2.2363247E+01   2.2373774E+01   2.2216036E+01   2.1911440E+01   2.1471300E+01   2.0881271E+01   2.0006132E+01   1.8464949E+01   1.5405663E+01   9.4912825E+00   4.7465677E+00   5.1699781E+00   4.8126898E+00   2.9853168E+00   6.7392588E-01  -3.2162747E+00  -9.8704350E-01
  -3.5000000E+01  -3.5000000E+01  -3.5000000E+01  -3.5000000E+01  -3.5000000E+01  -3.5000000E+01  -3.5000000E+01  -2.4714245E+01  -1.8937050E+01  -1.5533490E+01  -1.3374814E+01  -1.1853864E+01  -1.0560351E+01  -9.4295034E+00  -8.4177694E+00  -7.4937849E+00  -6.6377554E+00  -5.8208280E+00  -5.0254993E+00  -4.2204556E+00  -3.4165719E+00  -2.6001270E+00  -1.6913663E+00  -7.4641252E-01   2.5150290E-01   1.3759420E+00   2.6056130E+00   3.9564350E+00   5.3649950E+00   6.8545489E+00   8.4124146E+00   1.0032267E+01   1.1709951E+01   1.3377209E+01   1.5056184E+01   1.6716284E+01   1.8339920E+01   1.9913378E+01   2.1419275E+01   2.2816320E+01   2.4088449E+01   2.5274273E+01   2.6395826E+01   2.7463013E+01   2.8225891E+01   2.8845699E+01   2.9392866E+01   2.9820963E+01   3.0529425E+01   3.2268444E+01   3.5045990E+01   3.7453781E+01   3.8582569E+01   3.8955105E+01   3.8521435E+01   3.7822437E+01   3.7631260E+01   3.7299221E+01   3.6995056E+01   3.6825161E+01   3.6574223E+01   3.6350170E+01   3.6165340E+01   3.5940479E+01   3.5590248E+01   3.5272297E+01   3.4951588E+01   3.4630692E+01   3.4200546E+01   3.3623032E+01   3.2994629E+01   3.2218288E+01   3.1420486E+01   3.0397020E+01   2.9261517E+01   2.8066498E+01   2.6805403E+01   2.5214256E+01   2.4126703E+01   2.3473305E+01   2.2807026E+01   2.2539339E+01   2.2539480E+01   2.2601908E+01   2.2570513E+01   2.2366013E+01   2.2023592E+01   2.1555313E+01   2.0938147E+01   2.0017286E+01   1.8389353E+01   1.5185047E+01   9.1544371E+00   4.6893969E+00   5.1556096E+00   4.7471809E+00   2.9116609E+00   5.7716966E-01  -3.3640239E+00  -9.8571926E-01
  -3.5000000E+01  -3.5000000E+01  -3.5000000E+01  -3.5000000E+01  -3.5000000E+01  -3.5000000E+01  -3.5000000E+01  -2.4654497E+01  -1.8902021E+01  -1.5505054E+01  -1.3347012E+01  -1.1822452E+01  -1.0523535E+01  -9.3850822E+00  -8.3629255E+00  -7.4248796E+00  -6.5504932E+00  -5.7084332E+00  -4.8796082E+00  -4.0297689E+00  -3.1695716E+00  -2.2823904E+00  -1.2847252E+00  -2.3466110E-01   8.8730776E-01   2.1517296E+00   3.5323908E+00   5.0346332E+00   6.6003227E+00   8.2447395E+00   9.9527941E+00   1.1718005E+01   1.3535939E+01   1.5299917E+01   1.7071180E+01   1.8799768E+01   2.0464352E+01   2.2046144E+01   2.3522009E+01   2.4852747E+01   2.6032591E+01   2.7110731E+01   2.8141249E+01   2.9026175E+01   2.9630453E+01   3.0105408E+01   3.0556314E+01   3.1122540E+01   3.2668865E+01   3.5529308E+01   3.8173725E+01   3.8947056E+01   3.8128342E+01   3.7732555E+01   3.7452530E+01   3.7080513E+01   3.6914455E+01   3.6687428E+01   3.6483059E+01   3.6334896E+01   3.6149052E+01   3.5965549E+01   3.5798855E+01   3.5583229E+01   3.5310516E+01   3.5029922E+01   3.4742325E+01   3.4421440E+01   3.4036888E+01   3.3517033E+01   3.2884281E+01   3.2173153E+01   3.1305222E+01   3.0285690E+01   2.9144587E+01   2.7910795E+01   2.6639906E+01   2.5219019E+01   2.4176260E+01   2.3443769E+01   2.2720644E+01   2.2680935E+01   2.2705204E+01   2.2751572E+01   2.2680162E+01   2.2439665E+01   2.2067879E+01   2.1576229E+01   2.0930120E+01   1.9955063E+01   1.8230251E+01   1.4890900E+01   8.7558451E+00   4.6414146E+00   5.1397338E+00   4.6816044E+00   2.8376758E+00   4.7991562E-01  -3.5115638E+00  -9.8439550E-01
  -3.5000000E+01  -3.5000000E+01  -3.5000000E+01  -3.5000000E+01  -3.5000000E+01  -3.5000000E+01  -3.5000000E+01  -2.4592146E+01  -1.8865705E+01  -1.5475495E+01  -1.3317884E+01  -1.1789276E+01  -1.0484284E+01  -9.3372383E+00  -8.3032198E+00  -7.3490515E+00  -6.4534030E+00  -5.5820994E+00  -4.7141547E+00  -3.8121414E+00  -2.8862126E+00  -1.9166368E+00  -8.1746954E-01   3.5151726E-01   1.6119152E+00   3.0282061E+00   4.5684423E+00   6.2264118E+00   7.9515872E+00   9.7504711E+00   1.1605936E+01   1.3510708E+01   1.5457206E+01   1.7300037E+01   1.9139893E+01   2.0905241E+01   2.2570339E+01   2.4112076E+01   2.5505388E+01   2.6717836E+01   2.7759871E+01   2.8708162E+01   2.9626411E+01   3.0326393E+01   3.0788992E+01   3.1167158E+01   3.1708282E+01   3.3069752E+01   3.5871323E+01   3.8452728E+01   3.8366234E+01   3.7706078E+01   3.7272511E+01   3.7023228E+01   3.6816856E+01   3.6579967E+01   3.6436207E+01   3.6264744E+01   3.6112453E+01   3.5979313E+01   3.5828686E+01   3.5674576E+01   3.5518955E+01   3.5312344E+01   3.5083729E+01   3.4834324E+01   3.4572975E+01   3.4257595E+01   3.3902050E+01   3.3416798E+01   3.2804657E+01   3.2118347E+01   3.1228794E+01   3.0208097E+01   2.9054394E+01   2.7782259E+01   2.6514254E+01   2.5212860E+01   2.4204027E+01   2.3417887E+01   2.2836472E+01   2.2724329E+01   2.2789755E+01   2.2831148E+01   2.2732449E+01   2.2462605E+01   2.2067242E+01   2.1551538E+01   2.0872633E+01   1.9835501E+01   1.8003891E+01   1.4513764E+01   8.3664732E+00   4.6013417E+00   5.1223903E+00   4.6159539E+00   2.7633617E+00   3.8218030E-01  -3.6588924E+00  -9.8307198E-01
  -3.5000000E+01  -3.5000000E+01  -3.5000000E+01  -3.5000000E+01  -3.5000000E+01  -3.5000000E+01  -3.5000000E+01  -2.4527067E+01  -1.8828014E+01  -1.5444728E+01  -1.3287324E+01  -1.1754177E+01  -1.0442361E+01  -9.2856054E+00  -8.2380943E+00  -7.2654481E+00  -6.3451996E+00  -5.4399347E+00  -4.5264440E+00  -3.5639396E+00  -2.5618250E+00  -1.4972585E+00  -2.8361624E-01   1.0179319E+00   2.4301293E+00   4.0082974E+00   5.7143941E+00   7.5304537E+00   9.4157267E+00   1.1367138E+01   1.3365282E+01   1.5400427E+01   1.7458210E+01   1.9354593E+01   2.1229536E+01   2.2988832E+01   2.4603704E+01   2.6050022E+01   2.7304899E+01   2.8359289E+01   2.9258953E+01   3.0117081E+01   3.0870699E+01   3.1410477E+01   3.1772419E+01   3.2212719E+01   3.3487705E+01   3.6188385E+01   3.8640179E+01   3.7923042E+01   3.7364464E+01   3.6994576E+01   3.6723476E+01   3.6544559E+01   3.6382809E+01   3.6214466E+01   3.6089035E+01   3.5952225E+01   3.5829121E+01   3.5707096E+01   3.5576942E+01   3.5442440E+01   3.5293701E+01   3.5097816E+01   3.4895542E+01   3.4670471E+01   3.4428864E+01   3.4125401E+01   3.3784454E+01   3.3323326E+01   3.2735870E+01   3.2058590E+01   3.1165739E+01   3.0140722E+01   2.8972130E+01   2.7678680E+01   2.6419767E+01   2.5199190E+01   2.4217194E+01   2.3412771E+01   2.2942320E+01   2.2842962E+01   2.2890614E+01   2.2896042E+01   2.2761202E+01   2.2465784E+01   2.2048578E+01   2.1508051E+01   2.0785349E+01   1.9669294E+01   1.7721884E+01   1.4087780E+01   7.9805374E+00   4.5405545E+00   5.1036172E+00   4.5502248E+00   2.6887186E+00   2.8397948E-01  -3.8060083E+00  -9.8174852E-01
  -3.5000000E+01  -3.5000000E+01  -3.5000000E+01  -3.5000000E+01  -3.5000000E+01  -3.5000000E+01  -3.5000000E+01  -2.4459135E+01  -1.8788858E+01  -1.5412661E+01  -1.3255211E+01  -1.1716980E+01  -1.0397498E+01  -9.2297754E+00  -8.1669178E+00  -7.1731086E+00  -6.2244306E+00  -5.2798080E+00  -4.3134770E+00  -3.2811999E+00  -2.1914723E+00  -1.0185958E+00   3.2252601E-01   1.7696952E+00   3.3456938E+00   5.0938292E+00   6.9701071E+00   8.9452190E+00   1.0989863E+01   1.3090217E+01   1.5223334E+01   1.7374210E+01   1.9517633E+01   2.1432032E+01   2.3296955E+01   2.4997107E+01   2.6504469E+01   2.7797768E+01   2.8881029E+01   2.9781317E+01   3.0592819E+01   3.1315166E+01   3.1924444E+01   3.2338108E+01   3.2727234E+01   3.3870270E+01   3.6494381E+01   3.8658756E+01   3.7581093E+01   3.7069782E+01   3.6754303E+01   3.6520412E+01   3.6334663E+01   3.6195679E+01   3.6063862E+01   3.5934242E+01   3.5823227E+01   3.5710011E+01   3.5603531E+01   3.5490208E+01   3.5373043E+01   3.5251045E+01   3.5106777E+01   3.4921555E+01   3.4736427E+01   3.4529911E+01   3.4302841E+01   3.4012054E+01   3.3678921E+01   3.3236179E+01   3.2670578E+01   3.1996113E+01   3.1105827E+01   3.0074316E+01   2.8891626E+01   2.7594435E+01   2.6348427E+01   2.5180359E+01   2.4222273E+01   2.3430027E+01   2.3037659E+01   2.2944328E+01   2.2969191E+01   2.2939573E+01   2.2771465E+01   2.2452766E+01   2.2014515E+01   2.1447437E+01   2.0676779E+01   1.9475391E+01   1.7395411E+01   1.3619998E+01   7.6100020E+00   4.5148172E+00   5.0834508E+00   4.4844112E+00   2.6137466E+00   1.8532835E-01  -3.9529104E+00  -9.8042500E-01
  -3.5000000E+01  -3.5000000E+01  -3.5000000E+01  -3.5000000E+01  -3.5000000E+01  -3.5000000E+01  -3.4914528E+01  -2.4388212E+01  -1.8748142E+01  -1.5379192E+01  -1.3221412E+01  -1.1677489E+01  -1.0349401E+01  -9.1692905E+00  -8.0889835E+00  -7.0709453E+00  -6.0894566E+00  -5.0993304E+00  -4.0719409E+00  -2.9596531E+00  -1.7700263E+00  -4.7507051E-01   1.0062306E+00   2.6112053E+00   4.3615098E+00   6.2860265E+00   8.3353453E+00   1.0469498E+01   1.2671419E+01   1.4914576E+01   1.7169889E+01   1.9413296E+01   2.1605186E+01   2.3490211E+01   2.5289585E+01   2.6871571E+01   2.8213587E+01   2.9326385E+01   3.0247656E+01   3.1054157E+01   3.1744444E+01   3.2349049E+01   3.2830345E+01   3.3220753E+01   3.4277431E+01   3.6784924E+01   3.8598690E+01   3.7384705E+01   3.6824970E+01   3.6528706E+01   3.6336483E+01   3.6178337E+01   3.6042614E+01   3.5928654E+01   3.5817963E+01   3.5712223E+01   3.5612720E+01   3.5515640E+01   3.5419247E+01   3.5312710E+01   3.5204117E+01   3.5089909E+01   3.4948746E+01   3.4772797E+01   3.4599915E+01   3.4407345E+01   3.4190723E+01   3.3910553E+01   3.3582767E+01   3.3154617E+01   3.2606236E+01   3.1932028E+01   3.1045103E+01   3.0005575E+01   2.8810755E+01   2.7518402E+01   2.6287703E+01   2.5158268E+01   2.4224138E+01   2.3464565E+01   2.3123175E+01   2.3030172E+01   2.3029512E+01   2.2965954E+01   2.2767145E+01   2.2426596E+01   2.1967278E+01   2.1371309E+01   2.0548618E+01   1.9257544E+01   1.7044180E+01   1.3136689E+01   7.2600951E+00   4.4955297E+00   5.0619273E+00   4.4185090E+00   2.5384464E+00   8.6241692E-02  -4.0995975E+00  -9.7910142E-01
  -3.5000000E+01  -3.5000000E+01  -3.5000000E+01  -3.5000000E+01  -3.5000000E+01  -3.5000000E+01  -3.4425724E+01  -2.4314159E+01  -1.8705755E+01  -1.5344215E+01  -1.3185782E+01  -1.1635490E+01  -1.0297737E+01  -9.1036358E+00  -8.0034904E+00  -6.9577317E+00  -5.9384317E+00  -4.8958373E+00  -3.7982087E+00  -2.5947585E+00  -1.2922523E+00   1.3870013E-01   1.7723130E+00   3.5462863E+00   5.4800367E+00   7.5861130E+00   9.8103418E+00   1.2102604E+01   1.4457581E+01   1.6832844E+01   1.9189243E+01   2.1489815E+01   2.3679373E+01   2.5477413E+01   2.7149998E+01   2.8556179E+01   2.9709820E+01   3.0656256E+01   3.1478971E+01   3.2167267E+01   3.2755821E+01   3.3243626E+01   3.3666912E+01   3.4687836E+01   3.7118828E+01   3.8574821E+01   3.7304363E+01   3.6661697E+01   3.6331387E+01   3.6151455E+01   3.6031029E+01   3.5919334E+01   3.5814903E+01   3.5717785E+01   3.5622471E+01   3.5532181E+01   3.5441696E+01   3.5355869E+01   3.5265568E+01   3.5164200E+01   3.5061680E+01   3.4951836E+01   3.4812885E+01   3.4645260E+01   3.4481400E+01   3.4299213E+01   3.4089806E+01   3.3817829E+01   3.3494484E+01   3.3077732E+01   3.2542103E+01   3.1866982E+01   3.0982191E+01   2.9933630E+01   2.8728992E+01   2.7445593E+01   2.6231813E+01   2.5134525E+01   2.4225851E+01   2.3509167E+01   2.3199810E+01   2.3102427E+01   2.3074766E+01   2.2978498E+01   2.2751179E+01   2.2389578E+01   2.1908577E+01   2.1281010E+01   2.0402323E+01   1.9018387E+01   1.6673485E+01   1.2645343E+01   6.9330363E+00   4.4800229E+00   5.0390806E+00   4.3525124E+00   2.4628186E+00  -1.3266209E-02  -4.2460694E+00  -9.7777772E-01
  -3.5000000E+01  -3.5000000E+01  -3.5000000E+01  -3.5000000E+01  -3.5000000E+01  -3.5000000E+01  -3.3962486E+01  -2.4236830E+01  -1.8661589E+01  -1.5307608E+01  -1.3148163E+01  -1.1590744E+01  -1.0242139E+01  -9.0322342E+00  -7.9095373E+00  -6.8320842E+00  -5.7692814E+00  -4.6663737E+00  -3.4883456E+00  -2.1817477E+00  -7.5288838E-01   8.2784474E-01   2.6252105E+00   4.5784888E+00   6.7038183E+00   8.9958839E+00   1.1396112E+01   1.3844028E+01   1.6343880E+01   1.8832705E+01   2.1256744E+01   2.3564304E+01   2.5688234E+01   2.7337337E+01   2.8825024E+01   3.0034750E+01   3.1017641E+01   3.1862635E+01   3.2567131E+01   3.3157799E+01   3.3633308E+01   3.4045357E+01   3.5084785E+01   3.7476601E+01   3.8563835E+01   3.7268711E+01   3.6571148E+01   3.6185791E+01   3.5982353E+01   3.5873501E+01   3.5798222E+01   3.5716702E+01   3.5632690E+01   3.5547489E+01   3.5463573E+01   3.5383656E+01   3.5300278E+01   3.5221992E+01   3.5135674E+01   3.5038261E+01   3.4939892E+01   3.4832180E+01   3.4694927E+01   3.4534302E+01   3.4377457E+01   3.4202778E+01   3.3998283E+01   3.3732517E+01   3.3412643E+01   3.3004826E+01   3.2478065E+01   3.1801178E+01   3.0916765E+01   2.9858566E+01   2.8646469E+01   2.7374201E+01   2.6178577E+01   2.5110441E+01   2.4228899E+01   2.3556686E+01   2.3268429E+01   2.3162821E+01   2.3107447E+01   2.2979773E+01   2.2725760E+01   2.2343430E+01   2.1839680E+01   2.1177616E+01   2.0239281E+01   1.8760366E+01   1.6287271E+01   1.2153043E+01   6.6295476E+00   4.4671106E+00   5.0149450E+00   4.2864165E+00   2.3868642E+00  -1.1318151E-01  -4.3923259E+00  -9.7645396E-01
  -3.5000000E+01  -3.5000000E+01  -3.5000000E+01  -3.5000000E+01  -3.5000000E+01  -3.5000000E+01  -3.3520557E+01  -2.4156071E+01  -1.8615515E+01  -1.5269239E+01  -1.3108377E+01  -1.1542983E+01  -1.0182190E+01  -8.9544334E+00  -7.8061085E+00  -6.6924424E+00  -5.5796847E+00  -4.4076810E+00  -3.1381226E+00  -1.7156715E+00  -1.4669861E-01   1.5972652E+00   3.5692024E+00   5.7115340E+00   8.0360565E+00   1.0518126E+01   1.3094319E+01   1.5692288E+01   1.8321663E+01   2.0893305E+01   2.3335871E+01   2.5586130E+01   2.7574186E+01   2.9017895E+01   3.0300610E+01   3.1333822E+01   3.2211380E+01   3.2938114E+01   3.3543602E+01   3.4013161E+01   3.4392960E+01   3.5446636E+01   3.7844021E+01   3.8561962E+01   3.7252949E+01   3.6525402E+01   3.6089218E+01   3.5848076E+01   3.5723511E+01   3.5661236E+01   3.5615639E+01   3.5554417E+01   3.5484108E+01   3.5407669E+01   3.5332283E+01   3.5259529E+01   3.5181732E+01   3.5108421E+01   3.5024700E+01   3.4930294E+01   3.4834572E+01   3.4727554E+01   3.4591675E+01   3.4436947E+01   3.4285500E+01   3.4116066E+01   3.3914570E+01   3.3653168E+01   3.3336395E+01   3.2935307E+01   3.2414272E+01   3.1734797E+01   3.0848906E+01   2.9780807E+01   2.8563534E+01   2.7303761E+01   2.6127325E+01   2.5087013E+01   2.4233936E+01   2.3604053E+01   2.3329729E+01   2.3212803E+01   2.3129501E+01   2.2971737E+01   2.2692486E+01   2.2289412E+01   2.1761513E+01   2.1062008E+01   2.0060787E+01   1.8485758E+01   1.5889031E+01   1.1664621E+01   6.3495727E+00   4.4561567E+00   4.9895530E+00   4.2202168E+00   2.3105843E+00  -2.1349077E-01  -4.5383658E+00  -9.7513014E-01
  -3.5000000E+01  -3.5000000E+01  -3.5000000E+01  -3.5000000E+01  -3.5000000E+01  -3.5000000E+01  -3.3096550E+01  -2.4071718E+01  -1.8567400E+01  -1.5228967E+01  -1.3066226E+01  -1.1491911E+01  -1.0117428E+01  -8.8695030E+00  -7.6920562E+00  -6.5370507E+00  -5.3670502E+00  -4.1161871E+00  -2.7430332E+00  -1.1914356E+00   5.3152698E-01   2.4517808E+00   4.6087770E+00   6.9498582E+00   9.4811306E+00   1.2156714E+01   1.4906431E+01   1.7642649E+01   2.0374430E+01   2.2981796E+01   2.5378183E+01   2.7499989E+01   2.9290688E+01   3.0505072E+01   3.1603682E+01   3.2525867E+01   3.3283234E+01   3.3907307E+01   3.4375496E+01   3.4721161E+01   3.5789200E+01   3.8185684E+01   3.8322948E+01   3.7248791E+01   3.6504066E+01   3.6034908E+01   3.5747940E+01   3.5597424E+01   3.5525517E+01   3.5495083E+01   3.5469482E+01   3.5422188E+01   3.5361244E+01   3.5291401E+01   3.5222439E+01   3.5154728E+01   3.5081268E+01   3.5011124E+01   3.4929070E+01   3.4836876E+01   3.4742634E+01   3.4635384E+01   3.4500679E+01   3.4350895E+01   3.4203506E+01   3.4037529E+01   3.3837578E+01   3.3579178E+01   3.3264996E+01   3.2868649E+01   3.2350651E+01   3.1667938E+01   3.0778938E+01   2.9700964E+01   2.8480593E+01   2.7234341E+01   2.6077997E+01   2.5064974E+01   2.4241158E+01   2.3649893E+01   2.3384249E+01   2.3253546E+01   2.3142452E+01   2.2955887E+01   2.2652531E+01   2.2228413E+01   2.1674730E+01   2.0934902E+01   1.9868044E+01   1.8196640E+01   1.5481761E+01   1.1183377E+01   6.0926161E+00   4.4467444E+00   4.9629364E+00   4.1539083E+00   2.2339804E+00  -3.1418097E-01  -4.6841893E+00  -9.7380620E-01
  -3.5000000E+01  -3.5000000E+01  -3.5000000E+01  -3.5000000E+01  -3.5000000E+01  -3.5000000E+01  -3.2687695E+01  -2.3983606E+01  -1.8517099E+01  -1.5186630E+01  -1.3021497E+01  -1.1437197E+01  -1.0047332E+01  -8.7766161E+00  -7.5660853E+00  -6.3639359E+00  -5.1284976E+00  -3.7880023E+00  -2.2983100E+00  -6.0380703E-01   1.2870533E+00   3.3964107E+00   5.7491384E+00   8.2992029E+00   1.1044932E+01   1.3916138E+01   1.6831793E+01   1.9683525E+01   2.2473822E+01   2.5052172E+01   2.7327696E+01   2.9253757E+01   3.0817465E+01   3.1824654E+01   3.2804317E+01   3.3602051E+01   3.4249870E+01   3.4714821E+01   3.5025173E+01   3.6115417E+01   3.8487370E+01   3.7988625E+01   3.7146019E+01   3.6496590E+01   3.6007885E+01   3.5686470E+01   3.5495342E+01   3.5405907E+01   3.5370827E+01   3.5362701E+01   3.5350693E+01   3.5313015E+01   3.5258541E+01   3.5193768E+01   3.5129635E+01   3.5065514E+01   3.4995369E+01   3.4927101E+01   3.4846058E+01   3.4755409E+01   3.4661743E+01   3.4553677E+01   3.4420017E+01   3.4274334E+01   3.4129879E+01   3.3965923E+01   3.3766418E+01   3.3509987E+01   3.3197781E+01   3.2804409E+01   3.2287292E+01   3.1600624E+01   3.0706953E+01   2.9619362E+01   2.8398092E+01   2.7166193E+01   2.6030752E+01   2.5044809E+01   2.4250484E+01   2.3693527E+01   2.3432394E+01   2.3285997E+01   2.3147490E+01   2.2933350E+01   2.2606735E+01   2.2161045E+01   2.1579796E+01   2.0796906E+01   1.9662169E+01   1.7894888E+01   1.5067933E+01   1.0711615E+01   5.8579130E+00   4.4385381E+00   4.9351263E+00   4.0874872E+00   2.1570539E+00  -4.1523948E-01  -4.8297963E+00  -9.7248214E-01
  -3.5000000E+01  -3.5000000E+01  -3.5000000E+01  -3.5000000E+01  -3.5000000E+01  -3.5000000E+01  -3.2291725E+01  -2.3891558E+01  -1.8464457E+01  -1.5142058E+01  -1.2973947E+01  -1.1378471E+01  -9.9713163E+00  -8.6748419E+00  -7.4267349E+00  -6.1708827E+00  -4.8608336E+00  -3.4189081E+00  -1.7989256E+00   5.2629273E-02   2.1253943E+00   4.4368153E+00   6.9968290E+00   9.7671585E+00   1.2734788E+01   1.5800018E+01   1.8864210E+01   2.1791985E+01   2.4577227E+01   2.7048586E+01   2.9130739E+01   3.0824339E+01   3.2174213E+01   3.3043892E+01   3.3892231E+01   3.4570038E+01   3.5031200E+01   3.5305634E+01   3.6420700E+01   3.8664700E+01   3.7655766E+01   3.6987461E+01   3.6444145E+01   3.5996796E+01   3.5653904E+01   3.5427963E+01   3.5303017E+01   3.5256714E+01   3.5248177E+01   3.5255852E+01   3.5253036E+01   3.5221962E+01   3.5171978E+01   3.5111126E+01   3.5050613E+01   3.4989048E+01   3.4921371E+01   3.4854050E+01   3.4773537E+01   3.4683872E+01   3.4590073E+01   3.4480862E+01   3.4348133E+01   3.4205803E+01   3.4063313E+01   3.3900234E+01   3.3700344E+01   3.3445068E+01   3.3134171E+01   3.2742203E+01   3.2224224E+01   3.1532854E+01   3.0633232E+01   2.9536518E+01   2.8316284E+01   2.7099613E+01   2.5985790E+01   2.5026823E+01   2.4261665E+01   2.3734571E+01   2.3474480E+01   2.3310934E+01   2.3145552E+01   2.2904976E+01   2.2555693E+01   2.2087717E+01   2.1477036E+01   2.0648548E+01   1.9444202E+01   1.7582184E+01   1.4649632E+01   1.0250999E+01   5.6445107E+00   4.4313331E+00   4.9061532E+00   4.0209484E+00   2.0798068E+00  -5.1665384E-01  -4.9751868E+00  -9.7115803E-01
  -3.5000000E+01  -3.5000000E+01  -3.5000000E+01  -3.5000000E+01  -3.5000000E+01  -3.5000000E+01  -3.1906734E+01  -2.3795385E+01  -1.8409298E+01  -1.5095057E+01  -1.2923310E+01  -1.1315321E+01  -9.8887224E+00  -8.5632286E+00  -7.2723560E+00  -5.9554067E+00  -4.5605316E+00  -3.0043466E+00  -1.2395650E+00   7.8359699E-01   3.0526519E+00   5.5799041E+00   8.3604374E+00   1.1363485E+01   1.4558541E+01   1.7808073E+01   2.0987095E+01   2.3930098E+01   2.6629969E+01   2.8915905E+01   3.0756918E+01   3.2221268E+01   3.3390194E+01   3.4151192E+01   3.4865112E+01   3.5324726E+01   3.5577198E+01   3.6721405E+01   3.8593258E+01   3.7385822E+01   3.6809639E+01   3.6359947E+01   3.5967796E+01   3.5639099E+01   3.5390114E+01   3.5230808E+01   3.5153831E+01   3.5138962E+01   3.5149925E+01   3.5168777E+01   3.5172031E+01   3.5145409E+01   3.5098530E+01   3.5040730E+01   3.4982899E+01   3.4923134E+01   3.4857220E+01   3.4790173E+01   3.4709827E+01   3.4620651E+01   3.4526188E+01   3.4415653E+01   3.4283756E+01   3.4144108E+01   3.4002754E+01   3.3839626E+01   3.3638721E+01   3.3383938E+01   3.3073650E+01   3.2681702E+01   3.2161423E+01   3.1464615E+01   3.0558035E+01   2.9452881E+01   2.8235498E+01   2.7034912E+01   2.5943319E+01   2.5011143E+01   2.4274347E+01   2.3772753E+01   2.3510759E+01   2.3328985E+01   2.3137381E+01   2.2871393E+01   2.2499805E+01   2.2008680E+01   2.1366682E+01   2.0490309E+01   1.9215118E+01   1.7260029E+01   1.4228586E+01   9.8027973E+00   5.4513268E+00   4.4248662E+00   4.8760471E+00   3.9542885E+00   2.0022411E+00  -6.1841238E-01  -5.1203609E+00  -9.6983373E-01
  -3.5000000E+01  -3.5000000E+01  -3.5000000E+01  -3.5000000E+01  -3.5000000E+01  -3.5000000E+01  -3.1531109E+01  -2.3694895E+01  -1.8351437E+01  -1.5045418E+01  -1.2869288E+01  -1.1247281E+01  -9.7988091E+00  -8.4407339E+00  -7.1010871E+00  -5.7147260E+00  -4.2237010E+00  -2.5393891E+00  -6.1454570E-01   1.5953726E+00   4.0760388E+00   6.8346195E+00   9.8512812E+00   1.3099859E+01   1.6522133E+01   1.9931162E+01   2.3168550E+01   2.6045414E+01   2.8574486E+01   3.0614614E+01   3.2216228E+01   3.3505730E+01   3.4494946E+01   3.5130245E+01   3.5592113E+01   3.5831310E+01   3.7036598E+01   3.8567589E+01   3.7299164E+01   3.6644234E+01   3.6256336E+01   3.5922668E+01   3.5621937E+01   3.5371574E+01   3.5188000E+01   3.5077724E+01   3.5036701E+01   3.5045250E+01   3.5070667E+01   3.5097313E+01   3.5104378E+01   3.5080631E+01   3.5035873E+01   3.4980446E+01   3.4924564E+01   3.4866028E+01   3.4801281E+01   3.4734020E+01   3.4653557E+01   3.4564457E+01   3.4468929E+01   3.4357002E+01   3.4225838E+01   3.4088253E+01   3.3947323E+01   3.3783405E+01   3.3581005E+01   3.3326149E+01   3.3015762E+01   3.2622612E+01   3.2098850E+01   3.1395893E+01   3.0481590E+01   2.9368835E+01   2.8156008E+01   2.6972261E+01   2.5903402E+01   2.4997774E+01   2.4288118E+01   2.3807856E+01   2.3541443E+01   2.3340683E+01   2.3123564E+01   2.2833069E+01   2.2439335E+01   2.1924086E+01   2.1248907E+01   2.0322630E+01   1.8975824E+01   1.6929764E+01   1.3806245E+01   9.3680258E+00   5.2771840E+00   4.4189482E+00   4.8448362E+00   3.8875027E+00   1.9243590E+00  -7.2050345E-01  -5.2653179E+00  -9.6850944E-01
  -3.5000000E+01  -3.5000000E+01  -3.5000000E+01  -3.5000000E+01  -3.5000000E+01  -3.5000000E+01  -3.1163464E+01  -2.3589880E+01  -1.8290670E+01  -1.4992906E+01  -1.2811552E+01  -1.1173830E+01  -9.7007380E+00  -8.3057823E+00  -6.9108262E+00  -5.4457273E+00  -3.8460507E+00  -2.0186765E+00   8.2349002E-02   2.4951959E+00   5.2046309E+00   8.2128820E+00   1.1483824E+01   1.4988324E+01   1.8624937E+01   2.2145205E+01   2.5359379E+01   2.8077499E+01   3.0363255E+01   3.2148552E+01   3.3562778E+01   3.4666653E+01   3.5460480E+01   3.5789326E+01   3.6061741E+01   3.7357712E+01   3.8564842E+01   3.7265862E+01   3.6558510E+01   3.6146961E+01   3.5861866E+01   3.5599564E+01   3.5360321E+01   3.5165745E+01   3.5030304E+01   3.4957485E+01   3.4944061E+01   3.4970310E+01   3.5006447E+01   3.5038353E+01   3.5047565E+01   3.5025539E+01   3.4982193E+01   3.4928593E+01   3.4874084E+01   3.4816326E+01   3.4752258E+01   3.4684429E+01   3.4603615E+01   3.4514229E+01   3.4417355E+01   3.4304035E+01   3.4173485E+01   3.4037411E+01   3.3896282E+01   3.3730984E+01   3.3526714E+01   3.3271286E+01   3.2960106E+01   3.2564690E+01   3.2036438E+01   3.1326677E+01   3.0404108E+01   2.9284729E+01   2.8078045E+01   2.6911861E+01   2.5866114E+01   2.4986618E+01   2.4302544E+01   2.3839691E+01   2.3566711E+01   2.3346470E+01   2.3104572E+01   2.2790339E+01   2.2374441E+01   2.1834003E+01   2.1123852E+01   2.0145941E+01   1.8727169E+01   1.6592581E+01   1.3383825E+01   8.9475365E+00   5.1208520E+00   4.4134097E+00   4.8125501E+00   3.8205879E+00   1.8461627E+00  -8.2291585E-01  -5.4100585E+00  -9.6718496E-01
  -3.5000000E+01  -3.5000000E+01  -3.5000000E+01  -3.5000000E+01  -3.5000000E+01  -3.5000000E+01  -3.0802597E+01  -2.3480125E+01  -1.8226778E+01  -1.4937263E+01  -1.2749728E+01  -1.1094382E+01  -9.5935593E+00  -8.1568413E+00  -6.6991978E+00  -5.1449223E+00  -3.4228342E+00  -1.4363037E+00   8.5816818E-01   3.4919150E+00   6.4504004E+00   9.7305784E+00   1.3275210E+01   1.7037415E+01   2.0852865E+01   2.4406717E+01   2.7497768E+01   2.9973736E+01   3.1989557E+01   3.3564976E+01   3.4780697E+01   3.5680634E+01   3.6080692E+01   3.5812679E+01   3.7674683E+01   3.8574886E+01   3.7259975E+01   3.6519016E+01   3.6067123E+01   3.5787891E+01   3.5566078E+01   3.5351856E+01   3.5157043E+01   3.5004372E+01   3.4905819E+01   3.4862423E+01   3.4870552E+01   3.4910282E+01   3.4954296E+01   3.4989532E+01   3.4999645E+01   3.4978485E+01   3.4936035E+01   3.4883816E+01   3.4830227E+01   3.4772888E+01   3.4709099E+01   3.4640438E+01   3.4559078E+01   3.4469101E+01   3.4370682E+01   3.4256004E+01   3.4125957E+01   3.3990875E+01   3.3849014E+01   3.3681854E+01   3.3475426E+01   3.3218979E+01   3.2906330E+01   3.2507710E+01   3.1974117E+01   3.1256964E+01   3.0325790E+01   2.9200857E+01   2.8001802E+01   2.6853855E+01   2.5831461E+01   2.4977493E+01   2.4317171E+01   2.3868103E+01   2.3586739E+01   2.3346724E+01   2.3080778E+01   2.2743441E+01   2.2305208E+01   2.1738462E+01   2.0991638E+01   1.9960655E+01   1.8469954E+01   1.6249540E+01   1.2962370E+01   8.5420752E+00   4.9810605E+00   4.4081006E+00   4.7792153E+00   3.7535400E+00   1.7676548E+00  -9.2563874E-01  -5.5545831E+00  -9.6586043E-01
  -3.5000000E+01  -3.5000000E+01  -3.5000000E+01  -3.5000000E+01  -3.5000000E+01  -3.5000000E+01  -3.0447453E+01  -2.3365400E+01  -1.8159515E+01  -1.4878202E+01  -1.2683403E+01  -1.1008274E+01  -9.4761944E+00  -7.9921756E+00  -6.4635119E+00  -4.8083925E+00  -2.9487581E+00  -7.8561127E-01   1.7212945E+00   4.5969615E+00   7.8295579E+00   1.1408192E+01   1.5242736E+01   1.9245125E+01   2.3171474E+01   2.6654785E+01   2.9523075E+01   3.1704468E+01   3.3461636E+01   3.4847389E+01   3.5858250E+01   3.6436138E+01   3.6265259E+01   3.5693813E+01   3.7495365E+01   3.8278275E+01   3.6508774E+01   3.6023220E+01   3.5715858E+01   3.5516670E+01   3.5336823E+01   3.5157185E+01   3.4996197E+01   3.4876270E+01   3.4806877E+01   3.4787075E+01   3.4812237E+01   3.4862255E+01   3.4911934E+01   3.4949005E+01   3.4959091E+01   3.4938160E+01   3.4896225E+01   3.4845020E+01   3.4791985E+01   3.4734779E+01   3.4670925E+01   3.4601246E+01   3.4519176E+01   3.4428352E+01   3.4328262E+01   3.4212288E+01   3.4082603E+01   3.3948048E+01   3.3804989E+01   3.3635593E+01   3.3426773E+01   3.3168880E+01   3.2854115E+01   3.2451473E+01   3.1911819E+01   3.1186756E+01   3.0246820E+01   2.9117489E+01   2.7927446E+01   2.6798342E+01   2.5799395E+01   2.4970161E+01   2.4331570E+01   2.3892958E+01   2.3601683E+01   2.3341776E+01   2.3052477E+01   2.2692539E+01   2.2231663E+01   2.1637465E+01   2.0852390E+01   1.9767181E+01   1.8204920E+01   1.5901592E+01   1.2542783E+01   8.1523018E+00   4.8565354E+00   4.4028888E+00   4.7448597E+00   3.6863561E+00   1.6888380E+00  -1.0286614E+00  -5.6988916E+00  -9.6453577E-01
  -3.5000000E+01  -3.5000000E+01  -3.5000000E+01  -3.5000000E+01  -3.5000000E+01  -3.5000000E+01  -3.0097094E+01  -2.3245466E+01  -1.8088619E+01  -1.4815409E+01  -1.2612110E+01  -1.0914758E+01  -9.3474197E+00  -7.8098054E+00  -6.2007179E+00  -4.4317141E+00  -2.4178364E+00  -5.8827449E-02   2.6822577E+00   5.8257818E+00   9.3640642E+00   1.3270045E+01   1.7397720E+01   2.1589844E+01   2.5524063E+01   2.8822290E+01   3.1393799E+01   3.3278744E+01   3.4828613E+01   3.5998337E+01   3.6744217E+01   3.6883148E+01   3.6157852E+01   3.5538780E+01   3.7370068E+01   3.7949020E+01   3.6008522E+01   3.5669243E+01   3.5453163E+01   3.5305557E+01   3.5155022E+01   3.5001514E+01   3.4867325E+01   3.4773792E+01   3.4728020E+01   3.4727436E+01   3.4766148E+01   3.4823975E+01   3.4877575E+01   3.4915310E+01   3.4924671E+01   3.4903503E+01   3.4861794E+01   3.4811310E+01   3.4758530E+01   3.4701214E+01   3.4637020E+01   3.4566181E+01   3.4483253E+01   3.4391380E+01   3.4289547E+01   3.4172348E+01   3.4042881E+01   3.3908417E+01   3.3763767E+01   3.3591831E+01   3.3380421E+01   3.3120682E+01   3.2803192E+01   3.2395813E+01   3.1849482E+01   3.1116068E+01   3.0167381E+01   2.9034863E+01   2.7855116E+01   2.6745375E+01   2.5769814E+01   2.4964338E+01   2.4345327E+01   2.3914145E+01   2.3611696E+01   2.3331903E+01   2.3019905E+01   2.2637733E+01   2.2153801E+01   2.1530994E+01   2.0706236E+01   1.9565924E+01   1.7932764E+01   1.5549579E+01   1.2125865E+01   7.7788057E+00   4.7460179E+00   4.3976569E+00   4.7095094E+00   3.6190321E+00   1.6097150E+00  -1.1319736E+00  -5.8429837E+00  -9.6321100E-01
  -3.5000000E+01  -3.5000000E+01  -3.5000000E+01  -3.5000000E+01  -3.5000000E+01  -3.4405258E+01  -2.9750679E+01  -2.3120066E+01  -1.8013798E+01  -1.4748527E+01  -1.2535326E+01  -1.0812984E+01  -9.2058411E+00  -7.6074715E+00  -5.9073381E+00  -4.0098448E+00  -1.8231398E+00   7.5354159E-01   3.7550333E+00   7.1998305E+00   1.1082665E+01   1.5340214E+01   1.9735254E+01   2.4023901E+01   2.7839407E+01   3.0854027E+01   3.3103935E+01   3.4740417E+01   3.6066204E+01   3.6994068E+01   3.7393944E+01   3.7040264E+01   3.5869511E+01   3.5396420E+01   3.7254978E+01   3.7615334E+01   3.5650383E+01   3.5405338E+01   3.5250694E+01   3.5137630E+01   3.5008453E+01   3.4875492E+01   3.4763233E+01   3.4691486E+01   3.4665218E+01   3.4680466E+01   3.4730003E+01   3.4793686E+01   3.4849792E+01   3.4887283E+01   3.4895401E+01   3.4873650E+01   3.4831951E+01   3.4781929E+01   3.4729164E+01   3.4671539E+01   3.4606777E+01   3.4534676E+01   3.4450768E+01   3.4357674E+01   3.4254070E+01   3.4135708E+01   3.4006306E+01   3.3871544E+01   3.3724960E+01   3.3550240E+01   3.3336071E+01   3.3074104E+01   3.2753315E+01   3.2340576E+01   3.1787041E+01   3.1044928E+01   3.0087639E+01   2.8953192E+01   2.7784920E+01   2.6694969E+01   2.5742575E+01   2.4959709E+01   2.4358068E+01   2.3931581E+01   2.3616932E+01   2.3317356E+01   2.2983246E+01   2.2579090E+01   2.2071594E+01   2.1419043E+01   2.0553314E+01   1.9357279E+01   1.7654142E+01   1.5194271E+01   1.1712335E+01   7.4221025E+00   4.6482825E+00   4.3923016E+00   4.6731901E+00   3.5515652E+00   1.5302888E+00  -1.2355653E+00  -5.9868603E+00  -9.6188617E-01
  -3.5000000E+01  -3.5000000E+01  -3.5000000E+01  -3.5000000E+01  -3.5000000E+01  -3.3739899E+01  -2.9407442E+01  -2.2988930E+01  -1.7934736E+01  -1.4677160E+01  -1.2452458E+01  -1.0701988E+01  -9.0498610E+00  -7.3825846E+00  -5.5793800E+00  -3.5369487E+00  -1.1563729E+00   1.6637408E+00   4.9590793E+00   8.7489681E+00   1.3019687E+01   1.7632956E+01   2.2223101E+01   2.6476389E+01   3.0048706E+01   3.2720303E+01   3.4659519E+01   3.6070923E+01   3.7167107E+01   3.7799469E+01   3.7789379E+01   3.6955109E+01   3.5485146E+01   3.5284897E+01   3.7129864E+01   3.7292648E+01   3.5382809E+01   3.5202942E+01   3.5091259E+01   3.5001923E+01   3.4888844E+01   3.4772602E+01   3.4678753E+01   3.4625351E+01   3.4615433E+01   3.4643837E+01   3.4702015E+01   3.4769970E+01   3.4827450E+01   3.4863976E+01   3.4870464E+01   3.4847881E+01   3.4806030E+01   3.4756256E+01   3.4703312E+01   3.4645206E+01   3.4579693E+01   3.4506248E+01   3.4421249E+01   3.4326805E+01   3.4221436E+01   3.4101971E+01   3.3972466E+01   3.3837048E+01   3.3688236E+01   3.3510544E+01   3.3293453E+01   3.3028896E+01   3.2704277E+01   3.2285633E+01   3.1724449E+01   3.0973368E+01   3.0007759E+01   2.8872667E+01   2.7716944E+01   2.6647104E+01   2.5717493E+01   2.4955952E+01   2.4369448E+01   2.3945215E+01   2.3617535E+01   2.3298346E+01   2.2942648E+01   2.2516634E+01   2.1984999E+01   2.1301600E+01   2.0393778E+01   1.9141645E+01   1.7369659E+01   1.4836338E+01   1.1302858E+01   7.0826302E+00   4.5621490E+00   4.3867316E+00   4.6359272E+00   3.4839528E+00   1.4505626E+00  -1.3394269E+00  -6.1305213E+00  -9.6056122E-01
  -3.5000000E+01  -3.5000000E+01  -3.5000000E+01  -3.5000000E+01  -3.5000000E+01  -3.3153721E+01  -2.9066683E+01  -2.2851770E+01  -1.7851082E+01  -1.4600871E+01  -1.2362840E+01  -1.0580668E+01  -8.8776503E+00  -7.1321588E+00  -5.2122145E+00  -3.0061111E+00  -4.0714365E-01   2.6885097E+00   6.3223681E+00   1.0513227E+01   1.5208401E+01   2.0138180E+01   2.4797480E+01   2.8867529E+01   3.2102268E+01   3.4417728E+01   3.6078079E+01   3.7273914E+01   3.8106724E+01   3.8385250E+01   3.7938915E+01   3.6685104E+01   3.5067371E+01   3.5207706E+01   3.6994888E+01   3.6989147E+01   3.5177319E+01   3.5044636E+01   3.4963753E+01   3.4890923E+01   3.4790356E+01   3.4688129E+01   3.4610062E+01   3.4572361E+01   3.4576321E+01   3.4615707E+01   3.4680752E+01   3.4751698E+01   3.4809616E+01   3.4844616E+01   3.4849194E+01   3.4825603E+01   3.4783474E+01   3.4733768E+01   3.4680477E+01   3.4621746E+01   3.4555325E+01   3.4480484E+01   3.4394302E+01   3.4298409E+01   3.4191296E+01   3.4070774E+01   3.3940998E+01   3.3804600E+01   3.3653313E+01   3.3472485E+01   3.3252335E+01   3.2984825E+01   3.2655891E+01   3.2230873E+01   3.1661667E+01   3.0901436E+01   2.9927896E+01   2.8793455E+01   2.7651249E+01   2.6601725E+01   2.5694361E+01   2.4952728E+01   2.4379156E+01   2.3955013E+01   2.3613649E+01   2.3275059E+01   2.2898216E+01   2.2450371E+01   2.1893967E+01   2.1178667E+01   2.0227793E+01   1.8919413E+01   1.7079885E+01   1.4476399E+01   1.0898058E+01   6.7607417E+00   4.4864960E+00   4.3808665E+00   4.5977449E+00   3.4161916E+00   1.3705394E+00  -1.4435489E+00  -6.2739673E+00  -9.5923615E-01
  -3.5000000E+01  -3.5000000E+01  -3.5000000E+01  -3.5000000E+01  -3.5000000E+01  -3.2610031E+01  -2.8727749E+01  -2.2708281E+01  -1.7762449E+01  -1.4519161E+01  -1.2265711E+01  -1.0447763E+01  -8.6870928E+00  -6.8527236E+00  -4.8003826E+00  -2.4088559E+00   4.3833157E-01   3.8520079E+00   7.8852897E+00   1.2540927E+01   1.7666092E+01   2.2808813E+01   2.7372408E+01   3.1128462E+01   3.3978962E+01   3.5961834E+01   3.7371838E+01   3.8334835E+01   3.8854588E+01   3.8738388E+01   3.7870663E+01   3.6287491E+01   3.4659523E+01   3.5161953E+01   3.6852516E+01   3.6708755E+01   3.5016556E+01   3.4919056E+01   3.4860455E+01   3.4799286E+01   3.4708748E+01   3.4618565E+01   3.4554272E+01   3.4530178E+01   3.4546036E+01   3.4594620E+01   3.4665058E+01   3.4737938E+01   3.4795525E+01   3.4828560E+01   3.4831036E+01   3.4806316E+01   3.4763809E+01   3.4714012E+01   3.4660240E+01   3.4600765E+01   3.4533314E+01   3.4457027E+01   3.4369583E+01   3.4272167E+01   3.4163353E+01   3.4041809E+01   3.3911587E+01   3.3773911E+01   3.3619942E+01   3.3435848E+01   3.3212490E+01   3.2941692E+01   3.2607994E+01   3.2176197E+01   3.1598667E+01   3.0829180E+01   2.9848202E+01   2.8715706E+01   2.7587870E+01   2.6558739E+01   2.5672943E+01   2.4949715E+01   2.4386929E+01   2.3960966E+01   2.3605412E+01   2.3247656E+01   2.2850035E+01   2.2380289E+01   2.1798454E+01   2.1050266E+01   2.0055540E+01   1.8690966E+01   1.6785355E+01   1.4115019E+01   1.0498530E+01   6.4566936E+00   4.4202671E+00   4.3746362E+00   4.5586686E+00   3.3482790E+00   1.2902225E+00  -1.5479223E+00  -6.4171977E+00  -9.5791101E-01
  -3.5000000E+01  -3.5000000E+01  -3.5000000E+01  -3.5000000E+01  -3.5000000E+01  -3.2099094E+01  -2.8390028E+01  -2.2558134E+01  -1.7668417E+01  -1.4431478E+01  -1.2160206E+01  -1.0301822E+01  -8.4757338E+00  -6.5402007E+00  -4.3372912E+00  -1.7342873E+00   1.3995562E+00   5.1904988E+00   9.7037544E+00   1.4877815E+01   2.0373648E+01   2.5560871E+01   2.9859457E+01   3.3214214E+01   3.5684326E+01   3.7371189E+01   3.8536419E+01   3.9226303E+01   3.9386646E+01   3.8864872E+01   3.7624493E+01   3.5813789E+01   3.4288826E+01   3.5142628E+01   3.6705959E+01   3.6452854E+01   3.4889149E+01   3.4818474E+01   3.4776001E+01   3.4723099E+01   3.4640835E+01   3.4561234E+01   3.4509136E+01   3.4496967E+01   3.4523098E+01   3.4579388E+01   3.4653996E+01   3.4727921E+01   3.4784554E+01   3.4815285E+01   3.4815529E+01   3.4789600E+01   3.4746635E+01   3.4696617E+01   3.4642246E+01   3.4581921E+01   3.4513336E+01   3.4435577E+01   3.4346802E+01   3.4247814E+01   3.4137344E+01   3.4014801E+01   3.3883957E+01   3.3744736E+01   3.3587902E+01   3.3400440E+01   3.3173725E+01   3.2899319E+01   3.2560444E+01   3.2121529E+01   3.1535431E+01   3.0756662E+01   2.9768816E+01   2.8639544E+01   2.7526815E+01   2.6518032E+01   2.5652990E+01   2.4946590E+01   2.4392534E+01   2.3963081E+01   2.3592955E+01   2.3216276E+01   2.2798164E+01   2.2306364E+01   2.1698418E+01   2.0916430E+01   1.9877214E+01   1.8456680E+01   1.6486559E+01   1.3752713E+01   1.0104851E+01   6.1706386E+00   4.3624749E+00   4.3679776E+00   4.5187201E+00   3.2802129E+00   1.2096152E+00  -1.6525379E+00  -6.5602136E+00  -9.5658576E-01
  -3.5000000E+01  -3.5000000E+01  -3.5000000E+01  -3.5000000E+01  -3.5000000E+01  -3.1613771E+01  -2.8052937E+01  -2.2400978E+01  -1.7568514E+01  -1.4337190E+01  -1.2045338E+01  -1.0141163E+01  -8.2406969E+00  -6.1897101E+00  -3.8146896E+00  -9.6750242E-01   2.5059605E+00   6.7588363E+00   1.1846251E+01   1.7543581E+01   2.3262289E+01   2.8291142E+01   3.2190311E+01   3.5112865E+01   3.7237499E+01   3.8652035E+01   3.9550388E+01   3.9919209E+01   3.9693363E+01   3.8787071E+01   3.7244858E+01   3.5307014E+01   3.3969875E+01   3.5144604E+01   3.6558365E+01   3.6221336E+01   3.4787281E+01   3.4737198E+01   3.4706436E+01   3.4659424E+01   3.4584187E+01   3.4514061E+01   3.4472889E+01   3.4471272E+01   3.4506317E+01   3.4569042E+01   3.4646786E+01   3.4721016E+01   3.4776173E+01   3.4804344E+01   3.4802277E+01   3.4775089E+01   3.4731606E+01   3.4681255E+01   3.4626186E+01   3.4564919E+01   3.4495121E+01   3.4415863E+01   3.4325699E+01   3.4225117E+01   3.4113045E+01   3.3989502E+01   3.3857861E+01   3.3716854E+01   3.3557003E+01   3.3366077E+01   3.3135868E+01   3.2857533E+01   3.2513126E+01   3.2066795E+01   3.1471949E+01   3.0683949E+01   2.9689873E+01   2.8565077E+01   2.7468077E+01   2.6479464E+01   2.5634239E+01   2.4943054E+01   2.4395777E+01   2.3961382E+01   2.3576403E+01   2.3181038E+01   2.2742647E+01   2.2228569E+01   2.1593826E+01   2.0777206E+01   1.9693018E+01   1.8216925E+01   1.6183966E+01   1.3389961E+01   9.7175865E+00   5.9026165E+00   4.3122063E+00   4.3608370E+00   4.4779234E+00   3.2119908E+00   1.1287211E+00  -1.7573874E+00  -6.7030149E+00  -9.5526040E-01
  -3.5000000E+01  -3.5000000E+01  -3.5000000E+01  -3.5000000E+01  -3.5000000E+01  -3.1148674E+01  -2.7715914E+01  -2.2236441E+01  -1.7462219E+01  -1.4235589E+01  -1.1919967E+01  -9.9638290E+00  -7.9785638E+00  -5.7952676E+00  -3.2217064E+00  -8.6530335E-02   3.8041964E+00   8.6361179E+00   1.4375713E+01   2.0503462E+01   2.6221672E+01   3.0903107E+01   3.4327091E+01   3.6839462E+01   3.8653309E+01   3.9791809E+01   4.0383533E+01   4.0393185E+01   3.9782021E+01   3.8538483E+01   3.6775291E+01   3.4800785E+01   3.3708214E+01   3.5151974E+01   3.6412117E+01   3.6013206E+01   3.4705341E+01   3.4671185E+01   3.4648800E+01   3.4606007E+01   3.4536907E+01   3.4475399E+01   3.4444118E+01   3.4451900E+01   3.4494713E+01   3.4562790E+01   3.4642784E+01   3.4716690E+01   3.4769943E+01   3.4795372E+01   3.4790951E+01   3.4762486E+01   3.4718433E+01   3.4667645E+01   3.4611797E+01   3.4549511E+01   3.4478436E+01   3.4397659E+01   3.4306065E+01   3.4203869E+01   3.4090252E+01   3.3965698E+01   3.3833088E+01   3.3690079E+01   3.3527081E+01   3.3332603E+01   3.3098755E+01   3.2816200E+01   3.2465935E+01   3.2011955E+01   3.1408226E+01   3.0611109E+01   2.9611498E+01   2.8492390E+01   2.7411612E+01   2.6442871E+01   2.5616423E+01   2.4938826E+01   2.4396496E+01   2.3955906E+01   2.3555874E+01   2.3142044E+01   2.2683510E+01   2.2146873E+01   2.1484657E+01   2.0632666E+01   1.9503168E+01   1.7972054E+01   1.5878010E+01   1.3027207E+01   9.3372974E+00   5.6524277E+00   4.2686181E+00   4.3531671E+00   4.4363008E+00   3.1436107E+00   1.0475436E+00  -1.8624622E+00  -6.8456016E+00  -9.5393491E-01
  -3.5000000E+01  -3.5000000E+01  -3.5000000E+01  -3.5000000E+01  -3.5000000E+01  -3.0699640E+01  -2.7378410E+01  -2.2064112E+01  -1.7348955E+01  -1.4125867E+01  -1.1782778E+01  -9.7675123E+00  -7.6852078E+00  -5.3492484E+00  -2.5429685E+00   9.4366246E-01   5.3691444E+00   1.0921058E+01   1.7311880E+01   2.3657225E+01   2.9129215E+01   3.3330364E+01   3.6267929E+01   3.8414814E+01   3.9929443E+01   4.0763336E+01   4.1008183E+01   4.0642830E+01   3.9674545E+01   3.8157909E+01   3.6254845E+01   3.4319683E+01   3.3502670E+01   3.5144093E+01   3.6269344E+01   3.5827019E+01   3.4639347E+01   3.4617348E+01   3.4600834E+01   3.4561104E+01   3.4497501E+01   3.4443935E+01   3.4421684E+01   3.4437889E+01   3.4487480E+01   3.4559963E+01   3.4641449E+01   3.4714500E+01   3.4765507E+01   3.4788055E+01   3.4781277E+01   3.4751526E+01   3.4706856E+01   3.4655548E+01   3.4598846E+01   3.4535477E+01   3.4463070E+01   3.4380768E+01   3.4287708E+01   3.4183903E+01   3.4068787E+01   3.3943195E+01   3.3809444E+01   3.3664242E+01   3.3497982E+01   3.3299881E+01   3.3062244E+01   3.2775196E+01   3.2418785E+01   3.1956959E+01   3.1344271E+01   3.0538212E+01   2.9533806E+01   2.8421549E+01   2.7357367E+01   2.6408072E+01   2.5599276E+01   2.4933641E+01   2.4394562E+01   2.3946697E+01   2.3531481E+01   2.3099379E+01   2.2620770E+01   2.2061247E+01   2.1370901E+01   2.0482889E+01   1.9307888E+01   1.7722420E+01   1.5569095E+01   1.2664871E+01   8.9645443E+00   5.4201145E+00   4.2309403E+00   4.3449249E+00   4.3938737E+00   3.0750704E+00   9.6608639E-01  -1.9677541E+00  -6.9879751E+00  -9.5260936E-01
