   0.0000000E+00   0.0000000E+00   0.0000000E+00   0.0000000E+00   0.0000000E+00   0.0000000E+00   0.0000000E+00   0.0000000E+00   0.0000000E+00   0.0000000E+00   0.0000000E+00   0.0000000E+00   0.0000000E+00   0.0000000E+00   0.0000000E+00   0.0000000E+00   0.0000000E+00   0.0000000E+00   0.0000000E+00   0.0000000E+00   0.0000000E+00   0.0000000E+00   0.0000000E+00   0.0000000E+00   0.0000000E+00   0.0000000E+00   0.0000000E+00   0.0000000E+00   0.0000000E+00   0.0000000E+00   0.0000000E+00   0.0000000E+00   0.0000000E+00   0.0000000E+00   0.0000000E+00   0.0000000E+00   0.0000000E+00   0.0000000E+00   0.0000000E+00   0.0000000E+00   0.0000000E+00   0.0000000E+00   0.0000000E+00   0.0000000E+00   0.0000000E+00   0.0000000E+00   0.0000000E+00   0.0000000E+00   0.0000000E+00   0.0000000E+00   0.0000000E+00   0.0000000E+00   0.0000000E+00   0.0000000E+00   0.0000000E+00   0.0000000E+00   0.0000000E+00   0.0000000E+00   0.0000000E+00   0.0000000E+00   0.0000000E+00   0.0000000E+00   0.0000000E+00   0.0000000E+00   0.0000000E+00   0.0000000E+00   0.0000000E+00   0.0000000E+00   0.0000000E+00   0.0000000E+00   0.0000000E+00   0.0000000E+00   0.0000000E+00   0.0000000E+00   0.0000000E+00   0.0000000E+00   0.0000000E+00   0.0000000E+00   0.0000000E+00   0.0000000E+00   0.0000000E+00   0.0000000E+00   0.0000000E+00   0.0000000E+00   0.0000000E+00   0.0000000E+00   0.0000000E+00   0.0000000E+00   0.0000000E+00   0.0000000E+00   0.0000000E+00   0.0000000E+00   0.0000000E+00   0.0000000E+00   0.0000000E+00   0.0000000E+00   0.0000000E+00   0.0000000E+00   0.0000000E+00   0.0000000E+00
  -3.5000000E+01  -3.5000000E+01  -3.5000000E+01  -3.5000000E+01  -3.5000000E+01  -3.5000000E+01  -3.5000000E+01  -3.5000000E+01  -3.5000000E+01  -3.5000000E+01  -3.5000000E+01  -3.5000000E+01  -3.5000000E+01  -3.5000000E+01  -3.5000000E+01  -3.5000000E+01  -3.5000000E+01  -3.5000000E+01  -3.5000000E+01  -3.5000000E+01  -3.5000000E+01  -3.5000000E+01  -3.5000000E+01  -3.5000000E+01  -3.5000000E+01  -3.5000000E+01  -3.5000000E+01  -3.5000000E+01  -3.5000000E+01  -3.5000000E+01  -3.5000000E+01  -3.5000000E+01  -3.5000000E+01  -3.5000000E+01  -3.5000000E+01  -3.5000000E+01  -3.5000000E+01  -3.5000000E+01  -3.5000000E+01  -3.5000000E+01  -3.5000000E+01  -3.5000000E+01  -3.5000000E+01  -3.5000000E+01  -3.5000000E+01  -3.5000000E+01  -3.5000000E+01  -3.5000000E+01  -3.5000000E+01  -3.5000000E+01  -3.5000000E+01  -3.5000000E+01  -3.5000000E+01  -3.5000000E+01  -3.5000000E+01  -3.5000000E+01  -3.5000000E+01  -3.5000000E+01  -3.5000000E+01  -3.5000000E+01  -3.5000000E+01  -3.5000000E+01  -3.5000000E+01  -3.5000000E+01  -3.5000000E+01  -3.5000000E+01  -3.5000000E+01  -3.5000000E+01  -3.5000000E+01  -3.5000000E+01  -3.5000000E+01  -3.5000000E+01  -3.5000000E+01  -3.5000000E+01  -3.5000000E+01  -3.5000000E+01  -3.5000000E+01  -3.5000000E+01  -3.5000000E+01  -3.5000000E+01  -3.5000000E+01  -3.5000000E+01  -3.5000000E+01  -3.5000000E+01  -3.5000000E+01  -3.5000000E+01  -3.5000000E+01  -3.5000000E+01  -3.5000000E+01  -3.5000000E+01  -3.5000000E+01  -3.5000000E+01  -3.5000000E+01  -3.5000000E+01  -3.5000000E+01  -3.5000000E+01  -3.5000000E+01  -3.5000000E+01  -3.5000000E+01  -3.5000000E+01
  -3.5000000E+01  -3.5000000E+01  -3.5000000E+01  -3.5000000E+01  -3.5000000E+01  -3.5000000E+01  -3.5000000E+01  -3.5000000E+01  -3.5000000E+01  -3.5000000E+01  -3.5000000E+01  -3.5000000E+01  -3.5000000E+01  -3.5000000E+01  -3.5000000E+01  -3.5000000E+01  -3.5000000E+01  -3.5000000E+01  -3.5000000E+01  -3.5000000E+01  -3.5000000E+01  -3.5000000E+01  -3.5000000E+01  -3.5000000E+01  -3.5000000E+01  -3.5000000E+01  -3.5000000E+01  -3.5000000E+01  -3.5000000E+01  -3.5000000E+01  -3.5000000E+01  -3.5000000E+01  -3.5000000E+01  -3.5000000E+01  -3.5000000E+01  -3.5000000E+01  -3.5000000E+01  -3.5000000E+01  -3.5000000E+01  -3.5000000E+01  -3.5000000E+01  -3.5000000E+01  -3.5000000E+01  -3.5000000E+01  -3.5000000E+01  -3.5000000E+01  -3.5000000E+01  -3.5000000E+01  -3.5000000E+01  -3.5000000E+01  -3.5000000E+01  -3.5000000E+01  -3.5000000E+01  -3.5000000E+01  -3.5000000E+01  -3.5000000E+01  -3.5000000E+01  -3.5000000E+01  -3.5000000E+01  -3.5000000E+01  -3.5000000E+01  -3.5000000E+01  -3.5000000E+01  -3.5000000E+01  -3.5000000E+01  -3.5000000E+01  -3.5000000E+01  -3.5000000E+01  -3.5000000E+01  -3.5000000E+01  -3.5000000E+01  -3.5000000E+01  -3.5000000E+01  -3.5000000E+01  -3.5000000E+01  -3.5000000E+01  -3.5000000E+01  -3.5000000E+01  -3.5000000E+01  -3.5000000E+01  -3.5000000E+01  -3.5000000E+01  -3.5000000E+01  -3.5000000E+01  -3.5000000E+01  -3.5000000E+01  -3.5000000E+01  -3.5000000E+01  -3.5000000E+01  -3.5000000E+01  -3.5000000E+01  -3.5000000E+01  -3.5000000E+01  -3.5000000E+01  -3.5000000E+01  -3.5000000E+01  -3.5000000E+01  -3.5000000E+01  -3.5000000E+01  -3.5000000E+01
  -3.5000000E+01  -3.5000000E+01  -3.5000000E+01  -3.5000000E+01  -3.5000000E+01  -3.5000000E+01  -3.5000000E+01  -3.5000000E+01  -3.5000000E+01  -3.5000000E+01  -3.5000000E+01  -3.5000000E+01  -3.5000000E+01  -3.5000000E+01  -3.5000000E+01  -3.5000000E+01  -3.5000000E+01  -3.5000000E+01  -3.5000000E+01  -3.5000000E+01  -3.5000000E+01  -3.5000000E+01  -3.5000000E+01  -3.5000000E+01  -3.5000000E+01  -3.5000000E+01  -3.5000000E+01  -3.5000000E+01  -3.5000000E+01  -3.5000000E+01  -3.5000000E+01  -3.5000000E+01  -3.5000000E+01  -3.5000000E+01  -3.5000000E+01  -3.5000000E+01  -3.5000000E+01  -3.5000000E+01  -3.5000000E+01  -3.5000000E+01  -3.5000000E+01  -3.5000000E+01  -3.5000000E+01  -3.5000000E+01  -3.5000000E+01  -3.5000000E+01  -3.5000000E+01  -3.5000000E+01  -3.5000000E+01  -3.5000000E+01  -3.5000000E+01  -3.5000000E+01  -3.5000000E+01  -3.5000000E+01  -3.5000000E+01  -3.5000000E+01  -3.5000000E+01  -3.5000000E+01  -3.5000000E+01  -3.5000000E+01  -3.5000000E+01  -3.5000000E+01  -3.5000000E+01  -3.5000000E+01  -3.5000000E+01  -3.5000000E+01  -3.5000000E+01  -3.5000000E+01  -3.5000000E+01  -3.5000000E+01  -3.5000000E+01  -3.5000000E+01  -3.5000000E+01  -3.5000000E+01  -3.5000000E+01  -3.5000000E+01  -3.5000000E+01  -3.5000000E+01  -3.5000000E+01  -3.5000000E+01  -3.5000000E+01  -3.5000000E+01  -3.5000000E+01  -3.5000000E+01  -3.5000000E+01  -3.5000000E+01  -3.5000000E+01  -3.5000000E+01  -3.5000000E+01  -3.5000000E+01  -3.5000000E+01  -3.5000000E+01  -2.7920490E+01  -1.1484512E+01   1.8759534E+00   3.3731327E+00   1.5861906E+00  -3.3877039E-01  -2.8487327E+00  -4.1699677E+00
  -3.5000000E+01  -3.5000000E+01  -3.5000000E+01  -3.5000000E+01  -3.5000000E+01  -3.5000000E+01  -3.5000000E+01  -3.5000000E+01  -3.5000000E+01  -3.5000000E+01  -3.5000000E+01  -3.5000000E+01  -3.5000000E+01  -3.5000000E+01  -3.5000000E+01  -3.5000000E+01  -3.5000000E+01  -3.5000000E+01  -3.5000000E+01  -3.5000000E+01  -3.5000000E+01  -3.5000000E+01  -3.5000000E+01  -3.5000000E+01  -3.5000000E+01  -3.5000000E+01  -3.5000000E+01  -3.5000000E+01  -3.5000000E+01  -3.5000000E+01  -3.5000000E+01  -3.5000000E+01  -3.5000000E+01  -3.5000000E+01  -3.5000000E+01  -3.5000000E+01  -3.5000000E+01  -3.5000000E+01  -3.5000000E+01  -3.5000000E+01  -3.5000000E+01  -3.5000000E+01  -3.5000000E+01  -3.5000000E+01  -3.5000000E+01  -3.5000000E+01  -3.5000000E+01  -3.5000000E+01  -3.5000000E+01  -3.5000000E+01  -3.5000000E+01  -3.5000000E+01  -3.5000000E+01  -3.5000000E+01  -3.5000000E+01  -3.5000000E+01  -3.5000000E+01  -3.5000000E+01  -3.5000000E+01  -3.5000000E+01  -3.5000000E+01  -3.5000000E+01  -3.5000000E+01  -3.5000000E+01  -3.5000000E+01  -3.5000000E+01  -3.5000000E+01  -3.5000000E+01  -3.5000000E+01  -3.5000000E+01  -3.5000000E+01  -3.5000000E+01  -3.5000000E+01  -3.5000000E+01  -3.5000000E+01  -3.5000000E+01  -3.5000000E+01  -3.5000000E+01  -3.5000000E+01  -3.5000000E+01  -3.5000000E+01  -3.5000000E+01  -3.5000000E+01  -3.5000000E+01  -3.5000000E+01  -3.5000000E+01  -3.5000000E+01  -3.5000000E+01  -3.4995647E+01  -3.4572079E+01  -3.4864635E+01  -3.3560013E+01  -2.0673378E+01  -5.5184975E+00   4.8424411E+00   4.9986296E+00   3.2360675E+00   1.3115214E+00  -1.3160673E+00  -2.3417852E+00
  -3.5000000E+01  -3.5000000E+01  -3.5000000E+01  -3.5000000E+01  -3.5000000E+01  -3.5000000E+01  -3.5000000E+01  -3.5000000E+01  -3.5000000E+01  -3.5000000E+01  -3.5000000E+01  -3.5000000E+01  -3.5000000E+01  -3.5000000E+01  -3.5000000E+01  -3.5000000E+01  -3.5000000E+01  -3.5000000E+01  -3.5000000E+01  -3.5000000E+01  -3.5000000E+01  -3.5000000E+01  -3.5000000E+01  -3.5000000E+01  -3.5000000E+01  -3.5000000E+01  -3.5000000E+01  -3.5000000E+01  -3.5000000E+01  -3.5000000E+01  -3.5000000E+01  -3.5000000E+01  -3.5000000E+01  -3.5000000E+01  -3.5000000E+01  -3.5000000E+01  -3.5000000E+01  -3.5000000E+01  -3.5000000E+01  -3.5000000E+01  -3.5000000E+01  -3.5000000E+01  -3.5000000E+01  -3.5000000E+01  -3.5000000E+01  -3.5000000E+01  -3.5000000E+01  -3.5000000E+01  -3.5000000E+01  -3.5000000E+01  -3.5000000E+01  -3.5000000E+01  -3.5000000E+01  -3.5000000E+01  -3.5000000E+01  -3.5000000E+01  -3.5000000E+01  -3.5000000E+01  -3.5000000E+01  -3.5000000E+01  -3.5000000E+01  -3.5000000E+01  -3.5000000E+01  -3.5000000E+01  -3.5000000E+01  -3.5000000E+01  -3.5000000E+01  -3.5000000E+01  -3.5000000E+01  -3.5000000E+01  -3.5000000E+01  -3.5000000E+01  -3.5000000E+01  -3.5000000E+01  -3.5000000E+01  -3.5000000E+01  -3.5000000E+01  -3.5000000E+01  -3.5000000E+01  -3.5000000E+01  -3.5000000E+01  -3.5000000E+01  -3.5000000E+01  -3.5000000E+01  -3.5000000E+01  -3.5000000E+01  -3.5000000E+01  -3.4732811E+01  -3.4383419E+01  -3.4492500E+01  -3.4742718E+01  -2.8419495E+01  -1.5678143E+01  -2.8917327E+00   5.6102304E+00   5.5526218E+00   3.8039339E+00   1.8703144E+00  -8.5671419E-01  -1.6357952E+00
  -3.5000000E+01  -3.5000000E+01  -3.5000000E+01  -3.5000000E+01  -3.5000000E+01  -3.5000000E+01  -3.5000000E+01  -3.5000000E+01  -3.5000000E+01  -3.5000000E+01  -3.5000000E+01  -3.5000000E+01  -3.5000000E+01  -3.5000000E+01  -3.5000000E+01  -3.5000000E+01  -3.5000000E+01  -3.5000000E+01  -3.5000000E+01  -3.5000000E+01  -3.5000000E+01  -3.5000000E+01  -3.5000000E+01  -3.5000000E+01  -3.5000000E+01  -3.5000000E+01  -3.5000000E+01  -3.5000000E+01  -3.5000000E+01  -3.5000000E+01  -3.5000000E+01  -3.5000000E+01  -3.5000000E+01  -3.5000000E+01  -3.5000000E+01  -3.5000000E+01  -3.5000000E+01  -3.5000000E+01  -3.5000000E+01  -3.5000000E+01  -3.5000000E+01  -3.5000000E+01  -3.5000000E+01  -3.5000000E+01  -3.5000000E+01  -3.5000000E+01  -3.5000000E+01  -3.5000000E+01  -3.5000000E+01  -3.5000000E+01  -3.5000000E+01  -3.5000000E+01  -3.5000000E+01  -3.5000000E+01  -3.5000000E+01  -3.5000000E+01  -3.5000000E+01  -3.5000000E+01  -3.5000000E+01  -3.5000000E+01  -3.5000000E+01  -3.5000000E+01  -3.5000000E+01  -3.5000000E+01  -3.5000000E+01  -3.5000000E+01  -3.5000000E+01  -3.5000000E+01  -3.5000000E+01  -3.5000000E+01  -3.5000000E+01  -3.5000000E+01  -3.5000000E+01  -3.5000000E+01  -3.5000000E+01  -3.5000000E+01  -3.5000000E+01  -3.5000000E+01  -3.5000000E+01  -3.5000000E+01  -3.5000000E+01  -3.5000000E+01  -3.4239471E+01  -3.3455601E+01  -3.2706886E+01  -3.2014000E+01  -3.1417250E+01  -3.0963585E+01  -3.0812817E+01  -3.1163349E+01  -3.1316977E+01  -2.4719271E+01  -1.3539453E+01  -1.3040074E+00   5.7673397E+00   5.7532010E+00   4.0114045E+00   2.0640695E+00  -7.4887079E-01  -1.3159847E+00
  -3.5000000E+01  -3.5000000E+01  -3.5000000E+01  -3.5000000E+01  -3.5000000E+01  -3.5000000E+01  -3.5000000E+01  -3.5000000E+01  -3.5000000E+01  -3.5000000E+01  -3.5000000E+01  -3.5000000E+01  -3.5000000E+01  -3.5000000E+01  -3.5000000E+01  -3.5000000E+01  -3.5000000E+01  -3.5000000E+01  -3.5000000E+01  -3.5000000E+01  -3.5000000E+01  -3.5000000E+01  -3.5000000E+01  -3.5000000E+01  -3.5000000E+01  -3.5000000E+01  -3.5000000E+01  -3.5000000E+01  -3.5000000E+01  -3.5000000E+01  -3.5000000E+01  -3.5000000E+01  -3.5000000E+01  -3.5000000E+01  -3.5000000E+01  -3.5000000E+01  -3.5000000E+01  -3.5000000E+01  -3.5000000E+01  -3.5000000E+01  -3.5000000E+01  -3.5000000E+01  -3.5000000E+01  -3.5000000E+01  -3.5000000E+01  -3.5000000E+01  -3.5000000E+01  -3.5000000E+01  -3.5000000E+01  -3.5000000E+01  -3.5000000E+01  -3.5000000E+01  -3.5000000E+01  -3.5000000E+01  -3.5000000E+01  -3.5000000E+01  -3.5000000E+01  -3.5000000E+01  -3.5000000E+01  -3.5000000E+01  -3.5000000E+01  -3.5000000E+01  -3.5000000E+01  -3.5000000E+01  -3.5000000E+01  -3.5000000E+01  -3.5000000E+01  -3.5000000E+01  -3.5000000E+01  -3.5000000E+01  -3.5000000E+01  -3.5000000E+01  -3.5000000E+01  -3.5000000E+01  -3.5000000E+01  -3.5000000E+01  -3.5000000E+01  -3.4544147E+01  -3.3626793E+01  -3.2774715E+01  -3.2107960E+01  -3.1422068E+01  -3.0728058E+01  -3.0040163E+01  -2.9378714E+01  -2.8774141E+01  -2.8277351E+01  -2.7954258E+01  -2.7952147E+01  -2.8378054E+01  -2.8181723E+01  -2.1643311E+01  -1.1738257E+01  -1.9898640E-01   5.5899191E+00   5.8089671E+00   4.0696492E+00   2.1063664E+00  -7.8335690E-01  -1.1620468E+00
  -3.5000000E+01  -3.5000000E+01  -3.5000000E+01  -3.5000000E+01  -3.5000000E+01  -3.5000000E+01  -3.5000000E+01  -3.5000000E+01  -3.5000000E+01  -3.5000000E+01  -3.5000000E+01  -3.5000000E+01  -3.5000000E+01  -3.5000000E+01  -3.5000000E+01  -3.5000000E+01  -3.5000000E+01  -3.5000000E+01  -3.5000000E+01  -3.5000000E+01  -3.5000000E+01  -3.5000000E+01  -3.5000000E+01  -3.5000000E+01  -3.5000000E+01  -3.5000000E+01  -3.5000000E+01  -3.5000000E+01  -3.5000000E+01  -3.5000000E+01  -3.5000000E+01  -3.5000000E+01  -3.5000000E+01  -3.5000000E+01  -3.5000000E+01  -3.5000000E+01  -3.5000000E+01  -3.5000000E+01  -3.5000000E+01  -3.5000000E+01  -3.5000000E+01  -3.5000000E+01  -3.5000000E+01  -3.5000000E+01  -3.5000000E+01  -3.5000000E+01  -3.5000000E+01  -3.5000000E+01  -3.5000000E+01  -3.5000000E+01  -3.5000000E+01  -3.5000000E+01  -3.5000000E+01  -3.5000000E+01  -3.5000000E+01  -3.5000000E+01  -3.5000000E+01  -3.5000000E+01  -3.5000000E+01  -3.5000000E+01  -3.5000000E+01  -3.5000000E+01  -3.5000000E+01  -3.5000000E+01  -3.5000000E+01  -3.5000000E+01  -3.5000000E+01  -3.5000000E+01  -3.5000000E+01  -3.5000000E+01  -3.5000000E+01  -3.5000000E+01  -3.5000000E+01  -3.5000000E+01  -3.5000000E+01  -3.4539211E+01  -3.3646393E+01  -3.2755009E+01  -3.1868269E+01  -3.1028442E+01  -3.0290411E+01  -2.8860140E+01  -2.8126169E+01  -2.7422802E+01  -2.6737062E+01  -2.5664850E+01  -2.5213203E+01  -2.5128338E+01  -2.5282059E+01  -2.5702446E+01  -2.5096260E+01  -1.8551643E+01  -9.9622726E+00   6.6685897E-01   5.3005309E+00   5.8003693E+00   4.0608277E+00   2.0804679E+00  -8.8016462E-01  -1.0856496E+00
  -3.5000000E+01  -3.5000000E+01  -3.5000000E+01  -3.5000000E+01  -3.5000000E+01  -3.5000000E+01  -3.5000000E+01  -3.5000000E+01  -3.5000000E+01  -3.5000000E+01  -3.5000000E+01  -3.5000000E+01  -3.5000000E+01  -3.5000000E+01  -3.5000000E+01  -3.5000000E+01  -3.5000000E+01  -3.5000000E+01  -3.5000000E+01  -3.5000000E+01  -3.5000000E+01  -3.5000000E+01  -3.5000000E+01  -3.5000000E+01  -3.5000000E+01  -3.5000000E+01  -3.5000000E+01  -3.5000000E+01  -3.5000000E+01  -3.5000000E+01  -3.5000000E+01  -3.5000000E+01  -3.5000000E+01  -3.5000000E+01  -3.5000000E+01  -3.5000000E+01  -3.5000000E+01  -3.5000000E+01  -3.5000000E+01  -3.5000000E+01  -3.5000000E+01  -3.5000000E+01  -3.5000000E+01  -3.5000000E+01  -3.5000000E+01  -3.5000000E+01  -3.5000000E+01  -3.5000000E+01  -3.5000000E+01  -3.5000000E+01  -3.5000000E+01  -3.5000000E+01  -3.5000000E+01  -3.5000000E+01  -3.5000000E+01  -3.5000000E+01  -3.5000000E+01  -3.5000000E+01  -3.5000000E+01  -3.5000000E+01  -3.5000000E+01  -3.5000000E+01  -3.5000000E+01  -3.5000000E+01  -3.5000000E+01  -3.5000000E+01  -3.5000000E+01  -3.5000000E+01  -3.5000000E+01  -3.5000000E+01  -3.5000000E+01  -3.5000000E+01  -3.5000000E+01  -3.4476513E+01  -3.3512104E+01  -3.2639133E+01  -3.1771530E+01  -3.0910408E+01  -3.0059086E+01  -2.9246014E+01  -2.8484276E+01  -2.7140169E+01  -2.6428944E+01  -2.5712444E+01  -2.4303322E+01  -2.3678194E+01  -2.3321909E+01  -2.3271580E+01  -2.3418741E+01  -2.2474642E+01  -2.1795248E+01  -1.7031771E+01  -8.9851570E+00   1.5162928E+00   5.2135334E+00   5.7621007E+00   4.0206861E+00   2.0225787E+00  -1.0052259E+00  -1.0469078E+00
  -3.5000000E+01  -3.5000000E+01  -3.5000000E+01  -3.5000000E+01  -3.5000000E+01  -3.5000000E+01  -3.5000000E+01  -3.5000000E+01  -3.5000000E+01  -3.5000000E+01  -3.5000000E+01  -3.5000000E+01  -3.5000000E+01  -3.5000000E+01  -3.5000000E+01  -3.5000000E+01  -3.5000000E+01  -3.5000000E+01  -3.5000000E+01  -3.5000000E+01  -3.5000000E+01  -3.5000000E+01  -3.5000000E+01  -3.5000000E+01  -3.5000000E+01  -3.5000000E+01  -3.5000000E+01  -3.5000000E+01  -3.5000000E+01  -3.5000000E+01  -3.5000000E+01  -3.5000000E+01  -3.5000000E+01  -3.5000000E+01  -3.5000000E+01  -3.5000000E+01  -3.5000000E+01  -3.5000000E+01  -3.5000000E+01  -3.5000000E+01  -3.5000000E+01  -3.5000000E+01  -3.5000000E+01  -3.5000000E+01  -3.5000000E+01  -3.5000000E+01  -3.5000000E+01  -3.5000000E+01  -3.5000000E+01  -3.5000000E+01  -3.5000000E+01  -3.5000000E+01  -3.5000000E+01  -3.5000000E+01  -3.5000000E+01  -3.5000000E+01  -3.5000000E+01  -3.5000000E+01  -3.5000000E+01  -3.5000000E+01  -3.5000000E+01  -3.5000000E+01  -3.5000000E+01  -3.5000000E+01  -3.5000000E+01  -3.5000000E+01  -3.5000000E+01  -3.5000000E+01  -3.5000000E+01  -3.5000000E+01  -3.4542904E+01  -3.3648106E+01  -3.2765827E+01  -3.1822430E+01  -3.0855974E+01  -3.0013815E+01  -2.9193903E+01  -2.8398413E+01  -2.7633818E+01  -2.6939930E+01  -2.6315985E+01  -2.5060989E+01  -2.4568274E+01  -2.3953278E+01  -2.3010447E+01  -2.1819632E+01  -2.1366703E+01  -2.1310709E+01  -2.1295944E+01  -2.1243738E+01  -2.0351065E+01  -1.5374375E+01  -7.0129962E+00   2.3294690E+00   5.1913548E+00   5.7098947E+00   3.9655688E+00   1.9492123E+00  -1.1433239E+00  -1.0267951E+00
  -3.5000000E+01  -3.5000000E+01  -3.5000000E+01  -3.5000000E+01  -3.5000000E+01  -3.5000000E+01  -3.5000000E+01  -3.5000000E+01  -3.5000000E+01  -3.5000000E+01  -3.5000000E+01  -3.5000000E+01  -3.5000000E+01  -3.5000000E+01  -3.5000000E+01  -3.5000000E+01  -3.5000000E+01  -3.5000000E+01  -3.5000000E+01  -3.5000000E+01  -3.5000000E+01  -3.5000000E+01  -3.5000000E+01  -3.5000000E+01  -3.5000000E+01  -3.5000000E+01  -3.5000000E+01  -3.5000000E+01  -3.5000000E+01  -3.5000000E+01  -3.5000000E+01  -3.5000000E+01  -3.5000000E+01  -3.5000000E+01  -3.5000000E+01  -3.5000000E+01  -3.5000000E+01  -3.5000000E+01  -3.5000000E+01  -3.5000000E+01  -3.5000000E+01  -3.5000000E+01  -3.5000000E+01  -3.5000000E+01  -3.5000000E+01  -3.5000000E+01  -3.5000000E+01  -3.5000000E+01  -3.5000000E+01  -3.5000000E+01  -3.5000000E+01  -3.5000000E+01  -3.5000000E+01  -3.5000000E+01  -3.5000000E+01  -3.5000000E+01  -3.5000000E+01  -3.5000000E+01  -3.5000000E+01  -3.5000000E+01  -3.5000000E+01  -3.5000000E+01  -3.5000000E+01  -3.5000000E+01  -3.5000000E+01  -3.5000000E+01  -3.4049969E+01  -3.3622284E+01  -3.2600006E+01  -3.1609838E+01  -3.0653994E+01  -2.9733784E+01  -2.8839354E+01  -2.7903555E+01  -2.6981201E+01  -2.6186741E+01  -2.5435053E+01  -2.4729980E+01  -2.4080589E+01  -2.3523640E+01  -2.3034666E+01  -2.1992725E+01  -2.1743845E+01  -2.1471498E+01  -2.0039791E+01  -2.0421362E+01  -1.9825182E+01  -1.9992935E+01  -2.0127333E+01  -1.9645605E+01  -1.8516775E+01  -1.4093534E+01  -6.1988750E+00   2.4314005E+00   5.1909833E+00   5.6510639E+00   3.9031279E+00   1.8680758E+00  -1.2874951E+00  -1.0159904E+00
  -3.5000000E+01  -3.5000000E+01  -3.5000000E+01  -3.5000000E+01  -3.5000000E+01  -3.5000000E+01  -3.5000000E+01  -3.5000000E+01  -3.5000000E+01  -3.5000000E+01  -3.5000000E+01  -3.5000000E+01  -3.5000000E+01  -3.5000000E+01  -3.5000000E+01  -3.5000000E+01  -3.5000000E+01  -3.5000000E+01  -3.5000000E+01  -3.5000000E+01  -3.5000000E+01  -3.5000000E+01  -3.5000000E+01  -3.5000000E+01  -3.5000000E+01  -3.5000000E+01  -3.5000000E+01  -3.5000000E+01  -3.5000000E+01  -3.5000000E+01  -3.5000000E+01  -3.5000000E+01  -3.5000000E+01  -3.5000000E+01  -3.5000000E+01  -3.5000000E+01  -3.5000000E+01  -3.5000000E+01  -3.5000000E+01  -3.5000000E+01  -3.5000000E+01  -3.5000000E+01  -3.5000000E+01  -3.5000000E+01  -3.5000000E+01  -3.5000000E+01  -3.5000000E+01  -3.5000000E+01  -3.5000000E+01  -3.5000000E+01  -3.5000000E+01  -3.5000000E+01  -3.5000000E+01  -3.5000000E+01  -3.5000000E+01  -3.5000000E+01  -3.5000000E+01  -3.5000000E+01  -3.5000000E+01  -3.5000000E+01  -3.5000000E+01  -3.5000000E+01  -3.4184505E+01  -3.2896481E+01  -3.1639421E+01  -3.0421944E+01  -2.9319084E+01  -2.8745874E+01  -2.7656929E+01  -2.6614643E+01  -2.5622095E+01  -2.4681149E+01  -2.3782078E+01  -2.2870602E+01  -2.2007238E+01  -2.1276600E+01  -2.0612711E+01  -2.0021969E+01  -1.9516502E+01  -1.9128109E+01  -1.8818123E+01  -1.8091404E+01  -1.8153408E+01  -1.8327702E+01  -1.9322317E+01  -1.7926056E+01  -1.7804661E+01  -1.8589567E+01  -1.8736544E+01  -1.8663685E+01  -1.7437204E+01  -1.2706867E+01  -4.7453842E+00   3.0619633E+00   5.1972275E+00   5.5890522E+00   3.8369906E+00   1.7828150E+00  -1.4345034E+00  -1.0098635E+00
  -3.5000000E+01  -3.5000000E+01  -3.5000000E+01  -3.5000000E+01  -3.5000000E+01  -3.5000000E+01  -3.5000000E+01  -3.5000000E+01  -3.5000000E+01  -3.5000000E+01  -3.5000000E+01  -3.5000000E+01  -3.5000000E+01  -3.5000000E+01  -3.5000000E+01  -3.5000000E+01  -3.5000000E+01  -3.5000000E+01  -3.5000000E+01  -3.5000000E+01  -3.5000000E+01  -3.5000000E+01  -3.5000000E+01  -3.5000000E+01  -3.5000000E+01  -3.5000000E+01  -3.5000000E+01  -3.5000000E+01  -3.5000000E+01  -3.5000000E+01  -3.5000000E+01  -3.5000000E+01  -3.5000000E+01  -3.5000000E+01  -3.5000000E+01  -3.5000000E+01  -3.5000000E+01  -3.5000000E+01  -3.5000000E+01  -3.5000000E+01  -3.5000000E+01  -3.5000000E+01  -3.5000000E+01  -3.5000000E+01  -3.5000000E+01  -3.5000000E+01  -3.5000000E+01  -3.5000000E+01  -3.5000000E+01  -3.5000000E+01  -3.5000000E+01  -3.5000000E+01  -3.5000000E+01  -3.5000000E+01  -3.5000000E+01  -3.5000000E+01  -3.5000000E+01  -3.5000000E+01  -3.4600590E+01  -3.3081173E+01  -3.1660631E+01  -3.0303568E+01  -2.8848881E+01  -2.7433113E+01  -2.6060583E+01  -2.4742870E+01  -2.3559137E+01  -2.2828936E+01  -2.1680172E+01  -2.0594265E+01  -1.9575058E+01  -1.8624962E+01  -1.7735283E+01  -1.6865396E+01  -1.6073357E+01  -1.5425660E+01  -1.4871977E+01  -1.4422320E+01  -1.4093129E+01  -1.3914359E+01  -1.3846378E+01  -1.3523765E+01  -1.3984043E+01  -1.4669125E+01  -1.5446636E+01  -1.7154671E+01  -1.6917814E+01  -1.7529146E+01  -1.7815077E+01  -1.7411856E+01  -1.6174015E+01  -1.1623712E+01  -3.9594293E+00   3.3933525E+00   5.2044187E+00   5.5254955E+00   3.7688911E+00   1.6951747E+00  -1.5828229E+00  -1.0060973E+00
  -3.5000000E+01  -3.5000000E+01  -3.5000000E+01  -3.5000000E+01  -3.5000000E+01  -3.5000000E+01  -3.5000000E+01  -3.5000000E+01  -3.5000000E+01  -3.5000000E+01  -3.5000000E+01  -3.5000000E+01  -3.5000000E+01  -3.5000000E+01  -3.5000000E+01  -3.5000000E+01  -3.5000000E+01  -3.5000000E+01  -3.5000000E+01  -3.5000000E+01  -3.5000000E+01  -3.5000000E+01  -3.5000000E+01  -3.5000000E+01  -3.5000000E+01  -3.5000000E+01  -3.5000000E+01  -3.5000000E+01  -3.5000000E+01  -3.5000000E+01  -3.5000000E+01  -3.5000000E+01  -3.5000000E+01  -3.5000000E+01  -3.5000000E+01  -3.5000000E+01  -3.5000000E+01  -3.5000000E+01  -3.5000000E+01  -3.5000000E+01  -3.5000000E+01  -3.5000000E+01  -3.5000000E+01  -3.5000000E+01  -3.5000000E+01  -3.5000000E+01  -3.5000000E+01  -3.5000000E+01  -3.5000000E+01  -3.5000000E+01  -3.5000000E+01  -3.5000000E+01  -3.5000000E+01  -3.5000000E+01  -3.5000000E+01  -3.3939240E+01  -3.2114761E+01  -3.0350828E+01  -2.8992405E+01  -2.7284046E+01  -2.5681234E+01  -2.4151218E+01  -2.2558296E+01  -2.1017534E+01  -1.9534409E+01  -1.8123461E+01  -1.6864300E+01  -1.5989137E+01  -1.4792484E+01  -1.3676533E+01  -1.2645925E+01  -1.1703719E+01  -1.0842854E+01  -1.0035051E+01  -9.3337049E+00  -8.7945728E+00  -8.3806276E+00  -8.1066713E+00  -7.9950910E+00  -8.0785942E+00  -8.3280249E+00  -8.4937916E+00  -9.4505510E+00  -1.0774168E+01  -1.3243365E+01  -1.4190293E+01  -1.4891366E+01  -1.6234661E+01  -1.6758133E+01  -1.6603151E+01  -1.5237208E+01  -1.0299246E+01  -2.7517648E+00   3.4632802E+00   5.2104421E+00   5.4611750E+00   3.6996641E+00   1.6060030E+00  -1.7317214E+00  -1.0035268E+00
  -3.5000000E+01  -3.5000000E+01  -3.5000000E+01  -3.5000000E+01  -3.5000000E+01  -3.5000000E+01  -3.5000000E+01  -3.5000000E+01  -3.5000000E+01  -3.5000000E+01  -3.5000000E+01  -3.5000000E+01  -3.5000000E+01  -3.5000000E+01  -3.5000000E+01  -3.5000000E+01  -3.5000000E+01  -3.5000000E+01  -3.5000000E+01  -3.5000000E+01  -3.5000000E+01  -3.5000000E+01  -3.5000000E+01  -3.5000000E+01  -3.5000000E+01  -3.5000000E+01  -3.5000000E+01  -3.5000000E+01  -3.5000000E+01  -3.5000000E+01  -3.5000000E+01  -3.5000000E+01  -3.5000000E+01  -3.5000000E+01  -3.5000000E+01  -3.5000000E+01  -3.5000000E+01  -3.5000000E+01  -3.5000000E+01  -3.5000000E+01  -3.5000000E+01  -3.5000000E+01  -3.5000000E+01  -3.5000000E+01  -3.5000000E+01  -3.5000000E+01  -3.5000000E+01  -3.5000000E+01  -3.5000000E+01  -3.5000000E+01  -3.5000000E+01  -3.5000000E+01  -3.4090591E+01  -3.2277107E+01  -3.0172005E+01  -2.8104664E+01  -2.6062086E+01  -2.4101244E+01  -2.2486229E+01  -2.0593811E+01  -1.8813990E+01  -1.7116093E+01  -1.5389102E+01  -1.3729513E+01  -1.2144088E+01  -1.0650572E+01  -9.3267527E+00  -8.3305607E+00  -7.1022162E+00  -5.9746070E+00  -4.9533157E+00  -4.0422740E+00  -3.2365861E+00  -2.5189459E+00  -1.9389529E+00  -1.5450753E+00  -1.3128725E+00  -1.2631382E+00  -1.4258779E+00  -1.8407496E+00  -2.4968472E+00  -3.2401290E+00  -4.7990165E+00  -6.8432417E+00  -9.4109688E+00  -1.2604888E+01  -1.4136395E+01  -1.5565592E+01  -1.5990319E+01  -1.5660264E+01  -1.4169750E+01  -9.5713053E+00  -2.0408812E+00   3.8425779E+00   5.2145658E+00   5.3964677E+00   3.6297152E+00   1.5157217E+00  -1.8808391E+00  -1.0015639E+00
  -3.5000000E+01  -3.5000000E+01  -3.5000000E+01  -3.5000000E+01  -3.5000000E+01  -3.5000000E+01  -3.5000000E+01  -3.5000000E+01  -3.5000000E+01  -3.5000000E+01  -3.5000000E+01  -3.5000000E+01  -3.5000000E+01  -3.5000000E+01  -3.5000000E+01  -3.5000000E+01  -3.5000000E+01  -3.5000000E+01  -3.5000000E+01  -3.5000000E+01  -3.5000000E+01  -3.5000000E+01  -3.5000000E+01  -3.5000000E+01  -3.5000000E+01  -3.5000000E+01  -3.5000000E+01  -3.5000000E+01  -3.5000000E+01  -3.5000000E+01  -3.5000000E+01  -3.5000000E+01  -3.5000000E+01  -3.5000000E+01  -3.5000000E+01  -3.5000000E+01  -3.5000000E+01  -3.5000000E+01  -3.5000000E+01  -3.5000000E+01  -3.5000000E+01  -3.5000000E+01  -3.5000000E+01  -3.5000000E+01  -3.5000000E+01  -3.5000000E+01  -3.5000000E+01  -3.5000000E+01  -3.5000000E+01  -3.5000000E+01  -3.5000000E+01  -3.1098412E+01  -2.8179861E+01  -2.6065592E+01  -2.3720335E+01  -2.1420073E+01  -1.9159372E+01  -1.7001444E+01  -1.5137351E+01  -1.3066458E+01  -1.1116928E+01  -9.2592192E+00  -7.4058714E+00  -5.6377859E+00  -3.9633276E+00  -2.4038358E+00  -1.0333878E+00   5.1896650E-02   1.2877172E+00   2.3995614E+00   3.3806946E+00   4.2259851E+00   4.9374895E+00   5.5224347E+00   5.9337802E+00   6.1284523E+00   6.1184025E+00   5.8760104E+00   5.3626485E+00   4.5291662E+00   3.3649361E+00   1.9516311E+00  -3.0569175E-01  -3.1715481E+00  -7.0815530E+00  -1.0185587E+01  -1.2454017E+01  -1.4415112E+01  -1.5154224E+01  -1.4964458E+01  -1.3357110E+01  -8.2891760E+00  -1.0514325E+00   4.0526118E+00   5.2165961E+00   5.3315544E+00   3.5592427E+00   1.4245481E+00  -2.0299933E+00  -9.9991113E-01
  -3.5000000E+01  -3.5000000E+01  -3.5000000E+01  -3.5000000E+01  -3.5000000E+01  -3.5000000E+01  -3.5000000E+01  -3.5000000E+01  -3.5000000E+01  -3.5000000E+01  -3.5000000E+01  -3.5000000E+01  -3.5000000E+01  -3.5000000E+01  -3.5000000E+01  -3.5000000E+01  -3.5000000E+01  -3.5000000E+01  -3.5000000E+01  -3.5000000E+01  -3.5000000E+01  -3.5000000E+01  -3.5000000E+01  -3.5000000E+01  -3.5000000E+01  -3.5000000E+01  -3.5000000E+01  -3.5000000E+01  -3.5000000E+01  -3.5000000E+01  -3.5000000E+01  -3.5000000E+01  -3.5000000E+01  -3.5000000E+01  -3.5000000E+01  -3.5000000E+01  -3.5000000E+01  -3.5000000E+01  -3.5000000E+01  -3.5000000E+01  -3.5000000E+01  -3.5000000E+01  -3.5000000E+01  -3.5000000E+01  -3.5000000E+01  -3.5000000E+01  -3.5000000E+01  -3.5000000E+01  -3.5000000E+01  -3.5000000E+01  -3.2410015E+01  -2.4558868E+01  -2.1462603E+01  -1.9045956E+01  -1.6455153E+01  -1.3919590E+01  -1.1441763E+01  -9.0887671E+00  -6.9878993E+00  -4.7480206E+00  -2.6417117E+00  -6.4011604E-01   1.3222250E+00   3.1772521E+00   4.9145660E+00   6.5090127E+00   7.8929090E+00   9.0211763E+00   1.0221919E+01   1.1270711E+01   1.2159449E+01   1.2881411E+01   1.3435045E+01   1.3818337E+01   1.3986881E+01   1.3902327E+01   1.3564973E+01   1.2941328E+01   1.1985565E+01   1.0639969E+01   8.8745785E+00   6.7240992E+00   3.7203164E+00   2.1702124E-02  -4.3216872E+00  -8.9532528E+00  -1.1765004E+01  -1.3999937E+01  -1.4518316E+01  -1.4168036E+01  -1.2489599E+01  -7.7284613E+00  -4.6645254E-01   4.1329865E+00   5.2165399E+00   5.2665234E+00   3.4883449E+00   1.3326014E+00  -2.1790869E+00  -9.9841714E-01
  -3.5000000E+01  -3.5000000E+01  -3.5000000E+01  -3.5000000E+01  -3.5000000E+01  -3.5000000E+01  -3.5000000E+01  -3.5000000E+01  -3.5000000E+01  -3.5000000E+01  -3.5000000E+01  -3.5000000E+01  -3.5000000E+01  -3.5000000E+01  -3.5000000E+01  -3.5000000E+01  -3.5000000E+01  -3.5000000E+01  -3.5000000E+01  -3.5000000E+01  -3.5000000E+01  -3.5000000E+01  -3.5000000E+01  -3.5000000E+01  -3.5000000E+01  -3.5000000E+01  -3.5000000E+01  -3.5000000E+01  -3.5000000E+01  -3.5000000E+01  -3.5000000E+01  -3.5000000E+01  -3.5000000E+01  -3.5000000E+01  -3.5000000E+01  -3.5000000E+01  -3.5000000E+01  -3.5000000E+01  -3.5000000E+01  -3.5000000E+01  -3.5000000E+01  -3.5000000E+01  -3.5000000E+01  -3.5000000E+01  -3.5000000E+01  -3.5000000E+01  -3.5000000E+01  -3.5000000E+01  -3.5000000E+01  -3.4791515E+01  -2.4701952E+01  -1.7244570E+01  -1.3955255E+01  -1.1236446E+01  -8.3974800E+00  -5.6290975E+00  -2.9426095E+00  -4.0629563E-01   1.9076196E+00   4.2921786E+00   6.5250359E+00   8.6340361E+00   1.0664053E+01   1.2557705E+01   1.4302071E+01   1.5868756E+01   1.7200666E+01   1.8292513E+01   1.9375547E+01   2.0271091E+01   2.0969713E+01   2.1463110E+01   2.1746155E+01   2.1810360E+01   2.1617994E+01   2.1138626E+01   2.0365629E+01   1.9265928E+01   1.7793337E+01   1.5887204E+01   1.3503548E+01   1.0650622E+01   6.9742074E+00   2.5273256E+00  -2.9195800E+00  -7.3175259E+00  -1.0541815E+01  -1.3042544E+01  -1.3767597E+01  -1.3596771E+01  -1.1783307E+01  -6.5827265E+00   2.8677413E-01   4.0607824E+00   5.2144694E+00   5.2014165E+00   3.4170709E+00   1.2399521E+00  -2.3280659E+00  -9.9700493E-01
  -3.5000000E+01  -3.5000000E+01  -3.5000000E+01  -3.5000000E+01  -3.5000000E+01  -3.5000000E+01  -3.5000000E+01  -3.5000000E+01  -3.5000000E+01  -3.5000000E+01  -3.5000000E+01  -3.5000000E+01  -3.5000000E+01  -3.5000000E+01  -3.5000000E+01  -3.5000000E+01  -3.5000000E+01  -3.5000000E+01  -3.5000000E+01  -3.5000000E+01  -3.5000000E+01  -3.5000000E+01  -3.5000000E+01  -3.5000000E+01  -3.5000000E+01  -3.5000000E+01  -3.5000000E+01  -3.5000000E+01  -3.5000000E+01  -3.5000000E+01  -3.5000000E+01  -3.5000000E+01  -3.5000000E+01  -3.5000000E+01  -3.5000000E+01  -3.5000000E+01  -3.5000000E+01  -3.5000000E+01  -3.5000000E+01  -3.5000000E+01  -3.5000000E+01  -3.5000000E+01  -3.5000000E+01  -3.5000000E+01  -3.5000000E+01  -3.5000000E+01  -3.5000000E+01  -3.5000000E+01  -3.5000000E+01  -2.5605671E+01  -1.6143866E+01  -9.1609516E+00  -5.6683412E+00  -2.6558914E+00   4.2044690E-01   3.4012606E+00   6.2654371E+00   8.9477549E+00   1.1421992E+01   1.3892010E+01   1.6182222E+01   1.8317291E+01   2.0321480E+01   2.2146887E+01   2.3778587E+01   2.5187138E+01   2.6330919E+01   2.7228613E+01   2.8022392E+01   2.8579931E+01   2.8892498E+01   2.8953485E+01   2.8759647E+01   2.8307566E+01   2.7582323E+01   2.6576506E+01   2.5291290E+01   2.3708050E+01   2.1787779E+01   1.9463177E+01   1.6661283E+01   1.3355452E+01   9.2595730E+00   4.3071532E+00  -1.3898097E+00  -6.5998077E+00  -1.0093051E+01  -1.2789906E+01  -1.3347697E+01  -1.2986609E+01  -1.0981737E+01  -5.9937696E+00   7.0304894E-01   4.2207923E+00   5.2104697E+00   5.1362519E+00   3.3454454E+00   1.1466463E+00  -2.4768980E+00  -9.9563491E-01
  -3.5000000E+01  -3.5000000E+01  -3.5000000E+01  -3.5000000E+01  -3.5000000E+01  -3.5000000E+01  -3.5000000E+01  -3.5000000E+01  -3.5000000E+01  -3.5000000E+01  -3.5000000E+01  -3.5000000E+01  -3.5000000E+01  -3.5000000E+01  -3.5000000E+01  -3.5000000E+01  -3.5000000E+01  -3.5000000E+01  -3.5000000E+01  -3.5000000E+01  -3.5000000E+01  -3.5000000E+01  -3.5000000E+01  -3.5000000E+01  -3.5000000E+01  -3.5000000E+01  -3.5000000E+01  -3.5000000E+01  -3.5000000E+01  -3.5000000E+01  -3.5000000E+01  -3.5000000E+01  -3.5000000E+01  -3.5000000E+01  -3.5000000E+01  -3.5000000E+01  -3.5000000E+01  -3.5000000E+01  -3.5000000E+01  -3.5000000E+01  -3.5000000E+01  -3.5000000E+01  -3.5000000E+01  -3.5000000E+01  -3.5000000E+01  -3.5000000E+01  -3.5000000E+01  -3.5000000E+01  -2.5973560E+01  -1.5538004E+01  -6.7643924E+00  -3.2346237E-01   3.3607161E+00   6.6327124E+00   9.9015722E+00   1.3033070E+01   1.5995688E+01   1.8732052E+01   2.1250122E+01   2.3674585E+01   2.5873001E+01   2.7861504E+01   2.9641088E+01   3.1169292E+01   3.2431019E+01   3.3403736E+01   3.4067337E+01   3.4443775E+01   3.4595402E+01   3.4432899E+01   3.3854855E+01   3.2878483E+01   3.1834679E+01   3.0711048E+01   2.9497669E+01   2.8177343E+01   2.6716923E+01   2.5072771E+01   2.3181614E+01   2.0947603E+01   1.8165211E+01   1.4816097E+01   1.0627475E+01   5.4333234E+00  -8.2575333E-01  -5.6366577E+00  -9.2704744E+00  -1.2065060E+01  -1.2767477E+01  -1.2518074E+01  -1.0444685E+01  -5.0366621E+00   1.2684754E+00   4.3183699E+00   5.2046208E+00   5.0710378E+00   3.2734809E+00   1.0527174E+00  -2.6255629E+00  -9.9428695E-01
  -3.5000000E+01  -3.5000000E+01  -3.5000000E+01  -3.5000000E+01  -3.5000000E+01  -3.5000000E+01  -3.5000000E+01  -3.5000000E+01  -3.5000000E+01  -3.5000000E+01  -3.5000000E+01  -3.5000000E+01  -3.5000000E+01  -3.5000000E+01  -3.5000000E+01  -3.5000000E+01  -3.5000000E+01  -3.5000000E+01  -3.5000000E+01  -3.5000000E+01  -3.5000000E+01  -3.5000000E+01  -3.5000000E+01  -3.5000000E+01  -3.5000000E+01  -3.5000000E+01  -3.5000000E+01  -3.5000000E+01  -3.5000000E+01  -3.5000000E+01  -3.5000000E+01  -3.5000000E+01  -3.5000000E+01  -3.5000000E+01  -3.5000000E+01  -3.5000000E+01  -3.5000000E+01  -3.5000000E+01  -3.5000000E+01  -3.5000000E+01  -3.5000000E+01  -3.5000000E+01  -3.5000000E+01  -3.5000000E+01  -3.5000000E+01  -3.5000000E+01  -3.5000000E+01  -3.5000000E+01  -1.4249912E+01  -4.6567135E+00   3.3404295E+00   9.1895914E+00   1.3005783E+01   1.6445023E+01   1.9780031E+01   2.2802834E+01   2.5113459E+01   2.7711908E+01   3.0015858E+01   3.2092476E+01   3.3841377E+01   3.5271267E+01   3.6376793E+01   3.7129986E+01   3.7520519E+01   3.7508675E+01   3.6937866E+01   3.6203243E+01   3.5832867E+01   3.4944118E+01   3.3984711E+01   3.3122910E+01   3.2099564E+01   3.0983002E+01   2.9775743E+01   2.8471268E+01   2.7041309E+01   2.5444302E+01   2.3608347E+01   2.1431572E+01   1.8749411E+01   1.5491818E+01   1.1352276E+01   6.0978332E+00  -6.6976249E-02  -5.3395867E+00  -9.0351801E+00  -1.1897463E+01  -1.2461296E+01  -1.2010827E+01  -9.7208805E+00  -4.5129828E+00   1.5693796E+00   4.2434616E+00   5.1969948E+00   5.0057755E+00   3.2011836E+00   9.5819259E-01  -2.7740476E+00  -9.9295044E-01
  -3.5000000E+01  -3.5000000E+01  -3.5000000E+01  -3.5000000E+01  -3.5000000E+01  -3.5000000E+01  -3.5000000E+01  -3.5000000E+01  -3.5000000E+01  -3.5000000E+01  -3.5000000E+01  -3.5000000E+01  -3.5000000E+01  -3.5000000E+01  -3.5000000E+01  -3.5000000E+01  -3.5000000E+01  -3.5000000E+01  -3.5000000E+01  -3.5000000E+01  -3.5000000E+01  -3.5000000E+01  -3.5000000E+01  -3.5000000E+01  -3.5000000E+01  -3.5000000E+01  -3.5000000E+01  -3.5000000E+01  -3.5000000E+01  -3.5000000E+01  -3.5000000E+01  -3.5000000E+01  -3.5000000E+01  -3.5000000E+01  -3.5000000E+01  -3.5000000E+01  -3.5000000E+01  -3.5000000E+01  -3.5000000E+01  -3.5000000E+01  -3.5000000E+01  -3.5000000E+01  -3.5000000E+01  -3.5000000E+01  -3.5000000E+01  -3.5000000E+01  -3.5000000E+01  -1.1735455E+01  -1.8715008E+00   6.7180061E+00   1.3637094E+01   1.8449577E+01   2.2280106E+01   2.5663946E+01   2.8746420E+01   3.1305874E+01   3.3149563E+01   3.4594398E+01   3.5846447E+01   3.6931469E+01   3.7785545E+01   3.8393829E+01   3.8692905E+01   3.8471424E+01   3.7660038E+01   3.6911266E+01   3.6236328E+01   3.5691071E+01   3.5246220E+01   3.4502979E+01   3.3764503E+01   3.2855595E+01   3.1897722E+01   3.0828712E+01   2.9655792E+01   2.8384436E+01   2.7000689E+01   2.5459810E+01   2.3687986E+01   2.1579033E+01   1.8984774E+01   1.5789424E+01   1.1695768E+01   6.4345293E+00   4.9566291E-02  -4.8059154E+00  -8.5204840E+00  -1.1381519E+01  -1.2018560E+01  -1.1632244E+01  -9.3160334E+00  -3.7380884E+00   1.9730932E+00   4.2342782E+00   5.1876535E+00   4.9404631E+00   3.1285558E+00   8.6309445E-01  -2.9223425E+00  -9.9162000E-01
  -3.5000000E+01  -3.5000000E+01  -3.5000000E+01  -3.5000000E+01  -3.5000000E+01  -3.5000000E+01  -3.5000000E+01  -3.5000000E+01  -3.5000000E+01  -3.5000000E+01  -3.5000000E+01  -3.5000000E+01  -3.5000000E+01  -3.5000000E+01  -3.5000000E+01  -3.5000000E+01  -3.5000000E+01  -3.5000000E+01  -3.5000000E+01  -3.5000000E+01  -3.5000000E+01  -3.5000000E+01  -3.5000000E+01  -3.5000000E+01  -3.5000000E+01  -3.5000000E+01  -3.5000000E+01  -3.5000000E+01  -3.5000000E+01  -3.5000000E+01  -3.5000000E+01  -3.5000000E+01  -3.5000000E+01  -3.5000000E+01  -3.5000000E+01  -3.5000000E+01  -3.5000000E+01  -3.5000000E+01  -3.5000000E+01  -3.5000000E+01  -3.5000000E+01  -3.5000000E+01  -3.5000000E+01  -3.5000000E+01  -3.5000000E+01  -3.5000000E+01  -1.0497506E+01  -2.3134236E-01   8.9949617E+00   1.7032290E+01   2.3610741E+01   2.8156467E+01   3.0482391E+01   3.2371399E+01   3.4096081E+01   3.5642765E+01   3.7049942E+01   3.8082489E+01   3.8736389E+01   3.8829266E+01   3.8365185E+01   3.7727188E+01   3.7395683E+01   3.7178940E+01   3.6683865E+01   3.6189285E+01   3.5723862E+01   3.5298115E+01   3.4737545E+01   3.3792400E+01   3.3400955E+01   3.2184372E+01   3.1703264E+01   3.0643341E+01   2.9465261E+01   2.8186384E+01   2.6809248E+01   2.5300739E+01   2.3573563E+01   2.1521124E+01   1.8998734E+01   1.5858902E+01   1.1805313E+01   6.5672050E+00   3.9777878E-01  -4.7100558E+00  -8.3989077E+00  -1.1249659E+01  -1.1776252E+01  -1.1223854E+01  -8.6636877E+00  -3.2981145E+00   2.1753209E+00   4.2218542E+00   5.1766534E+00   4.8750973E+00   3.0555992E+00   7.6744372E-01  -3.0704412E+00  -9.9029267E-01
  -3.5000000E+01  -3.5000000E+01  -3.5000000E+01  -3.5000000E+01  -3.5000000E+01  -3.5000000E+01  -3.5000000E+01  -3.5000000E+01  -3.5000000E+01  -3.5000000E+01  -3.5000000E+01  -3.5000000E+01  -3.5000000E+01  -3.5000000E+01  -3.5000000E+01  -3.5000000E+01  -3.5000000E+01  -3.5000000E+01  -3.5000000E+01  -3.5000000E+01  -3.5000000E+01  -3.5000000E+01  -3.5000000E+01  -3.5000000E+01  -3.5000000E+01  -3.5000000E+01  -3.5000000E+01  -3.5000000E+01  -3.5000000E+01  -3.5000000E+01  -3.5000000E+01  -3.5000000E+01  -3.5000000E+01  -3.5000000E+01  -3.5000000E+01  -3.5000000E+01  -3.5000000E+01  -3.5000000E+01  -3.5000000E+01  -3.5000000E+01  -3.5000000E+01  -3.5000000E+01  -3.5000000E+01  -3.5000000E+01  -3.5000000E+01  -1.2003403E+01  -1.7036940E+00   7.6818390E+00   1.6049101E+01   2.3228621E+01   2.8975353E+01   3.2955303E+01   3.4946312E+01   3.6600174E+01   3.7915413E+01   3.8776581E+01   3.8900166E+01   3.8315033E+01   3.7758762E+01   3.7553837E+01   3.7168816E+01   3.6887592E+01   3.6659954E+01   3.6428894E+01   3.5934437E+01   3.5578011E+01   3.5222797E+01   3.4880005E+01   3.4398376E+01   3.3699268E+01   3.3134396E+01   3.2191441E+01   3.1508795E+01   3.0451721E+01   2.9268147E+01   2.8001495E+01   2.6622288E+01   2.5097683E+01   2.3367960E+01   2.1347609E+01   1.8874424E+01   1.5779693E+01   1.1763465E+01   6.5610099E+00   3.5957509E-01  -4.4316998E+00  -8.0721388E+00  -1.0869395E+01  -1.1443219E+01  -1.0910005E+01  -8.3442059E+00  -2.6758401E+00   2.4629786E+00   4.2130570E+00   5.1640444E+00   4.8096738E+00   2.9823136E+00   6.7125940E-01  -3.2183390E+00  -9.8896706E-01
  -3.5000000E+01  -3.5000000E+01  -3.5000000E+01  -3.5000000E+01  -3.5000000E+01  -3.5000000E+01  -3.5000000E+01  -3.5000000E+01  -3.5000000E+01  -3.5000000E+01  -3.5000000E+01  -3.5000000E+01  -3.5000000E+01  -3.5000000E+01  -3.5000000E+01  -3.5000000E+01  -3.5000000E+01  -3.5000000E+01  -3.5000000E+01  -3.5000000E+01  -3.5000000E+01  -3.5000000E+01  -3.5000000E+01  -3.5000000E+01  -3.5000000E+01  -3.5000000E+01  -3.5000000E+01  -3.5000000E+01  -3.5000000E+01  -3.5000000E+01  -3.5000000E+01  -3.5000000E+01  -3.5000000E+01  -3.5000000E+01  -3.5000000E+01  -3.5000000E+01  -3.5000000E+01  -3.5000000E+01  -3.5000000E+01  -3.5000000E+01  -3.5000000E+01  -3.5000000E+01  -3.5000000E+01  -3.5000000E+01  -1.3208717E+01  -2.8331709E+00   6.7158566E+00   1.5348524E+01   2.2935312E+01   2.9282608E+01   3.4133244E+01   3.7210819E+01   3.8527164E+01   3.8953075E+01   3.8519001E+01   3.7819340E+01   3.7627670E+01   3.7294979E+01   3.6990074E+01   3.6819450E+01   3.6567558E+01   3.6342400E+01   3.6156277E+01   3.5929806E+01   3.5577393E+01   3.5256992E+01   3.4933460E+01   3.4609509E+01   3.4175129E+01   3.3591053E+01   3.2953560E+01   3.2163891E+01   3.1346594E+01   3.0289431E+01   2.9097078E+01   2.7804646E+01   2.6368334E+01   2.4391701E+01   2.2692690E+01   2.1129314E+01   1.8672888E+01   1.5608827E+01   1.1625405E+01   6.4723773E+00   4.8030612E-01  -4.3812823E+00  -8.0120182E+00  -1.0755150E+01  -1.1239567E+01  -1.0547986E+01  -7.7495685E+00  -2.3065450E+00   2.6095967E+00   4.2090144E+00   5.1498723E+00   4.7441878E+00   2.9086995E+00   5.7455939E-01  -3.3660321E+00  -9.8764223E-01
  -3.5000000E+01  -3.5000000E+01  -3.5000000E+01  -3.5000000E+01  -3.5000000E+01  -3.5000000E+01  -3.5000000E+01  -3.5000000E+01  -3.5000000E+01  -3.5000000E+01  -3.5000000E+01  -3.5000000E+01  -3.5000000E+01  -3.5000000E+01  -3.5000000E+01  -3.5000000E+01  -3.5000000E+01  -3.5000000E+01  -3.5000000E+01  -3.5000000E+01  -3.5000000E+01  -3.5000000E+01  -3.5000000E+01  -3.5000000E+01  -3.5000000E+01  -3.5000000E+01  -3.5000000E+01  -3.5000000E+01  -3.5000000E+01  -3.5000000E+01  -3.5000000E+01  -3.5000000E+01  -3.5000000E+01  -3.5000000E+01  -3.5000000E+01  -3.5000000E+01  -3.5000000E+01  -3.5000000E+01  -3.5000000E+01  -3.5000000E+01  -3.5000000E+01  -3.5000000E+01  -3.5000000E+01  -1.4119235E+01  -3.6486340E+00   6.0583544E+00   1.4918345E+01   2.2795752E+01   2.9502716E+01   3.4738853E+01   3.8064762E+01   3.8945366E+01   3.8126053E+01   3.7729786E+01   3.7449322E+01   3.7076710E+01   3.6910084E+01   3.6682377E+01   3.6477257E+01   3.6328285E+01   3.6141441E+01   3.5956734E+01   3.5788616E+01   3.5571220E+01   3.5296322E+01   3.5013184E+01   3.4722679E+01   3.4398483E+01   3.4009575E+01   3.3483063E+01   3.2840591E+01   3.2115940E+01   3.1225950E+01   3.0169849E+01   2.8966339E+01   2.7622547E+01   2.6154238E+01   2.4335850E+01   2.2643360E+01   2.0857937E+01   1.7961615E+01   1.5387886E+01   1.1431312E+01   6.3345680E+00   4.4604114E-01  -4.2056260E+00  -7.7721434E+00  -1.0450695E+01  -1.0958117E+01  -1.0267658E+01  -7.4696608E+00  -1.8118674E+00   2.6266701E+00   4.2091269E+00   5.1341810E+00   4.6786342E+00   2.8347566E+00   4.7736073E-01  -3.5135179E+00  -9.8631787E-01
  -3.5000000E+01  -3.5000000E+01  -3.5000000E+01  -3.5000000E+01  -3.5000000E+01  -3.5000000E+01  -3.5000000E+01  -3.5000000E+01  -3.5000000E+01  -3.5000000E+01  -3.5000000E+01  -3.5000000E+01  -3.5000000E+01  -3.5000000E+01  -3.5000000E+01  -3.5000000E+01  -3.5000000E+01  -3.5000000E+01  -3.5000000E+01  -3.5000000E+01  -3.5000000E+01  -3.5000000E+01  -3.5000000E+01  -3.5000000E+01  -3.5000000E+01  -3.5000000E+01  -3.5000000E+01  -3.5000000E+01  -3.5000000E+01  -3.5000000E+01  -3.5000000E+01  -3.5000000E+01  -3.5000000E+01  -3.5000000E+01  -3.5000000E+01  -3.5000000E+01  -3.5000000E+01  -3.5000000E+01  -3.5000000E+01  -3.5000000E+01  -3.5000000E+01  -3.5000000E+01  -1.4764175E+01  -4.1752543E+00   5.6749859E+00   1.4723418E+01   2.2825188E+01   2.9745735E+01   3.5133778E+01   3.8394947E+01   3.8364861E+01   3.7703747E+01   3.7269630E+01   3.7019867E+01   3.6813026E+01   3.6575558E+01   3.6431171E+01   3.6258999E+01   3.6105927E+01   3.5971897E+01   3.5820206E+01   3.5664799E+01   3.5507633E+01   3.5299118E+01   3.5068272E+01   3.4816246E+01   3.4551918E+01   3.4233002E+01   3.3872921E+01   3.3380806E+01   3.2758549E+01   3.2058094E+01   3.1144579E+01   3.0084435E+01   2.8862520E+01   2.7467258E+01   2.5980364E+01   2.4263855E+01   2.2560856E+01   2.0578699E+01   1.7824022E+01   1.4702333E+01   1.0725516E+01   5.7644143E+00   5.0007457E-01  -4.1917558E+00  -7.6957560E+00  -1.0343951E+01  -1.0776559E+01  -9.9243593E+00  -6.9184575E+00  -1.5125711E+00   2.7311728E+00   4.2124305E+00   5.1170111E+00   4.6130075E+00   2.7604845E+00   3.7967980E-01  -3.6607943E+00  -9.8499382E-01
  -3.5000000E+01  -3.5000000E+01  -3.5000000E+01  -3.5000000E+01  -3.5000000E+01  -3.5000000E+01  -3.5000000E+01  -3.5000000E+01  -3.5000000E+01  -3.5000000E+01  -3.5000000E+01  -3.5000000E+01  -3.5000000E+01  -3.5000000E+01  -3.5000000E+01  -3.5000000E+01  -3.5000000E+01  -3.5000000E+01  -3.5000000E+01  -3.5000000E+01  -3.5000000E+01  -3.5000000E+01  -3.5000000E+01  -3.5000000E+01  -3.5000000E+01  -3.5000000E+01  -3.5000000E+01  -3.5000000E+01  -3.5000000E+01  -3.5000000E+01  -3.5000000E+01  -3.5000000E+01  -3.5000000E+01  -3.5000000E+01  -3.5000000E+01  -3.5000000E+01  -3.5000000E+01  -3.5000000E+01  -3.5000000E+01  -3.5000000E+01  -3.5000000E+01  -1.5291648E+01  -4.4540334E+00   5.5400467E+00   1.4738906E+01   2.3003494E+01   3.0069132E+01   3.5498806E+01   3.8620747E+01   3.7922016E+01   3.7362511E+01   3.6991730E+01   3.6720100E+01   3.6540699E+01   3.6378456E+01   3.6209515E+01   3.6083412E+01   3.5945862E+01   3.5821934E+01   3.5698940E+01   3.5567650E+01   3.5431763E+01   3.5281361E+01   3.5083454E+01   3.4878876E+01   3.4651112E+01   3.4406445E+01   3.4099270E+01   3.3753540E+01   3.3285282E+01   3.2687355E+01   3.1995089E+01   3.1076578E+01   3.0009056E+01   2.8766033E+01   2.7336630E+01   2.5837729E+01   2.4178963E+01   2.2453098E+01   2.0325880E+01   1.7685022E+01   1.4551538E+01   1.0614294E+01   5.7029543E+00   4.8964557E-01  -4.1233926E+00  -7.5610948E+00  -1.0131838E+01  -1.0581672E+01  -9.6861372E+00  -6.5796585E+00  -1.1072617E+00   2.8055005E+00   4.1750660E+00   5.0984015E+00   4.5473032E+00   2.6858838E+00   2.8153241E-01  -3.8078597E+00  -9.8366976E-01
  -3.5000000E+01  -3.5000000E+01  -3.5000000E+01  -3.5000000E+01  -3.5000000E+01  -3.5000000E+01  -3.5000000E+01  -3.5000000E+01  -3.5000000E+01  -3.5000000E+01  -3.5000000E+01  -3.5000000E+01  -3.5000000E+01  -3.5000000E+01  -3.5000000E+01  -3.5000000E+01  -3.5000000E+01  -3.5000000E+01  -3.5000000E+01  -3.5000000E+01  -3.5000000E+01  -3.5000000E+01  -3.5000000E+01  -3.5000000E+01  -3.5000000E+01  -3.5000000E+01  -3.5000000E+01  -3.5000000E+01  -3.5000000E+01  -3.5000000E+01  -3.5000000E+01  -3.5000000E+01  -3.5000000E+01  -3.5000000E+01  -3.5000000E+01  -3.5000000E+01  -3.5000000E+01  -3.5000000E+01  -3.5000000E+01  -3.5000000E+01  -1.5582685E+01  -4.5518179E+00   5.6138744E+00   1.4947159E+01   2.3321487E+01   3.0456068E+01   3.5848335E+01   3.8658512E+01   3.7580368E+01   3.7068279E+01   3.6751835E+01   3.6517128E+01   3.6330860E+01   3.6191380E+01   3.6059036E+01   3.5928795E+01   3.5817070E+01   3.5703075E+01   3.5595722E+01   3.5481361E+01   3.5362968E+01   3.5239498E+01   3.5093460E+01   3.4906116E+01   3.4718597E+01   3.4509315E+01   3.4279091E+01   3.3984421E+01   3.3646217E+01   3.3196053E+01   3.2619583E+01   3.1929155E+01   3.1011503E+01   2.9934155E+01   2.8670341E+01   2.7224773E+01   2.5717768E+01   2.4083305E+01   2.2327942E+01   2.0108870E+01   1.7539564E+01   1.4398668E+01   1.0480438E+01   5.6094065E+00   4.4393268E-01  -4.0873928E+00  -7.4671431E+00  -9.9618874E+00  -1.0258423E+01  -9.4275389E+00  -6.3802433E+00  -8.4567642E-01   2.8671908E+00   4.1931896E+00   5.0783896E+00   4.4815149E+00   2.6109540E+00   1.8293375E-01  -3.9547129E+00  -9.8234564E-01
  -3.5000000E+01  -3.5000000E+01  -3.5000000E+01  -3.5000000E+01  -3.5000000E+01  -3.5000000E+01  -3.5000000E+01  -3.5000000E+01  -3.5000000E+01  -3.5000000E+01  -3.5000000E+01  -3.5000000E+01  -3.5000000E+01  -3.5000000E+01  -3.5000000E+01  -3.5000000E+01  -3.5000000E+01  -3.5000000E+01  -3.5000000E+01  -3.5000000E+01  -3.5000000E+01  -3.5000000E+01  -3.5000000E+01  -3.5000000E+01  -3.5000000E+01  -3.5000000E+01  -3.5000000E+01  -3.5000000E+01  -3.5000000E+01  -3.5000000E+01  -3.5000000E+01  -3.5000000E+01  -3.5000000E+01  -3.5000000E+01  -3.5000000E+01  -3.5000000E+01  -3.5000000E+01  -3.5000000E+01  -3.5000000E+01  -1.5655591E+01  -4.4725666E+00   5.8503032E+00   1.5316069E+01   2.3772869E+01   3.0917126E+01   3.6186756E+01   3.8598564E+01   3.7384239E+01   3.6823875E+01   3.6526730E+01   3.6333549E+01   3.6174671E+01   3.6038425E+01   3.5923954E+01   3.5812710E+01   3.5706318E+01   3.5606064E+01   3.5508171E+01   3.5410847E+01   3.5303196E+01   3.5193298E+01   3.5077518E+01   3.4934479E+01   3.4756313E+01   3.4580956E+01   3.4385544E+01   3.4165657E+01   3.3881420E+01   3.3548260E+01   3.3112358E+01   3.2552639E+01   3.1861395E+01   3.0945272E+01   2.9856245E+01   2.8573078E+01   2.7119659E+01   2.5606321E+01   2.3978634E+01   2.2191713E+01   1.9923494E+01   1.7386768E+01   1.4238894E+01   1.0328411E+01   5.4914451E+00   3.8006097E-01  -4.0695853E+00  -7.4003487E+00  -9.8154287E+00  -1.0006701E+01  -9.0415649E+00  -5.8194456E+00  -5.8842367E-01   2.9223428E+00   4.2088904E+00   5.0570121E+00   4.4156384E+00   2.5356963E+00   8.3898574E-02  -4.1013532E+00  -9.8102146E-01
  -3.5000000E+01  -3.5000000E+01  -3.5000000E+01  -3.5000000E+01  -3.5000000E+01  -3.5000000E+01  -3.5000000E+01  -3.5000000E+01  -3.5000000E+01  -3.5000000E+01  -3.5000000E+01  -3.5000000E+01  -3.5000000E+01  -3.5000000E+01  -3.5000000E+01  -3.5000000E+01  -3.5000000E+01  -3.5000000E+01  -3.5000000E+01  -3.5000000E+01  -3.5000000E+01  -3.5000000E+01  -3.5000000E+01  -3.5000000E+01  -3.5000000E+01  -3.5000000E+01  -3.5000000E+01  -3.5000000E+01  -3.5000000E+01  -3.5000000E+01  -3.5000000E+01  -3.5000000E+01  -3.5000000E+01  -3.5000000E+01  -3.5000000E+01  -3.5000000E+01  -3.5000000E+01  -3.5000000E+01  -1.5532379E+01  -4.2264690E+00   6.2268400E+00   1.5809053E+01   2.4337236E+01   3.1468601E+01   3.6589622E+01   3.8574764E+01   3.7304100E+01   3.6660961E+01   3.6329895E+01   3.6149017E+01   3.6027676E+01   3.5915318E+01   3.5810364E+01   3.5712715E+01   3.5616814E+01   3.5525841E+01   3.5434570E+01   3.5347885E+01   3.5256596E+01   3.5154045E+01   3.5050129E+01   3.4938622E+01   3.4797699E+01   3.4627762E+01   3.4461334E+01   3.4276222E+01   3.4063427E+01   3.3787182E+01   3.3458149E+01   3.3033279E+01   3.2485767E+01   3.1792429E+01   3.0876434E+01   2.9774334E+01   2.8473551E+01   2.7015718E+01   2.5496620E+01   2.3866507E+01   2.2048744E+01   1.9758904E+01   1.7227325E+01   1.4071568E+01   1.0162501E+01   5.3557997E+00   3.0564150E-01  -4.0707622E+00  -7.3544631E+00  -9.6910248E+00  -9.8025227E+00  -8.7010937E+00  -5.3600454E+00  -3.8327304E-01   2.9737689E+00   4.2230520E+00   5.0343037E+00   4.3496680E+00   2.4601107E+00  -1.5558848E-02  -4.2477794E+00  -9.7969723E-01
  -3.5000000E+01  -3.5000000E+01  -3.5000000E+01  -3.5000000E+01  -3.5000000E+01  -3.5000000E+01  -3.5000000E+01  -3.5000000E+01  -3.5000000E+01  -3.5000000E+01  -3.5000000E+01  -3.5000000E+01  -3.5000000E+01  -3.5000000E+01  -3.5000000E+01  -3.5000000E+01  -3.5000000E+01  -3.5000000E+01  -3.5000000E+01  -3.5000000E+01  -3.5000000E+01  -3.5000000E+01  -3.5000000E+01  -3.5000000E+01  -3.5000000E+01  -3.5000000E+01  -3.5000000E+01  -3.5000000E+01  -3.5000000E+01  -3.5000000E+01  -3.5000000E+01  -3.5000000E+01  -3.5000000E+01  -3.5000000E+01  -3.5000000E+01  -3.5000000E+01  -3.5000000E+01  -1.5236835E+01  -3.8277287E+00   6.7303057E+00   1.6402494E+01   2.4982920E+01   3.2090248E+01   3.7042843E+01   3.8563808E+01   3.7268581E+01   3.6570698E+01   3.6184734E+01   3.5980442E+01   3.5870625E+01   3.5794491E+01   3.5712364E+01   3.5627823E+01   3.5542072E+01   3.5457535E+01   3.5376904E+01   3.5292702E+01   3.5213512E+01   3.5126144E+01   3.5027473E+01   3.4927624E+01   3.4818161E+01   3.4678829E+01   3.4515808E+01   3.4356308E+01   3.4178608E+01   3.3970585E+01   3.3700329E+01   3.3374439E+01   3.2958099E+01   3.2418827E+01   3.1722437E+01   3.0804598E+01   2.9688414E+01   2.8371740E+01   2.6910782E+01   2.5385914E+01   2.3748264E+01   2.1901424E+01   1.9601671E+01   1.7062391E+01   1.3897578E+01   9.9863596E+00   5.2078247E+00   2.2392887E-01  -4.0894475E+00  -7.3282385E+00  -9.5891323E+00  -9.6312256E+00  -8.3975124E+00  -4.9694095E+00  -2.0873627E-01   3.0227249E+00   4.2360291E+00   5.0102987E+00   4.2835989E+00   2.3841984E+00  -1.1542468E-01  -4.3939915E+00  -9.7837287E-01
  -3.5000000E+01  -3.5000000E+01  -3.5000000E+01  -3.5000000E+01  -3.5000000E+01  -3.5000000E+01  -3.5000000E+01  -3.5000000E+01  -3.5000000E+01  -3.5000000E+01  -3.5000000E+01  -3.5000000E+01  -3.5000000E+01  -3.5000000E+01  -3.5000000E+01  -3.5000000E+01  -3.5000000E+01  -3.5000000E+01  -3.5000000E+01  -3.5000000E+01  -3.5000000E+01  -3.5000000E+01  -3.5000000E+01  -3.5000000E+01  -3.5000000E+01  -3.5000000E+01  -3.5000000E+01  -3.5000000E+01  -3.5000000E+01  -3.5000000E+01  -3.5000000E+01  -3.5000000E+01  -3.5000000E+01  -3.5000000E+01  -3.5000000E+01  -3.5000000E+01  -1.4792192E+01  -3.2943115E+00   7.3473849E+00   1.7082211E+01   2.5685654E+01   3.2746758E+01   3.7522945E+01   3.8561951E+01   3.7252892E+01   3.6525158E+01   3.6088531E+01   3.5846657E+01   3.5721172E+01   3.5657951E+01   3.5611565E+01   3.5549786E+01   3.5478935E+01   3.5401920E+01   3.5325882E+01   3.5252377E+01   3.5173717E+01   3.5099457E+01   3.5014626E+01   3.4918880E+01   3.4821594E+01   3.4712730E+01   3.4574677E+01   3.4417465E+01   3.4263279E+01   3.4090721E+01   3.3885540E+01   3.3619404E+01   3.3296272E+01   3.2886223E+01   3.2351952E+01   3.1651571E+01   3.0729790E+01   2.9598814E+01   2.8267857E+01   2.6804129E+01   2.5273201E+01   2.3625011E+01   2.1751165E+01   1.9446087E+01   1.6893139E+01   1.3718232E+01   9.8029251E+00   5.0515084E+00   1.3486241E-01  -4.1226501E+00  -7.3184590E+00  -9.5065718E+00  -9.4829674E+00  -8.1216393E+00  -4.6282110E+00  -5.2771848E-02   3.0697627E+00   4.2479634E+00   4.9850307E+00   4.2174268E+00   2.3079607E+00  -2.1568549E-01  -4.5399885E+00  -9.7704840E-01
  -3.5000000E+01  -3.5000000E+01  -3.5000000E+01  -3.5000000E+01  -3.5000000E+01  -3.5000000E+01  -3.5000000E+01  -3.5000000E+01  -3.5000000E+01  -3.5000000E+01  -3.5000000E+01  -3.5000000E+01  -3.5000000E+01  -3.5000000E+01  -3.5000000E+01  -3.5000000E+01  -3.5000000E+01  -3.5000000E+01  -3.5000000E+01  -3.5000000E+01  -3.5000000E+01  -3.5000000E+01  -3.5000000E+01  -3.5000000E+01  -3.5000000E+01  -3.5000000E+01  -3.5000000E+01  -3.5000000E+01  -3.5000000E+01  -3.5000000E+01  -3.5000000E+01  -3.5000000E+01  -3.5000000E+01  -3.5000000E+01  -3.5000000E+01  -1.4220110E+01  -2.6452351E+00   8.0622206E+00   1.7835205E+01   2.6430893E+01   3.3411873E+01   3.7982037E+01   3.8322945E+01   3.7248768E+01   3.6503948E+01   3.6034508E+01   3.5746960E+01   3.5595615E+01   3.5522758E+01   3.5491413E+01   3.5465092E+01   3.5417271E+01   3.5355774E+01   3.5285336E+01   3.5215687E+01   3.5147186E+01   3.5072830E+01   3.5001686E+01   3.4918449E+01   3.4824844E+01   3.4728954E+01   3.4619762E+01   3.4482796E+01   3.4330441E+01   3.4180218E+01   3.4011005E+01   3.3807194E+01   3.3543797E+01   3.3222897E+01   3.2817097E+01   3.2285049E+01   3.1579899E+01   3.0652281E+01   2.9506060E+01   2.8162170E+01   2.6695621E+01   2.5158218E+01   2.3497646E+01   2.1598860E+01   1.9289869E+01   1.6720594E+01   1.3534806E+01   9.6144915E+00   4.8897848E+00   3.9103679E-02  -4.1672745E+00  -7.3216925E+00  -9.4394722E+00  -9.3508444E+00  -7.8663568E+00  -4.3239269E+00   9.1278777E-02   3.1151297E+00   4.2589092E+00   4.9585314E+00   4.1511464E+00   2.2313986E+00  -3.1632823E-01  -4.6857710E+00  -9.7572386E-01
  -3.5000000E+01  -3.5000000E+01  -3.5000000E+01  -3.5000000E+01  -3.5000000E+01  -3.5000000E+01  -3.5000000E+01  -3.5000000E+01  -3.5000000E+01  -3.5000000E+01  -3.5000000E+01  -3.5000000E+01  -3.5000000E+01  -3.5000000E+01  -3.5000000E+01  -3.5000000E+01  -3.5000000E+01  -3.5000000E+01  -3.5000000E+01  -3.5000000E+01  -3.5000000E+01  -3.5000000E+01  -3.5000000E+01  -3.5000000E+01  -3.5000000E+01  -3.5000000E+01  -3.5000000E+01  -3.5000000E+01  -3.5000000E+01  -3.5000000E+01  -3.5000000E+01  -3.5000000E+01  -3.5000000E+01  -3.5000000E+01  -1.3541492E+01  -1.8993977E+00   8.8580837E+00   1.8647322E+01   2.7206932E+01   3.4072693E+01   3.8398613E+01   3.7988625E+01   3.7146008E+01   3.6496540E+01   3.6007679E+01   3.5685856E+01   3.5494026E+01   3.5403698E+01   3.5367661E+01   3.5358673E+01   3.5346012E+01   3.5307831E+01   3.5252792E+01   3.5187389E+01   3.5122540E+01   3.5057594E+01   3.4986511E+01   3.4917191E+01   3.4834896E+01   3.4742764E+01   3.4647358E+01   3.4537266E+01   3.4401249E+01   3.4252911E+01   3.4105526E+01   3.3938210E+01   3.3734650E+01   3.3472946E+01   3.3153637E+01   3.2750271E+01   3.2218193E+01   3.1507410E+01   3.0572098E+01   2.9410379E+01   2.8055000E+01   2.6585346E+01   2.5040998E+01   2.3366890E+01   2.1445103E+01   1.9132250E+01   1.6545591E+01   1.3348400E+01   9.4228144E+00   4.7248144E+00  -6.2038641E-02  -4.2206039E+00  -7.3348885E+00  -9.3842621E+00  -9.2298832E+00  -7.6265650E+00  -4.0479155E+00   2.2709310E-01   3.1589441E+00   4.2688861E+00   4.9308333E+00   4.0847535E+00   2.1545141E+00  -4.1734028E-01  -4.8313379E+00  -9.7439927E-01
  -3.5000000E+01  -3.5000000E+01  -3.5000000E+01  -3.5000000E+01  -3.5000000E+01  -3.5000000E+01  -3.5000000E+01  -3.5000000E+01  -3.5000000E+01  -3.5000000E+01  -3.5000000E+01  -3.5000000E+01  -3.5000000E+01  -3.5000000E+01  -3.5000000E+01  -3.5000000E+01  -3.5000000E+01  -3.5000000E+01  -3.5000000E+01  -3.5000000E+01  -3.5000000E+01  -3.5000000E+01  -3.5000000E+01  -3.5000000E+01  -3.5000000E+01  -3.5000000E+01  -3.5000000E+01  -3.5000000E+01  -3.5000000E+01  -3.5000000E+01  -3.5000000E+01  -3.5000000E+01  -3.5000000E+01  -1.3183317E+01  -1.0758207E+00   9.7179108E+00   1.9502256E+01   2.7992353E+01   3.4683788E+01   3.8664700E+01   3.7655766E+01   3.6987461E+01   3.6444122E+01   3.5996696E+01   3.5653561E+01   3.5427086E+01   3.5301334E+01   3.5254089E+01   3.5244617E+01   3.5251492E+01   3.5248081E+01   3.5216518E+01   3.5165951E+01   3.5104443E+01   3.5043179E+01   3.4980755E+01   3.4912098E+01   3.4843670E+01   3.4761837E+01   3.4670605E+01   3.4574986E+01   3.4463657E+01   3.4328484E+01   3.4183414E+01   3.4037891E+01   3.3871315E+01   3.3667160E+01   3.3406315E+01   3.3087902E+01   3.2685337E+01   3.2151382E+01   3.1434067E+01   3.0489466E+01   2.9312193E+01   2.7946455E+01   2.6473446E+01   2.4921680E+01   2.3233326E+01   2.1290300E+01   1.8973099E+01   1.6368793E+01   1.3159906E+01   9.2292290E+00   4.5581827E+00  -1.6720867E-01  -4.2804155E+00  -7.3555250E+00  -9.3379345E+00  -9.1164408E+00  -7.3986483E+00  -3.7939825E+00   3.5671201E-01   3.2012708E+00   4.2778997E+00   4.9019670E+00   4.0182433E+00   2.0773084E+00  -5.1870924E-01  -4.9766898E+00  -9.7307456E-01
  -3.5000000E+01  -3.5000000E+01  -3.5000000E+01  -3.5000000E+01  -3.5000000E+01  -3.5000000E+01  -3.5000000E+01  -3.5000000E+01  -3.5000000E+01  -3.5000000E+01  -3.5000000E+01  -3.5000000E+01  -3.5000000E+01  -3.5000000E+01  -3.5000000E+01  -3.5000000E+01  -3.5000000E+01  -3.5000000E+01  -3.5000000E+01  -3.5000000E+01  -3.5000000E+01  -3.5000000E+01  -3.5000000E+01  -3.5000000E+01  -3.5000000E+01  -3.5000000E+01  -3.5000000E+01  -3.5000000E+01  -3.5000000E+01  -3.5000000E+01  -3.5000000E+01  -3.5000000E+01  -1.4140643E+01  -8.4542716E-01   1.0623666E+01   2.0382229E+01   2.8762655E+01   3.5185795E+01   3.8593258E+01   3.7385822E+01   3.6809639E+01   3.6359932E+01   3.5967747E+01   3.5638927E+01   3.5389584E+01   3.5229622E+01   3.5151760E+01   3.5135933E+01   3.5145992E+01   3.5164108E+01   3.5166821E+01   3.5139713E+01   3.5092232E+01   3.5033749E+01   3.4975132E+01   3.4914471E+01   3.4847527E+01   3.4779316E+01   3.4697582E+01   3.4606766E+01   3.4510395E+01   3.4397655E+01   3.4263226E+01   3.4120747E+01   3.3976257E+01   3.3809479E+01   3.3604084E+01   3.3343410E+01   3.3025166E+01   3.2621956E+01   3.2084583E+01   3.1359816E+01   3.0404573E+01   2.9211853E+01   2.7836737E+01   2.6360117E+01   2.4800472E+01   2.3097412E+01   2.1134745E+01   1.8812536E+01   1.6190708E+01   1.2970028E+01   9.0347395E+00   4.3910465E+00  -2.7521893E-01  -4.3449512E+00  -7.3815861E+00  -9.2980509E+00  -9.0078173E+00  -7.1800075E+00  -3.5575852E+00   4.8127934E-01   3.2421515E+00   4.2859492E+00   4.8719625E+00   3.9516122E+00   1.9997838E+00  -6.2042332E-01  -5.1218262E+00  -9.7174972E-01
  -3.5000000E+01  -3.5000000E+01  -3.5000000E+01  -3.5000000E+01  -3.5000000E+01  -3.5000000E+01  -3.5000000E+01  -3.5000000E+01  -3.5000000E+01  -3.5000000E+01  -3.5000000E+01  -3.5000000E+01  -3.5000000E+01  -3.5000000E+01  -3.5000000E+01  -3.5000000E+01  -3.5000000E+01  -3.5000000E+01  -3.5000000E+01  -3.5000000E+01  -3.5000000E+01  -3.5000000E+01  -3.5000000E+01  -3.5000000E+01  -3.5000000E+01  -3.5000000E+01  -3.5000000E+01  -3.5000000E+01  -3.5000000E+01  -3.5000000E+01  -3.5000000E+01  -3.5000000E+01  -2.2619619E+00   1.0596045E+01   2.1279636E+01   2.9544998E+01   3.5715000E+01   3.8567589E+01   3.7299164E+01   3.6644234E+01   3.6256336E+01   3.5922638E+01   3.5621845E+01   3.5371288E+01   3.5187233E+01   3.5076187E+01   3.5034222E+01   3.5041821E+01   3.5066383E+01   3.5092358E+01   3.5098923E+01   3.5074692E+01   3.5029312E+01   3.4973167E+01   3.4916466E+01   3.4856991E+01   3.4791176E+01   3.4722687E+01   3.4640766E+01   3.4549942E+01   3.4452427E+01   3.4338207E+01   3.4204422E+01   3.4063919E+01   3.3919735E+01   3.3752007E+01   3.3544865E+01   3.3283779E+01   3.2964962E+01   3.2559822E+01   3.2017723E+01   3.1284597E+01   3.0317583E+01   2.9109642E+01   2.7725986E+01   2.6245417E+01   2.4677464E+01   2.2959522E+01   2.0978642E+01   1.8650759E+01   1.6011728E+01   1.2779312E+01   8.8401022E+00   4.2242432E+00  -3.8510343E-01  -4.4128475E+00  -7.4114890E+00  -9.2626686E+00  -8.9019909E+00  -6.9687390E+00  -3.3353481E+00   6.0144842E-01   3.2816200E+00   4.2930336E+00   4.8408489E+00   3.8848560E+00   1.9219425E+00  -7.2247094E-01  -5.2667470E+00  -9.7042477E-01
  -3.5000000E+01  -3.5000000E+01  -3.5000000E+01  -3.5000000E+01  -3.5000000E+01  -3.5000000E+01  -3.5000000E+01  -3.5000000E+01  -3.5000000E+01  -3.5000000E+01  -3.5000000E+01  -3.5000000E+01  -3.5000000E+01  -3.5000000E+01  -3.5000000E+01  -3.5000000E+01  -3.5000000E+01  -3.5000000E+01  -3.5000000E+01  -3.5000000E+01  -3.5000000E+01  -3.5000000E+01  -3.5000000E+01  -3.5000000E+01  -3.5000000E+01  -3.5000000E+01  -3.5000000E+01  -3.5000000E+01  -3.5000000E+01  -3.5000000E+01  -3.5000000E+01  -5.7393184E+00   8.3738194E+00   2.0662180E+01   3.0335897E+01   3.6264668E+01   3.8564842E+01   3.7265862E+01   3.6558510E+01   3.6146961E+01   3.5861866E+01   3.5599510E+01   3.5360165E+01   3.5165298E+01   3.5029251E+01   3.4955566E+01   3.4941174E+01   3.4966496E+01   3.5001835E+01   3.5033131E+01   3.5041874E+01   3.5019360E+01   3.4975365E+01   3.4921017E+01   3.4865658E+01   3.4806919E+01   3.4741734E+01   3.4672615E+01   3.4590271E+01   3.4499084E+01   3.4400139E+01   3.4284435E+01   3.4151180E+01   3.4012093E+01   3.3867588E+01   3.3698296E+01   3.3489025E+01   3.3227005E+01   3.2906872E+01   3.2498657E+01   3.1950706E+01   3.1208357E+01   3.0228634E+01   2.9005798E+01   2.7614309E+01   2.6129459E+01   2.4552811E+01   2.2819969E+01   2.0822151E+01   1.8487970E+01   1.5832155E+01   1.2588183E+01   8.6458845E+00   4.0583730E+00  -4.9610642E-01  -4.4830575E+00  -7.4440031E+00  -9.2302504E+00  -8.7974434E+00  -6.7634234E+00  -3.1247447E+00   7.1760631E-01   3.3197045E+00   4.2991500E+00   4.8086553E+00   3.8179708E+00   1.8437867E+00  -8.2484084E-01  -5.4114528E+00  -9.6909976E-01
  -3.5000000E+01  -3.5000000E+01  -3.5000000E+01  -3.5000000E+01  -3.5000000E+01  -3.5000000E+01  -3.5000000E+01  -3.5000000E+01  -3.5000000E+01  -3.5000000E+01  -3.5000000E+01  -3.5000000E+01  -3.5000000E+01  -3.5000000E+01  -3.5000000E+01  -3.5000000E+01  -3.5000000E+01  -3.5000000E+01  -3.5000000E+01  -3.5000000E+01  -3.5000000E+01  -3.5000000E+01  -3.5000000E+01  -3.5000000E+01  -3.5000000E+01  -3.5000000E+01  -3.5000000E+01  -3.5000000E+01  -3.5000000E+01  -3.5000000E+01  -1.0776864E+01   3.6184945E+00   1.6920168E+01   2.8388418E+01   3.6817120E+01   3.8574886E+01   3.7259975E+01   3.6519016E+01   3.6067123E+01   3.5787891E+01   3.5566048E+01   3.5351768E+01   3.5156788E+01   3.5003719E+01   3.4904438E+01   3.4860104E+01   3.4867260E+01   3.4906101E+01   3.4949379E+01   3.4984058E+01   3.4993725E+01   3.4972065E+01   3.4928944E+01   3.4875946E+01   3.4821465E+01   3.4763107E+01   3.4698147E+01   3.4628136E+01   3.4545174E+01   3.4453316E+01   3.4352745E+01   3.4235596E+01   3.4102757E+01   3.3964565E+01   3.3819191E+01   3.3647842E+01   3.3436131E+01   3.3172699E+01   3.2850529E+01   3.2438225E+01   3.1883436E+01   3.1131041E+01   3.0137846E+01   2.8900513E+01   2.7501783E+01   2.6012335E+01   2.4426651E+01   2.2678999E+01   2.0665367E+01   1.8324356E+01   1.5652220E+01   1.2396968E+01   8.4525089E+00   3.8938599E+00  -6.0764992E-01  -4.5547824E+00  -7.4781723E+00  -9.1995773E+00  -8.6930304E+00  -6.5629930E+00  -2.9238737E+00   8.2999778E-01   3.3564315E+00   4.3042960E+00   4.7754092E+00   3.7509527E+00   1.7653190E+00  -9.2752218E-01  -5.5559430E+00  -9.6777463E-01
  -3.5000000E+01  -3.5000000E+01  -3.5000000E+01  -3.5000000E+01  -3.5000000E+01  -3.5000000E+01  -3.5000000E+01  -3.5000000E+01  -3.5000000E+01  -3.5000000E+01  -3.5000000E+01  -3.5000000E+01  -3.5000000E+01  -3.5000000E+01  -3.5000000E+01  -3.5000000E+01  -3.5000000E+01  -3.5000000E+01  -3.5000000E+01  -3.5000000E+01  -3.5000000E+01  -3.5000000E+01  -3.5000000E+01  -3.5000000E+01  -3.5000000E+01  -3.5000000E+01  -3.5000000E+01  -3.5000000E+01  -3.5000000E+01  -3.5000000E+01  -2.7657266E+00   1.0094058E+01   2.1320797E+01   3.0489664E+01   3.6799789E+01   3.8278275E+01   3.6508774E+01   3.6023220E+01   3.5715858E+01   3.5516670E+01   3.5336769E+01   3.5157036E+01   3.4995800E+01   3.4875355E+01   3.4805130E+01   3.4784348E+01   3.4808544E+01   3.4857719E+01   3.4906727E+01   3.4943291E+01   3.4952946E+01   3.4931503E+01   3.4888866E+01   3.4836853E+01   3.4782890E+01   3.4724621E+01   3.4659546E+01   3.4588448E+01   3.4504700E+01   3.4411922E+01   3.4309593E+01   3.4191063E+01   3.4058498E+01   3.3920727E+01   3.3774014E+01   3.3600216E+01   3.3385807E+01   3.3120506E+01   3.2795609E+01   3.2378307E+01   3.1815811E+01   3.1052597E+01   3.0045324E+01   2.8793947E+01   2.7388470E+01   2.5894115E+01   2.4299105E+01   2.2536821E+01   2.0508375E+01   1.8160086E+01   1.5472100E+01   1.2205924E+01   8.2602949E+00   3.7309971E+00  -7.1929818E-01  -4.6274142E+00  -7.5132537E+00  -9.1696815E+00  -8.5878925E+00  -6.3666401E+00  -2.7312989E+00   9.3879277E-01   3.3918262E+00   4.3084712E+00   4.7411385E+00   3.6837988E+00   1.6865419E+00  -1.0305042E+00  -5.7002187E+00  -9.6644938E-01
  -3.5000000E+01  -3.5000000E+01  -3.5000000E+01  -3.5000000E+01  -3.5000000E+01  -3.5000000E+01  -3.5000000E+01  -3.5000000E+01  -3.5000000E+01  -3.5000000E+01  -3.5000000E+01  -3.5000000E+01  -3.5000000E+01  -3.5000000E+01  -3.5000000E+01  -3.5000000E+01  -3.5000000E+01  -3.5000000E+01  -3.5000000E+01  -3.5000000E+01  -3.5000000E+01  -3.5000000E+01  -3.5000000E+01  -3.5000000E+01  -3.5000000E+01  -3.5000000E+01  -3.5000000E+01  -3.5000000E+01  -3.5000000E+01  -1.0980216E+01   2.1229286E+00   1.3731738E+01   2.3682243E+01   3.1606440E+01   3.6806606E+01   3.7949020E+01   3.6008522E+01   3.5669243E+01   3.5453163E+01   3.5305523E+01   3.5154930E+01   3.5001270E+01   3.4866745E+01   3.4772568E+01   3.4725872E+01   3.4724289E+01   3.4762070E+01   3.4819111E+01   3.4872093E+01   3.4909367E+01   3.4918308E+01   3.4896606E+01   3.4854168E+01   3.4802841E+01   3.4749096E+01   3.4690670E+01   3.4625202E+01   3.4552876E+01   3.4468197E+01   3.4374290E+01   3.4270138E+01   3.4150295E+01   3.4017857E+01   3.3880070E+01   3.3731606E+01   3.3555038E+01   3.3337715E+01   3.3070114E+01   3.2741817E+01   3.2318707E+01   3.1747728E+01   3.0972988E+01   2.9951164E+01   2.8686232E+01   2.7274408E+01   2.5774853E+01   2.4170271E+01   2.2393608E+01   2.0351229E+01   1.7995270E+01   1.5291933E+01   1.2015250E+01   8.0694752E+00   3.5699842E+00  -8.3072561E-01  -4.7004886E+00  -7.5486698E+00  -9.1397896E+00  -8.4813900E+00  -6.1737561E+00  -2.5459309E+00   1.0441234E+00   3.4259117E+00   4.3116741E+00   4.7058697E+00   3.6165051E+00   1.6074582E+00  -1.1337768E+00  -5.8442788E+00  -9.6512407E-01
  -3.5000000E+01  -3.5000000E+01  -3.5000000E+01  -3.5000000E+01  -3.5000000E+01  -3.5000000E+01  -3.5000000E+01  -3.5000000E+01  -3.5000000E+01  -3.5000000E+01  -3.5000000E+01  -3.5000000E+01  -3.5000000E+01  -3.5000000E+01  -3.5000000E+01  -3.5000000E+01  -3.5000000E+01  -3.5000000E+01  -3.5000000E+01  -3.5000000E+01  -3.5000000E+01  -3.5000000E+01  -3.5000000E+01  -3.5000000E+01  -3.5000000E+01  -3.5000000E+01  -3.5000000E+01  -3.5000000E+01  -3.5000000E+01  -7.1725411E+00   5.1852016E+00   1.6005751E+01   2.5163422E+01   3.2317268E+01   3.6793545E+01   3.7615334E+01   3.5650383E+01   3.5405338E+01   3.5250694E+01   3.5137569E+01   3.5008301E+01   3.4875122E+01   3.4762413E+01   3.4689907E+01   3.4662659E+01   3.4676907E+01   3.4725555E+01   3.4788509E+01   3.4844059E+01   3.4881123E+01   3.4888821E+01   3.4866512E+01   3.4824059E+01   3.4773155E+01   3.4719387E+01   3.4660606E+01   3.4594513E+01   3.4520855E+01   3.4435123E+01   3.4339920E+01   3.4233913E+01   3.4112820E+01   3.3980350E+01   3.3842144E+01   3.3691574E+01   3.3511982E+01   3.3291546E+01   3.3021229E+01   3.2688896E+01   3.2259247E+01   3.1679092E+01   3.0892176E+01   2.9855450E+01   2.8577475E+01   2.7159628E+01   2.5654593E+01   2.4040247E+01   2.2249502E+01   2.0193975E+01   1.7830023E+01   1.5111830E+01   1.1825106E+01   7.8802257E+00   3.4109454E+00  -9.4169056E-01  -4.7736530E+00  -7.5839677E+00  -9.1092825E+00  -8.3730574E+00  -5.9838877E+00  -2.3669381E+00   1.1461030E+00   3.4587102E+00   4.3139048E+00   4.6696291E+00   3.5490687E+00   1.5280709E+00  -1.2373298E+00  -5.9881248E+00  -9.6379858E-01
  -3.5000000E+01  -3.5000000E+01  -3.5000000E+01  -3.5000000E+01  -3.5000000E+01  -3.5000000E+01  -3.5000000E+01  -3.5000000E+01  -3.5000000E+01  -3.5000000E+01  -3.5000000E+01  -3.5000000E+01  -3.5000000E+01  -3.5000000E+01  -3.5000000E+01  -3.5000000E+01  -3.5000000E+01  -3.5000000E+01  -3.5000000E+01  -3.5000000E+01  -3.5000000E+01  -3.5000000E+01  -3.5000000E+01  -3.5000000E+01  -3.5000000E+01  -3.5000000E+01  -3.5000000E+01  -3.5000000E+01  -3.5000000E+01  -4.6523576E+00   7.2334113E+00   1.7542749E+01   2.6178047E+01   3.2814835E+01   3.6746132E+01   3.7292648E+01   3.5382809E+01   3.5202942E+01   3.5091259E+01   3.5001823E+01   3.4888603E+01   3.4772060E+01   3.4677643E+01   3.4623386E+01   3.4612450E+01   3.4639874E+01   3.4697212E+01   3.4764500E+01   3.4821472E+01   3.4857601E+01   3.4863667E+01   3.4840500E+01   3.4797863E+01   3.4747177E+01   3.4693184E+01   3.4633873E+01   3.4566967E+01   3.4491901E+01   3.4405006E+01   3.4308372E+01   3.4200516E+01   3.4078232E+01   3.3945560E+01   3.3806572E+01   3.3653591E+01   3.3470753E+01   3.3247028E+01   3.2973583E+01   3.2636616E+01   3.2199776E+01   3.1609812E+01   3.0810137E+01   2.9758251E+01   2.8467766E+01   2.7044153E+01   2.5533373E+01   2.3909113E+01   2.2104626E+01   2.0036644E+01   1.7664436E+01   1.4931878E+01   1.1635618E+01   7.6926751E+00   3.2539573E+00  -1.0520123E+00  -4.8466358E+00  -7.6187901E+00  -9.0776567E+00  -8.2625618E+00  -5.7966952E+00  -2.1936820E+00   1.2448360E+00   3.4902434E+00   4.3151631E+00   4.6324415E+00   3.4814866E+00   1.4483831E+00  -1.3411536E+00  -6.1317558E+00  -9.6247309E-01
  -3.5000000E+01  -3.5000000E+01  -3.5000000E+01  -3.5000000E+01  -3.5000000E+01  -3.5000000E+01  -3.5000000E+01  -3.5000000E+01  -3.5000000E+01  -3.5000000E+01  -3.5000000E+01  -3.5000000E+01  -3.5000000E+01  -3.5000000E+01  -3.5000000E+01  -3.5000000E+01  -3.5000000E+01  -3.5000000E+01  -3.5000000E+01  -3.5000000E+01  -3.5000000E+01  -3.5000000E+01  -3.5000000E+01  -3.5000000E+01  -3.5000000E+01  -3.5000000E+01  -3.5000000E+01  -3.5000000E+01  -3.5000000E+01  -2.9025798E+00   8.6747398E+00   1.8640575E+01   2.6916742E+01   3.3186653E+01   3.6671253E+01   3.6989147E+01   3.5177319E+01   3.5044636E+01   3.4963684E+01   3.4890759E+01   3.4789993E+01   3.4687366E+01   3.4608620E+01   3.4569981E+01   3.4572910E+01   3.4611351E+01   3.4675610E+01   3.4745949E+01   3.4803410E+01   3.4838028E+01   3.4842178E+01   3.4817978E+01   3.4775032E+01   3.4724373E+01   3.4669991E+01   3.4610008E+01   3.4542137E+01   3.4465599E+01   3.4377445E+01   3.4279285E+01   3.4169598E+01   3.4046169E+01   3.3913124E+01   3.3773014E+01   3.3617359E+01   3.3431103E+01   3.3203907E+01   3.2926933E+01   3.2584774E+01   3.2140152E+01   3.1539804E+01   3.0726845E+01   2.9659639E+01   2.8357182E+01   2.6927999E+01   2.5411228E+01   2.3776949E+01   2.1959084E+01   1.9879261E+01   1.7498589E+01   1.4752152E+01   1.1446895E+01   7.5069175E+00   3.0990582E+00  -1.1615635E+00  -4.9192305E+00  -7.6528511E+00  -9.0445042E+00  -8.1496792E+00  -5.6119366E+00  -2.0256677E+00   1.3404217E+00   3.5205314E+00   4.3154507E+00   4.5943317E+00   3.4137559E+00   1.3683978E+00  -1.4452387E+00  -6.2751722E+00  -9.6114743E-01
  -3.5000000E+01  -3.5000000E+01  -3.5000000E+01  -3.5000000E+01  -3.5000000E+01  -3.5000000E+01  -3.5000000E+01  -3.5000000E+01  -3.5000000E+01  -3.5000000E+01  -3.5000000E+01  -3.5000000E+01  -3.5000000E+01  -3.5000000E+01  -3.5000000E+01  -3.5000000E+01  -3.5000000E+01  -3.5000000E+01  -3.5000000E+01  -3.5000000E+01  -3.5000000E+01  -3.5000000E+01  -3.5000000E+01  -3.5000000E+01  -3.5000000E+01  -3.5000000E+01  -3.5000000E+01  -3.5000000E+01  -1.4748919E+01  -1.6383803E+00   9.7315493E+00   1.9460348E+01   2.7481627E+01   3.3479210E+01   3.6576328E+01   3.6708755E+01   3.5016556E+01   3.4919056E+01   3.4860344E+01   3.4799034E+01   3.4708218E+01   3.4617531E+01   3.4552456E+01   3.4527367E+01   3.4542202E+01   3.4589882E+01   3.4659595E+01   3.4731926E+01   3.4789101E+01   3.4821770E+01   3.4823803E+01   3.4798439E+01   3.4755085E+01   3.4704300E+01   3.4649391E+01   3.4588608E+01   3.4519642E+01   3.4441597E+01   3.4352100E+01   3.4252338E+01   3.4140865E+01   3.4016323E+01   3.3882721E+01   3.3741188E+01   3.3582630E+01   3.3392803E+01   3.3161961E+01   3.2881069E+01   3.2533184E+01   3.2080242E+01   3.1468994E+01   3.0642290E+01   2.9559669E+01   2.8245783E+01   2.6811178E+01   2.5288189E+01   2.3643826E+01   2.1812962E+01   1.9721846E+01   1.7332550E+01   1.4572714E+01   1.1259022E+01   7.3230200E+00   2.9462602E+00  -1.2702476E+00  -4.9912758E+00  -7.6859212E+00  -9.0094900E+00  -8.0342741E+00  -5.4294419E+00  -1.8625076E+00   1.4329572E+00   3.5495930E+00   4.3147683E+00   4.5553250E+00   3.3458741E+00   1.2881184E+00  -1.5495760E+00  -6.4183745E+00  -9.5982170E-01
  -3.5000000E+01  -3.5000000E+01  -3.5000000E+01  -3.5000000E+01  -3.5000000E+01  -3.5000000E+01  -3.5000000E+01  -3.5000000E+01  -3.5000000E+01  -3.5000000E+01  -3.5000000E+01  -3.5000000E+01  -3.5000000E+01  -3.5000000E+01  -3.5000000E+01  -3.5000000E+01  -3.5000000E+01  -3.5000000E+01  -3.5000000E+01  -3.5000000E+01  -3.5000000E+01  -3.5000000E+01  -3.5000000E+01  -3.5000000E+01  -3.5000000E+01  -3.5000000E+01  -3.5000000E+01  -3.5000000E+01  -1.3693060E+01  -6.9210958E-01   1.0535419E+01   2.0097307E+01   2.7932636E+01   3.3719578E+01   3.6468082E+01   3.6452854E+01   3.4889149E+01   3.4818390E+01   3.4775822E+01   3.4722725E+01   3.4640095E+01   3.4559883E+01   3.4506916E+01   3.4493717E+01   3.4518848E+01   3.4574287E+01   3.4648232E+01   3.4721664E+01   3.4777912E+01   3.4808289E+01   3.4808067E+01   3.4781467E+01   3.4737621E+01   3.4686577E+01   3.4631023E+01   3.4569336E+01   3.4499176E+01   3.4419582E+01   3.4328682E+01   3.4227268E+01   3.4114056E+01   3.3988415E+01   3.3854073E+01   3.3710831E+01   3.3549179E+01   3.3355648E+01   3.3120979E+01   3.2835789E+01   3.2481686E+01   3.2019939E+01   3.1397318E+01   3.0556459E+01   2.9458395E+01   2.8133619E+01   2.6693697E+01   2.5164282E+01   2.3509813E+01   2.1666340E+01   1.9564411E+01   1.7166374E+01   1.4393616E+01   1.1072072E+01   7.1410303E+00   2.7955561E+00  -1.3779942E+00  -5.0626459E+00  -7.7178102E+00  -8.9723368E+00  -7.9162750E+00  -5.2490954E+00  -1.7038932E+00   1.5225374E+00   3.5774469E+00   4.3131185E+00   4.5154443E+00   3.2778387E+00   1.2075481E+00  -1.6541564E+00  -6.5613627E+00  -9.5849586E-01
  -3.5000000E+01  -3.5000000E+01  -3.5000000E+01  -3.5000000E+01  -3.5000000E+01  -3.5000000E+01  -3.5000000E+01  -3.5000000E+01  -3.5000000E+01  -3.5000000E+01  -3.5000000E+01  -3.5000000E+01  -3.5000000E+01  -3.5000000E+01  -3.5000000E+01  -3.5000000E+01  -3.5000000E+01  -3.5000000E+01  -3.5000000E+01  -3.5000000E+01  -3.5000000E+01  -3.5000000E+01  -3.5000000E+01  -3.5000000E+01  -3.5000000E+01  -3.5000000E+01  -3.5000000E+01  -3.5000000E+01  -1.2885491E+01   4.0612213E-02   1.1168834E+01   2.0611132E+01   2.8307070E+01   3.3924515E+01   3.6352116E+01   3.6221336E+01   3.4787281E+01   3.4737064E+01   3.4706165E+01   3.4658890E+01   3.4583191E+01   3.4512352E+01   3.4470238E+01   3.4467579E+01   3.4501663E+01   3.4563595E+01   3.4640736E+01   3.4714523E+01   3.4769325E+01   3.4797142E+01   3.4794590E+01   3.4766697E+01   3.4722298E+01   3.4670879E+01   3.4614582E+01   3.4551895E+01   3.4480457E+01   3.4399296E+01   3.4306931E+01   3.4203838E+01   3.4088940E+01   3.3962196E+01   3.3826931E+01   3.3681728E+01   3.3516808E+01   3.3319450E+01   3.3080780E+01   3.2790916E+01   3.2430134E+01   3.1959141E+01   3.1324713E+01   3.0469345E+01   2.9355864E+01   2.8020737E+01   2.6575563E+01   2.5039539E+01   2.3374973E+01   2.1519281E+01   1.9406973E+01   1.7000113E+01   1.4214905E+01   1.0886107E+01   6.9609785E+00   2.6469250E+00  -1.4847528E+00  -5.1332412E+00  -7.7483606E+00  -8.9328156E+00  -7.7956696E+00  -5.0708251E+00  -1.5495754E+00   1.6092545E+00   3.6041105E+00   4.3105035E+00   4.4747124E+00   3.2096472E+00   1.1266904E+00  -1.7589716E+00  -6.7041378E+00  -9.5716989E-01
  -3.5000000E+01  -3.5000000E+01  -3.5000000E+01  -3.5000000E+01  -3.5000000E+01  -3.5000000E+01  -3.5000000E+01  -3.5000000E+01  -3.5000000E+01  -3.5000000E+01  -3.5000000E+01  -3.5000000E+01  -3.5000000E+01  -3.5000000E+01  -3.5000000E+01  -3.5000000E+01  -3.5000000E+01  -3.5000000E+01  -3.5000000E+01  -3.5000000E+01  -3.5000000E+01  -3.5000000E+01  -3.5000000E+01  -3.5000000E+01  -3.5000000E+01  -3.5000000E+01  -3.5000000E+01  -3.5000000E+01  -1.2246794E+01   6.2748379E-01   1.1685580E+01   2.1040684E+01   2.8628736E+01   3.4089458E+01   3.6231628E+01   3.6013206E+01   3.4705341E+01   3.4670979E+01   3.4648399E+01   3.4605270E+01   3.4535610E+01   3.4473297E+01   3.4441025E+01   3.4447769E+01   3.4489666E+01   3.4557014E+01   3.4636463E+01   3.4709972E+01   3.4762897E+01   3.4787964E+01   3.4783035E+01   3.4753830E+01   3.4708820E+01   3.4656925E+01   3.4599796E+01   3.4536037E+01   3.4463253E+01   3.4380501E+01   3.4286629E+01   3.4181847E+01   3.4065308E+01   3.3937447E+01   3.3801079E+01   3.3653687E+01   3.3485344E+01   3.3284050E+01   3.3041183E+01   3.2746292E+01   3.2378399E+01   3.1897755E+01   3.1251131E+01   3.0380945E+01   2.9252117E+01   2.7907171E+01   2.6456787E+01   2.4913990E+01   2.3239367E+01   2.1371847E+01   1.9249544E+01   1.6833813E+01   1.4036621E+01   1.0701182E+01   6.7828841E+00   2.5003376E+00  -1.5904869E+00  -5.2029824E+00  -7.7774377E+00  -8.8907366E+00  -7.6724892E+00  -4.8945932E+00  -1.3993796E+00   1.6926072E+00   3.6296008E+00   4.3069263E+00   4.4331527E+00   3.1412978E+00   1.0455489E+00  -1.8640128E+00  -6.8466992E+00  -9.5584387E-01
  -3.5000000E+01  -3.5000000E+01  -3.5000000E+01  -3.5000000E+01  -3.5000000E+01  -3.5000000E+01  -3.5000000E+01  -3.5000000E+01  -3.5000000E+01  -3.5000000E+01  -3.5000000E+01  -3.5000000E+01  -3.5000000E+01  -3.5000000E+01  -3.5000000E+01  -3.5000000E+01  -3.5000000E+01  -3.5000000E+01  -3.5000000E+01  -3.5000000E+01  -3.5000000E+01  -3.5000000E+01  -3.5000000E+01  -3.5000000E+01  -3.5000000E+01  -3.5000000E+01  -3.5000000E+01  -3.5000000E+01  -1.1724363E+01   1.1136222E+00   1.2121452E+01   2.1411066E+01   2.8910780E+01   3.4201530E+01   3.6110264E+01   3.5827019E+01   3.4639187E+01   3.4617043E+01   3.4600273E+01   3.4560116E+01   3.4495857E+01   3.4441410E+01   3.4418133E+01   3.4433331E+01   3.4482059E+01   3.4553875E+01   3.4634872E+01   3.4707565E+01   3.4758259E+01   3.4780441E+01   3.4773125E+01   3.4742596E+01   3.4696934E+01   3.4644474E+01   3.4586441E+01   3.4521538E+01   3.4447357E+01   3.4363003E+01   3.4267590E+01   3.4161114E+01   3.4042984E+01   3.3913975E+01   3.3776321E+01   3.3626526E+01   3.3454632E+01   3.3249298E+01   3.3002041E+01   3.2701767E+01   3.2326366E+01   3.1835705E+01   3.1176527E+01   3.0291258E+01   2.9147190E+01   2.7792950E+01   2.6337374E+01   2.4787661E+01   2.3103050E+01   2.1224085E+01   1.9092133E+01   1.6667517E+01   1.3858807E+01   1.0517343E+01   6.6067572E+00   2.3557577E+00  -1.6951706E+00  -5.2718039E+00  -7.8049250E+00  -8.8459425E+00  -7.5468016E+00  -4.7203808E+00  -1.2530783E+00   1.7740269E+00   3.6539338E+00   4.3023896E+00   4.3907862E+00   3.0727880E+00   9.6412700E-01  -1.9692720E+00  -6.9890471E+00  -9.5451772E-01
