   0.0000000E+00   0.0000000E+00   0.0000000E+00   0.0000000E+00   0.0000000E+00   0.0000000E+00   0.0000000E+00   0.0000000E+00   0.0000000E+00   0.0000000E+00   0.0000000E+00   0.0000000E+00   0.0000000E+00   0.0000000E+00   0.0000000E+00   0.0000000E+00   0.0000000E+00   0.0000000E+00   0.0000000E+00   0.0000000E+00   0.0000000E+00   0.0000000E+00   0.0000000E+00   0.0000000E+00   0.0000000E+00   0.0000000E+00   0.0000000E+00   0.0000000E+00   0.0000000E+00   0.0000000E+00   0.0000000E+00   0.0000000E+00   0.0000000E+00   0.0000000E+00   0.0000000E+00   0.0000000E+00   0.0000000E+00   0.0000000E+00   0.0000000E+00   0.0000000E+00   0.0000000E+00   0.0000000E+00   0.0000000E+00   0.0000000E+00   0.0000000E+00   0.0000000E+00   0.0000000E+00   0.0000000E+00   0.0000000E+00   0.0000000E+00   0.0000000E+00   0.0000000E+00   0.0000000E+00   0.0000000E+00   0.0000000E+00   0.0000000E+00   0.0000000E+00   0.0000000E+00   0.0000000E+00   0.0000000E+00   0.0000000E+00   0.0000000E+00   0.0000000E+00   0.0000000E+00   0.0000000E+00   0.0000000E+00   0.0000000E+00   0.0000000E+00   0.0000000E+00   0.0000000E+00   0.0000000E+00   0.0000000E+00   0.0000000E+00   0.0000000E+00   0.0000000E+00   0.0000000E+00   0.0000000E+00   0.0000000E+00   0.0000000E+00   0.0000000E+00   0.0000000E+00   0.0000000E+00   0.0000000E+00   0.0000000E+00   0.0000000E+00   0.0000000E+00   0.0000000E+00   0.0000000E+00   0.0000000E+00   0.0000000E+00   0.0000000E+00   0.0000000E+00   0.0000000E+00   0.0000000E+00   0.0000000E+00   0.0000000E+00   0.0000000E+00   0.0000000E+00   0.0000000E+00   0.0000000E+00
  -3.5000000E+01  -3.5000000E+01  -3.5000000E+01  -3.5000000E+01  -3.5000000E+01  -3.5000000E+01  -3.5000000E+01  -3.5000000E+01  -3.5000000E+01  -3.5000000E+01  -3.5000000E+01  -3.5000000E+01  -3.5000000E+01  -3.5000000E+01  -3.5000000E+01  -3.5000000E+01  -3.5000000E+01  -3.5000000E+01  -3.5000000E+01  -3.5000000E+01  -3.5000000E+01  -3.5000000E+01  -3.5000000E+01  -3.5000000E+01  -3.5000000E+01  -3.5000000E+01  -3.5000000E+01  -3.5000000E+01  -3.5000000E+01  -3.5000000E+01  -3.5000000E+01  -3.5000000E+01  -3.5000000E+01  -3.5000000E+01  -3.5000000E+01  -3.5000000E+01  -3.5000000E+01  -3.5000000E+01  -3.5000000E+01  -3.5000000E+01  -3.5000000E+01  -3.5000000E+01  -3.5000000E+01  -3.5000000E+01  -3.5000000E+01  -3.5000000E+01  -3.5000000E+01  -3.5000000E+01  -3.5000000E+01  -3.5000000E+01  -3.5000000E+01  -3.5000000E+01  -3.5000000E+01  -3.5000000E+01  -3.5000000E+01  -3.5000000E+01  -3.5000000E+01  -3.5000000E+01  -3.5000000E+01  -3.5000000E+01  -3.5000000E+01  -3.5000000E+01  -3.5000000E+01  -3.5000000E+01  -3.5000000E+01  -3.5000000E+01  -3.5000000E+01  -3.5000000E+01  -3.5000000E+01  -3.5000000E+01  -3.5000000E+01  -3.5000000E+01  -3.5000000E+01  -3.5000000E+01  -3.5000000E+01  -3.5000000E+01  -3.5000000E+01  -3.5000000E+01  -3.5000000E+01  -3.5000000E+01  -3.5000000E+01  -3.5000000E+01  -3.5000000E+01  -3.5000000E+01  -3.5000000E+01  -3.5000000E+01  -3.5000000E+01  -3.5000000E+01  -3.5000000E+01  -3.5000000E+01  -3.5000000E+01  -3.5000000E+01  -3.5000000E+01  -3.5000000E+01  -3.5000000E+01  -3.5000000E+01  -3.5000000E+01  -3.5000000E+01  -3.5000000E+01  -3.5000000E+01
  -3.5000000E+01  -3.5000000E+01  -3.5000000E+01  -3.5000000E+01  -3.5000000E+01  -3.5000000E+01  -3.5000000E+01  -3.5000000E+01  -3.5000000E+01  -3.5000000E+01  -3.5000000E+01  -3.5000000E+01  -3.5000000E+01  -3.5000000E+01  -3.5000000E+01  -3.5000000E+01  -3.5000000E+01  -3.5000000E+01  -3.5000000E+01  -3.5000000E+01  -3.5000000E+01  -3.5000000E+01  -3.5000000E+01  -3.5000000E+01  -3.5000000E+01  -3.5000000E+01  -3.5000000E+01  -3.5000000E+01  -3.5000000E+01  -3.5000000E+01  -3.5000000E+01  -3.5000000E+01  -3.5000000E+01  -3.5000000E+01  -3.5000000E+01  -3.5000000E+01  -3.5000000E+01  -3.5000000E+01  -3.5000000E+01  -3.5000000E+01  -3.5000000E+01  -3.5000000E+01  -3.5000000E+01  -3.5000000E+01  -3.5000000E+01  -3.5000000E+01  -3.5000000E+01  -3.5000000E+01  -3.5000000E+01  -3.5000000E+01  -3.5000000E+01  -3.5000000E+01  -3.5000000E+01  -3.5000000E+01  -3.5000000E+01  -3.5000000E+01  -3.5000000E+01  -3.5000000E+01  -3.5000000E+01  -3.5000000E+01  -3.5000000E+01  -3.5000000E+01  -3.5000000E+01  -3.5000000E+01  -3.5000000E+01  -3.5000000E+01  -3.5000000E+01  -3.5000000E+01  -3.5000000E+01  -3.5000000E+01  -3.5000000E+01  -3.5000000E+01  -3.5000000E+01  -3.5000000E+01  -3.5000000E+01  -3.5000000E+01  -3.5000000E+01  -3.5000000E+01  -3.5000000E+01  -3.5000000E+01  -3.5000000E+01  -3.5000000E+01  -3.5000000E+01  -3.5000000E+01  -3.5000000E+01  -3.5000000E+01  -3.5000000E+01  -3.5000000E+01  -3.5000000E+01  -3.5000000E+01  -3.5000000E+01  -3.5000000E+01  -3.5000000E+01  -3.5000000E+01  -3.5000000E+01  -3.5000000E+01  -3.5000000E+01  -3.5000000E+01  -3.5000000E+01  -3.5000000E+01
  -3.5000000E+01  -3.5000000E+01  -3.5000000E+01  -3.5000000E+01  -3.5000000E+01  -3.5000000E+01  -3.5000000E+01  -3.5000000E+01  -3.5000000E+01  -3.5000000E+01  -3.5000000E+01  -3.5000000E+01  -3.5000000E+01  -3.5000000E+01  -3.5000000E+01  -3.5000000E+01  -3.5000000E+01  -3.5000000E+01  -3.5000000E+01  -3.5000000E+01  -3.5000000E+01  -3.5000000E+01  -3.5000000E+01  -3.5000000E+01  -3.5000000E+01  -3.5000000E+01  -3.5000000E+01  -3.5000000E+01  -3.5000000E+01  -3.5000000E+01  -3.5000000E+01  -3.5000000E+01  -3.5000000E+01  -3.5000000E+01  -3.5000000E+01  -3.5000000E+01  -3.5000000E+01  -3.5000000E+01  -3.5000000E+01  -3.5000000E+01  -3.5000000E+01  -3.5000000E+01  -3.5000000E+01  -3.5000000E+01  -3.5000000E+01  -3.5000000E+01  -3.5000000E+01  -3.5000000E+01  -3.5000000E+01  -3.5000000E+01  -3.5000000E+01  -3.5000000E+01  -3.5000000E+01  -3.5000000E+01  -3.5000000E+01  -3.5000000E+01  -3.5000000E+01  -3.5000000E+01  -3.5000000E+01  -3.5000000E+01  -3.5000000E+01  -3.5000000E+01  -3.5000000E+01  -3.5000000E+01  -3.5000000E+01  -3.5000000E+01  -3.5000000E+01  -3.5000000E+01  -3.5000000E+01  -3.5000000E+01  -3.5000000E+01  -3.5000000E+01  -3.5000000E+01  -3.5000000E+01  -3.5000000E+01  -3.5000000E+01  -3.5000000E+01  -3.5000000E+01  -3.5000000E+01  -3.5000000E+01  -3.5000000E+01  -3.5000000E+01  -3.5000000E+01  -3.5000000E+01  -3.4827099E+01  -3.2645222E+01  -3.0440151E+01  -2.8212547E+01  -2.5963520E+01  -2.3703106E+01  -2.1621902E+01  -2.1569202E+01  -2.1959158E+01  -2.2389725E+01  -2.2947886E+01  -2.5127466E+01  -2.6363483E+01  -2.8074163E+01  -3.0757298E+01  -3.4696907E+01
  -3.5000000E+01  -3.5000000E+01  -3.5000000E+01  -3.5000000E+01  -3.5000000E+01  -3.5000000E+01  -3.5000000E+01  -3.5000000E+01  -3.5000000E+01  -3.5000000E+01  -3.5000000E+01  -3.5000000E+01  -3.5000000E+01  -3.5000000E+01  -3.5000000E+01  -3.5000000E+01  -3.5000000E+01  -3.5000000E+01  -3.5000000E+01  -3.5000000E+01  -3.5000000E+01  -3.5000000E+01  -3.5000000E+01  -3.5000000E+01  -3.5000000E+01  -3.5000000E+01  -3.5000000E+01  -3.5000000E+01  -3.5000000E+01  -3.5000000E+01  -3.5000000E+01  -3.5000000E+01  -3.5000000E+01  -3.5000000E+01  -3.5000000E+01  -3.5000000E+01  -3.5000000E+01  -3.5000000E+01  -3.5000000E+01  -3.5000000E+01  -3.5000000E+01  -3.5000000E+01  -3.5000000E+01  -3.5000000E+01  -3.5000000E+01  -3.5000000E+01  -3.5000000E+01  -3.5000000E+01  -3.5000000E+01  -3.5000000E+01  -3.5000000E+01  -3.5000000E+01  -3.5000000E+01  -3.5000000E+01  -3.5000000E+01  -3.5000000E+01  -3.5000000E+01  -3.5000000E+01  -3.5000000E+01  -3.5000000E+01  -3.5000000E+01  -3.5000000E+01  -3.5000000E+01  -3.5000000E+01  -3.5000000E+01  -3.5000000E+01  -3.5000000E+01  -3.5000000E+01  -3.5000000E+01  -3.5000000E+01  -3.5000000E+01  -3.5000000E+01  -3.5000000E+01  -3.5000000E+01  -3.5000000E+01  -3.5000000E+01  -3.5000000E+01  -3.5000000E+01  -3.5000000E+01  -3.5000000E+01  -3.5000000E+01  -3.4138206E+01  -3.2060471E+01  -2.9964878E+01  -2.7853886E+01  -2.5732006E+01  -2.3607582E+01  -2.1496340E+01  -1.9429613E+01  -1.7486774E+01  -1.5994975E+01  -1.6408266E+01  -1.6954077E+01  -1.7805786E+01  -2.1374462E+01  -2.5166588E+01  -2.6414576E+01  -2.8156298E+01  -3.0986547E+01  -3.4624100E+01
  -3.5000000E+01  -3.5000000E+01  -3.5000000E+01  -3.5000000E+01  -3.5000000E+01  -3.5000000E+01  -3.5000000E+01  -3.5000000E+01  -3.5000000E+01  -3.5000000E+01  -3.5000000E+01  -3.5000000E+01  -3.5000000E+01  -3.5000000E+01  -3.5000000E+01  -3.5000000E+01  -3.5000000E+01  -3.5000000E+01  -3.5000000E+01  -3.5000000E+01  -3.5000000E+01  -3.5000000E+01  -3.5000000E+01  -3.5000000E+01  -3.5000000E+01  -3.5000000E+01  -3.5000000E+01  -3.5000000E+01  -3.5000000E+01  -3.5000000E+01  -3.5000000E+01  -3.5000000E+01  -3.5000000E+01  -3.5000000E+01  -3.5000000E+01  -3.5000000E+01  -3.5000000E+01  -3.5000000E+01  -3.5000000E+01  -3.5000000E+01  -3.5000000E+01  -3.5000000E+01  -3.5000000E+01  -3.5000000E+01  -3.5000000E+01  -3.5000000E+01  -3.5000000E+01  -3.5000000E+01  -3.5000000E+01  -3.5000000E+01  -3.5000000E+01  -3.5000000E+01  -3.5000000E+01  -3.5000000E+01  -3.5000000E+01  -3.5000000E+01  -3.5000000E+01  -3.5000000E+01  -3.5000000E+01  -3.5000000E+01  -3.5000000E+01  -3.5000000E+01  -3.5000000E+01  -3.5000000E+01  -3.5000000E+01  -3.5000000E+01  -3.5000000E+01  -3.5000000E+01  -3.5000000E+01  -3.5000000E+01  -3.5000000E+01  -3.5000000E+01  -3.5000000E+01  -3.5000000E+01  -3.5000000E+01  -3.5000000E+01  -3.5000000E+01  -3.5000000E+01  -3.4739758E+01  -3.2743130E+01  -3.0730698E+01  -2.8703400E+01  -2.6662996E+01  -2.4612656E+01  -2.2558033E+01  -2.0509268E+01  -1.8484789E+01  -1.6518702E+01  -1.4676431E+01  -1.3098504E+01  -1.2158693E+01  -1.2730389E+01  -1.3413957E+01  -1.4716577E+01  -2.1104856E+01  -2.5217215E+01  -2.6482101E+01  -2.8262665E+01  -3.1237530E+01  -3.4583477E+01
  -3.5000000E+01  -3.5000000E+01  -3.5000000E+01  -3.5000000E+01  -3.5000000E+01  -3.5000000E+01  -3.5000000E+01  -3.5000000E+01  -3.5000000E+01  -3.5000000E+01  -3.5000000E+01  -3.5000000E+01  -3.5000000E+01  -3.5000000E+01  -3.5000000E+01  -3.5000000E+01  -3.5000000E+01  -3.5000000E+01  -3.5000000E+01  -3.5000000E+01  -3.5000000E+01  -3.5000000E+01  -3.5000000E+01  -3.5000000E+01  -3.5000000E+01  -3.5000000E+01  -3.5000000E+01  -3.5000000E+01  -3.5000000E+01  -3.5000000E+01  -3.5000000E+01  -3.5000000E+01  -3.5000000E+01  -3.5000000E+01  -3.5000000E+01  -3.5000000E+01  -3.5000000E+01  -3.5000000E+01  -3.5000000E+01  -3.5000000E+01  -3.5000000E+01  -3.5000000E+01  -3.5000000E+01  -3.5000000E+01  -3.5000000E+01  -3.5000000E+01  -3.5000000E+01  -3.5000000E+01  -3.5000000E+01  -3.5000000E+01  -3.5000000E+01  -3.5000000E+01  -3.5000000E+01  -3.5000000E+01  -3.5000000E+01  -3.5000000E+01  -3.5000000E+01  -3.5000000E+01  -3.5000000E+01  -3.5000000E+01  -3.5000000E+01  -3.5000000E+01  -3.5000000E+01  -3.5000000E+01  -3.5000000E+01  -3.5000000E+01  -3.5000000E+01  -3.5000000E+01  -3.5000000E+01  -3.5000000E+01  -3.5000000E+01  -3.5000000E+01  -3.5000000E+01  -3.5000000E+01  -3.5000000E+01  -3.5000000E+01  -3.3868954E+01  -3.1920601E+01  -2.9959530E+01  -2.7986275E+01  -2.6001860E+01  -2.4008114E+01  -2.2008221E+01  -2.0007675E+01  -1.8016048E+01  -1.6050112E+01  -1.4139430E+01  -1.2336216E+01  -1.0732066E+01  -9.4896393E+00  -8.9357977E+00  -9.5898066E+00  -1.0382438E+01  -1.2216757E+01  -2.0813528E+01  -2.5275703E+01  -2.6560730E+01  -2.8385326E+01  -3.1500742E+01  -3.4559875E+01
  -3.5000000E+01  -3.5000000E+01  -3.5000000E+01  -3.5000000E+01  -3.5000000E+01  -3.5000000E+01  -3.5000000E+01  -3.5000000E+01  -3.5000000E+01  -3.5000000E+01  -3.5000000E+01  -3.5000000E+01  -3.5000000E+01  -3.5000000E+01  -3.5000000E+01  -3.5000000E+01  -3.5000000E+01  -3.5000000E+01  -3.5000000E+01  -3.5000000E+01  -3.5000000E+01  -3.5000000E+01  -3.5000000E+01  -3.5000000E+01  -3.5000000E+01  -3.5000000E+01  -3.5000000E+01  -3.5000000E+01  -3.5000000E+01  -3.5000000E+01  -3.5000000E+01  -3.5000000E+01  -3.5000000E+01  -3.5000000E+01  -3.5000000E+01  -3.5000000E+01  -3.5000000E+01  -3.5000000E+01  -3.5000000E+01  -3.5000000E+01  -3.5000000E+01  -3.5000000E+01  -3.5000000E+01  -3.5000000E+01  -3.5000000E+01  -3.5000000E+01  -3.5000000E+01  -3.5000000E+01  -3.5000000E+01  -3.5000000E+01  -3.5000000E+01  -3.5000000E+01  -3.5000000E+01  -3.5000000E+01  -3.5000000E+01  -3.5000000E+01  -3.5000000E+01  -3.5000000E+01  -3.5000000E+01  -3.5000000E+01  -3.5000000E+01  -3.5000000E+01  -3.5000000E+01  -3.5000000E+01  -3.5000000E+01  -3.5000000E+01  -3.5000000E+01  -3.5000000E+01  -3.5000000E+01  -3.5000000E+01  -3.5000000E+01  -3.5000000E+01  -3.5000000E+01  -3.5000000E+01  -3.3312675E+01  -3.1399803E+01  -2.9477245E+01  -2.7545263E+01  -2.5604414E+01  -2.3655701E+01  -2.1700857E+01  -1.9742798E+01  -1.7786436E+01  -1.5840073E+01  -1.3917831E+01  -1.2043790E+01  -1.0258572E+01  -8.6287746E+00  -7.2573428E+00  -6.2963686E+00  -6.0116019E+00  -6.7441354E+00  -7.7154016E+00  -1.0078924E+01  -2.0721222E+01  -2.5339842E+01  -2.6647345E+01  -2.8519686E+01  -3.1771185E+01  -3.4545887E+01
  -3.5000000E+01  -3.5000000E+01  -3.5000000E+01  -3.5000000E+01  -3.5000000E+01  -3.5000000E+01  -3.5000000E+01  -3.5000000E+01  -3.5000000E+01  -3.5000000E+01  -3.5000000E+01  -3.5000000E+01  -3.5000000E+01  -3.5000000E+01  -3.5000000E+01  -3.5000000E+01  -3.5000000E+01  -3.5000000E+01  -3.5000000E+01  -3.5000000E+01  -3.5000000E+01  -3.5000000E+01  -3.5000000E+01  -3.5000000E+01  -3.5000000E+01  -3.5000000E+01  -3.5000000E+01  -3.5000000E+01  -3.5000000E+01  -3.5000000E+01  -3.5000000E+01  -3.5000000E+01  -3.5000000E+01  -3.5000000E+01  -3.5000000E+01  -3.5000000E+01  -3.5000000E+01  -3.5000000E+01  -3.5000000E+01  -3.5000000E+01  -3.5000000E+01  -3.5000000E+01  -3.5000000E+01  -3.5000000E+01  -3.5000000E+01  -3.5000000E+01  -3.5000000E+01  -3.5000000E+01  -3.5000000E+01  -3.5000000E+01  -3.5000000E+01  -3.5000000E+01  -3.5000000E+01  -3.5000000E+01  -3.5000000E+01  -3.5000000E+01  -3.5000000E+01  -3.5000000E+01  -3.5000000E+01  -3.5000000E+01  -3.5000000E+01  -3.5000000E+01  -3.5000000E+01  -3.5000000E+01  -3.5000000E+01  -3.5000000E+01  -3.5000000E+01  -3.4336933E+01  -3.3304802E+01  -3.2236137E+01  -3.1127323E+01  -2.9970579E+01  -2.8762266E+01  -2.7525032E+01  -2.6280859E+01  -2.4904337E+01  -2.3451914E+01  -2.1925697E+01  -2.0329306E+01  -1.8661913E+01  -1.6987497E+01  -1.5764081E+01  -1.3854780E+01  -1.1967639E+01  -1.0121887E+01  -8.3490648E+00  -6.6992259E+00  -5.2465777E+00  -4.0899868E+00  -3.3587451E+00  -3.2799201E+00  -4.0961509E+00  -5.2788644E+00  -8.2248392E+00  -2.0730143E+01  -2.5408209E+01  -2.6739998E+01  -2.8662844E+01  -3.2045937E+01  -3.4537514E+01
  -3.5000000E+01  -3.5000000E+01  -3.5000000E+01  -3.5000000E+01  -3.5000000E+01  -3.5000000E+01  -3.5000000E+01  -3.5000000E+01  -3.5000000E+01  -3.5000000E+01  -3.5000000E+01  -3.5000000E+01  -3.5000000E+01  -3.5000000E+01  -3.5000000E+01  -3.5000000E+01  -3.5000000E+01  -3.5000000E+01  -3.5000000E+01  -3.5000000E+01  -3.5000000E+01  -3.5000000E+01  -3.5000000E+01  -3.5000000E+01  -3.5000000E+01  -3.5000000E+01  -3.5000000E+01  -3.5000000E+01  -3.5000000E+01  -3.5000000E+01  -3.5000000E+01  -3.5000000E+01  -3.5000000E+01  -3.5000000E+01  -3.5000000E+01  -3.5000000E+01  -3.5000000E+01  -3.5000000E+01  -3.5000000E+01  -3.5000000E+01  -3.5000000E+01  -3.5000000E+01  -3.5000000E+01  -3.5000000E+01  -3.5000000E+01  -3.5000000E+01  -3.5000000E+01  -3.5000000E+01  -3.5000000E+01  -3.5000000E+01  -3.5000000E+01  -3.5000000E+01  -3.5000000E+01  -3.5000000E+01  -3.5000000E+01  -3.5000000E+01  -3.5000000E+01  -3.5000000E+01  -3.5000000E+01  -3.5000000E+01  -3.5000000E+01  -3.5000000E+01  -3.5000000E+01  -3.5000000E+01  -3.4366100E+01  -3.3195141E+01  -3.1405312E+01  -2.8212301E+01  -2.7238573E+01  -2.6251743E+01  -2.5246132E+01  -2.4213528E+01  -2.3150042E+01  -2.2066551E+01  -2.0920101E+01  -1.9716087E+01  -1.8440435E+01  -1.7090319E+01  -1.5665797E+01  -1.4174928E+01  -1.2695204E+01  -1.1437105E+01  -9.7127647E+00  -8.0180130E+00  -6.4919181E+00  -4.8907709E+00  -3.3847320E+00  -2.1073689E+00  -1.1429241E+00  -6.0386968E-01  -6.9600248E-01  -1.6052705E+00  -3.0324533E+00  -6.6266637E+00  -2.0825636E+01  -2.5479864E+01  -2.6837425E+01  -2.8812876E+01  -3.2323174E+01  -3.4532478E+01
  -3.5000000E+01  -3.5000000E+01  -3.5000000E+01  -3.5000000E+01  -3.5000000E+01  -3.5000000E+01  -3.5000000E+01  -3.5000000E+01  -3.5000000E+01  -3.5000000E+01  -3.5000000E+01  -3.5000000E+01  -3.5000000E+01  -3.5000000E+01  -3.5000000E+01  -3.5000000E+01  -3.5000000E+01  -3.5000000E+01  -3.5000000E+01  -3.5000000E+01  -3.5000000E+01  -3.5000000E+01  -3.5000000E+01  -3.5000000E+01  -3.5000000E+01  -3.5000000E+01  -3.5000000E+01  -3.5000000E+01  -3.5000000E+01  -3.5000000E+01  -3.5000000E+01  -3.5000000E+01  -3.5000000E+01  -3.5000000E+01  -3.5000000E+01  -3.5000000E+01  -3.5000000E+01  -3.5000000E+01  -3.5000000E+01  -3.5000000E+01  -3.5000000E+01  -3.5000000E+01  -3.5000000E+01  -3.5000000E+01  -3.5000000E+01  -3.5000000E+01  -3.5000000E+01  -3.5000000E+01  -3.5000000E+01  -3.5000000E+01  -3.5000000E+01  -3.5000000E+01  -3.5000000E+01  -3.5000000E+01  -3.5000000E+01  -3.5000000E+01  -3.5000000E+01  -3.5000000E+01  -3.4193165E+01  -3.3122425E+01  -3.2112530E+01  -3.1190065E+01  -3.0158401E+01  -2.9125223E+01  -2.8073006E+01  -2.6943422E+01  -2.5412071E+01  -2.3306482E+01  -2.2347425E+01  -2.1386974E+01  -2.0419552E+01  -1.9437870E+01  -1.8437666E+01  -1.7415712E+01  -1.6319250E+01  -1.5200613E+01  -1.4019263E+01  -1.2770261E+01  -1.1453070E+01  -1.0083226E+01  -8.7315817E+00  -7.4782724E+00  -5.9000511E+00  -4.3614092E+00  -2.9588807E+00  -1.5864872E+00  -2.7918148E-01   8.3238763E-01   1.6295080E+00   1.9990970E+00   1.7570182E+00   7.3974204E-01  -9.6092534E-01  -5.2723079E+00  -2.0969410E+01  -2.5554180E+01  -2.6938786E+01  -2.8968447E+01  -3.2601727E+01  -3.4529442E+01
  -3.5000000E+01  -3.5000000E+01  -3.5000000E+01  -3.5000000E+01  -3.5000000E+01  -3.5000000E+01  -3.5000000E+01  -3.5000000E+01  -3.5000000E+01  -3.5000000E+01  -3.5000000E+01  -3.5000000E+01  -3.5000000E+01  -3.5000000E+01  -3.5000000E+01  -3.5000000E+01  -3.5000000E+01  -3.5000000E+01  -3.5000000E+01  -3.5000000E+01  -3.5000000E+01  -3.5000000E+01  -3.5000000E+01  -3.5000000E+01  -3.5000000E+01  -3.5000000E+01  -3.5000000E+01  -3.5000000E+01  -3.5000000E+01  -3.5000000E+01  -3.5000000E+01  -3.5000000E+01  -3.5000000E+01  -3.5000000E+01  -3.5000000E+01  -3.5000000E+01  -3.5000000E+01  -3.5000000E+01  -3.5000000E+01  -3.5000000E+01  -3.5000000E+01  -3.5000000E+01  -3.5000000E+01  -3.5000000E+01  -3.5000000E+01  -3.5000000E+01  -3.5000000E+01  -3.5000000E+01  -3.5000000E+01  -3.5000000E+01  -3.5000000E+01  -3.5000000E+01  -3.5000000E+01  -3.5000000E+01  -3.5000000E+01  -3.4493244E+01  -3.3239521E+01  -3.1569311E+01  -2.9404779E+01  -2.8304935E+01  -2.7249462E+01  -2.6256689E+01  -2.5197735E+01  -2.4144413E+01  -2.3084391E+01  -2.1954735E+01  -2.0555019E+01  -1.8922211E+01  -1.7969851E+01  -1.7023952E+01  -1.6079239E+01  -1.5129107E+01  -1.4167925E+01  -1.3183885E+01  -1.2137965E+01  -1.1077512E+01  -9.9622545E+00  -8.7865477E+00  -7.5507741E+00  -6.2744803E+00  -5.0148759E+00  -3.7883897E+00  -2.3375127E+00  -9.4863319E-01   2.5007793E-01   1.5611124E+00   2.6437740E+00   3.6008031E+00   4.2475743E+00   4.4667578E+00   4.0824056E+00   2.9448416E+00   9.3824100E-01  -4.1555438E+00  -2.1139452E+01  -2.5630737E+01  -2.7043509E+01  -2.9128609E+01  -3.2880821E+01  -3.4527607E+01
  -3.5000000E+01  -3.5000000E+01  -3.5000000E+01  -3.5000000E+01  -3.5000000E+01  -3.5000000E+01  -3.5000000E+01  -3.5000000E+01  -3.5000000E+01  -3.5000000E+01  -3.5000000E+01  -3.5000000E+01  -3.5000000E+01  -3.5000000E+01  -3.5000000E+01  -3.5000000E+01  -3.5000000E+01  -3.5000000E+01  -3.5000000E+01  -3.5000000E+01  -3.5000000E+01  -3.5000000E+01  -3.5000000E+01  -3.5000000E+01  -3.5000000E+01  -3.5000000E+01  -3.5000000E+01  -3.5000000E+01  -3.5000000E+01  -3.5000000E+01  -3.5000000E+01  -3.5000000E+01  -3.5000000E+01  -3.5000000E+01  -3.5000000E+01  -3.5000000E+01  -3.5000000E+01  -3.5000000E+01  -3.5000000E+01  -3.5000000E+01  -3.5000000E+01  -3.5000000E+01  -3.5000000E+01  -3.5000000E+01  -3.5000000E+01  -3.5000000E+01  -3.5000000E+01  -3.5000000E+01  -3.5000000E+01  -3.5000000E+01  -3.5000000E+01  -3.5000000E+01  -3.5000000E+01  -3.2252068E+01  -3.0996044E+01  -2.9765106E+01  -2.8462496E+01  -2.6887161E+01  -2.5132439E+01  -2.4002323E+01  -2.2910471E+01  -2.1859766E+01  -2.0777891E+01  -1.9707268E+01  -1.8635687E+01  -1.7505722E+01  -1.6201517E+01  -1.4827402E+01  -1.3881162E+01  -1.2947655E+01  -1.2021859E+01  -1.1097470E+01  -1.0167352E+01  -9.2168875E+00  -8.2221909E+00  -7.2110791E+00  -6.1520596E+00  -5.0395269E+00  -3.8752663E+00  -2.6799941E+00  -1.4969382E+00  -3.1571549E-01   1.0138158E+00   2.2663491E+00   3.3653810E+00   4.4623594E+00   5.3932328E+00   6.2109089E+00   6.7199817E+00   6.7920036E+00   6.2751255E+00   5.0055342E+00   2.6569016E+00  -3.2686241E+00  -2.1322939E+01  -2.5709253E+01  -2.7151207E+01  -2.9292669E+01  -3.3159931E+01  -3.4526501E+01
  -3.5000000E+01  -3.5000000E+01  -3.5000000E+01  -3.5000000E+01  -3.5000000E+01  -3.5000000E+01  -3.5000000E+01  -3.5000000E+01  -3.5000000E+01  -3.5000000E+01  -3.5000000E+01  -3.5000000E+01  -3.5000000E+01  -3.5000000E+01  -3.5000000E+01  -3.5000000E+01  -3.5000000E+01  -3.5000000E+01  -3.5000000E+01  -3.5000000E+01  -3.5000000E+01  -3.5000000E+01  -3.5000000E+01  -3.5000000E+01  -3.5000000E+01  -3.5000000E+01  -3.5000000E+01  -3.5000000E+01  -3.5000000E+01  -3.5000000E+01  -3.5000000E+01  -3.5000000E+01  -3.5000000E+01  -3.5000000E+01  -3.5000000E+01  -3.5000000E+01  -3.5000000E+01  -3.5000000E+01  -3.5000000E+01  -3.5000000E+01  -3.5000000E+01  -3.5000000E+01  -3.5000000E+01  -3.5000000E+01  -3.5000000E+01  -3.5000000E+01  -3.5000000E+01  -3.5000000E+01  -3.5000000E+01  -3.5000000E+01  -3.5000000E+01  -3.1708487E+01  -2.9990639E+01  -2.8105747E+01  -2.6814478E+01  -2.5537172E+01  -2.4194841E+01  -2.2679665E+01  -2.1130075E+01  -1.9970757E+01  -1.8846703E+01  -1.7752729E+01  -1.6652359E+01  -1.5568367E+01  -1.4487892E+01  -1.3364143E+01  -1.2138359E+01  -1.0923093E+01  -9.9855156E+00  -9.0661573E+00  -8.1601496E+00  -7.2612066E+00  -6.3611236E+00  -5.4457569E+00  -4.5007186E+00  -3.5372016E+00  -2.5322044E+00  -1.4806454E+00  -3.8573739E-01   7.3229098E-01   1.8415291E+00   2.9596677E+00   4.1669798E+00   5.2788033E+00   6.2100263E+00   7.2050052E+00   7.9724131E+00   8.6601076E+00   9.0351200E+00   8.9705496E+00   8.3259182E+00   6.9103670E+00   4.1920519E+00  -2.5588112E+00  -2.1512445E+01  -2.5789545E+01  -2.7261604E+01  -2.9460102E+01  -3.3438713E+01  -3.4525833E+01
  -3.5000000E+01  -3.5000000E+01  -3.5000000E+01  -3.5000000E+01  -3.5000000E+01  -3.5000000E+01  -3.5000000E+01  -3.5000000E+01  -3.5000000E+01  -3.5000000E+01  -3.5000000E+01  -3.5000000E+01  -3.5000000E+01  -3.5000000E+01  -3.5000000E+01  -3.5000000E+01  -3.5000000E+01  -3.5000000E+01  -3.5000000E+01  -3.5000000E+01  -3.5000000E+01  -3.5000000E+01  -3.5000000E+01  -3.5000000E+01  -3.5000000E+01  -3.5000000E+01  -3.5000000E+01  -3.5000000E+01  -3.5000000E+01  -3.5000000E+01  -3.5000000E+01  -3.5000000E+01  -3.5000000E+01  -3.5000000E+01  -3.5000000E+01  -3.5000000E+01  -3.5000000E+01  -3.5000000E+01  -3.5000000E+01  -3.5000000E+01  -3.5000000E+01  -3.5000000E+01  -3.5000000E+01  -3.5000000E+01  -3.5000000E+01  -3.5000000E+01  -3.5000000E+01  -3.5000000E+01  -3.5000000E+01  -3.5000000E+01  -3.5000000E+01  -2.7584253E+01  -2.5916908E+01  -2.4221338E+01  -2.2892824E+01  -2.1572004E+01  -2.0199701E+01  -1.8728491E+01  -1.7291073E+01  -1.6105888E+01  -1.4955092E+01  -1.3831775E+01  -1.2718482E+01  -1.1626568E+01  -1.0543292E+01  -9.4342299E+00  -8.2768402E+00  -7.1677294E+00  -6.2437406E+00  -5.3429456E+00  -4.4605060E+00  -3.5900092E+00  -2.7227414E+00  -1.8460952E+00  -9.5005476E-01  -3.5857163E-02   9.1350317E-01   1.9022183E+00   2.9257293E+00   3.9648845E+00   4.9956040E+00   6.0336857E+00   7.1145830E+00   8.0891399E+00   8.9111710E+00   9.7257929E+00   1.0377156E+01   1.0940892E+01   1.1181600E+01   1.0981647E+01   1.0218517E+01   8.6484594E+00   5.5310140E+00  -2.1330707E+00  -2.1703699E+01  -2.5871489E+01  -2.7374506E+01  -2.9630501E+01  -3.3716919E+01  -3.4525425E+01
  -3.5000000E+01  -3.5000000E+01  -3.5000000E+01  -3.5000000E+01  -3.5000000E+01  -3.5000000E+01  -3.5000000E+01  -3.5000000E+01  -3.5000000E+01  -3.5000000E+01  -3.5000000E+01  -3.5000000E+01  -3.5000000E+01  -3.5000000E+01  -3.5000000E+01  -3.5000000E+01  -3.5000000E+01  -3.5000000E+01  -3.5000000E+01  -3.5000000E+01  -3.5000000E+01  -3.5000000E+01  -3.5000000E+01  -3.5000000E+01  -3.5000000E+01  -3.5000000E+01  -3.5000000E+01  -3.5000000E+01  -3.5000000E+01  -3.5000000E+01  -3.5000000E+01  -3.5000000E+01  -3.5000000E+01  -3.5000000E+01  -3.5000000E+01  -3.5000000E+01  -3.5000000E+01  -3.5000000E+01  -3.5000000E+01  -3.5000000E+01  -3.5000000E+01  -3.5000000E+01  -3.5000000E+01  -3.5000000E+01  -3.5000000E+01  -3.5000000E+01  -3.5000000E+01  -3.5000000E+01  -3.5000000E+01  -3.5000000E+01  -2.8972195E+01  -2.3726730E+01  -2.2091022E+01  -2.0492439E+01  -1.9127283E+01  -1.7768711E+01  -1.6376528E+01  -1.4940106E+01  -1.3567163E+01  -1.2362304E+01  -1.1192996E+01  -1.0053417E+01  -8.9351749E+00  -7.8434520E+00  -6.7666926E+00  -5.6821079E+00  -4.5877719E+00  -3.5569386E+00  -2.6539671E+00  -1.7786338E+00  -9.2601830E-01  -8.9543723E-02   7.3957652E-01   1.5724466E+00   2.4175394E+00   3.2785435E+00   4.1684313E+00   5.0902281E+00   6.0381021E+00   6.9939332E+00   7.9384885E+00   8.8826666E+00   9.8344955E+00   1.0670239E+01   1.1348465E+01   1.2059935E+01   1.2592935E+01   1.3029726E+01   1.3135471E+01   1.2813454E+01   1.1938014E+01   1.0203381E+01   6.6702309E+00  -1.8417403E+00  -2.1894260E+01  -2.5955002E+01  -2.7489765E+01  -2.9803539E+01  -3.3994381E+01  -3.4525181E+01
  -3.5000000E+01  -3.5000000E+01  -3.5000000E+01  -3.5000000E+01  -3.5000000E+01  -3.5000000E+01  -3.5000000E+01  -3.5000000E+01  -3.5000000E+01  -3.5000000E+01  -3.5000000E+01  -3.5000000E+01  -3.5000000E+01  -3.5000000E+01  -3.5000000E+01  -3.5000000E+01  -3.5000000E+01  -3.5000000E+01  -3.5000000E+01  -3.5000000E+01  -3.5000000E+01  -3.5000000E+01  -3.5000000E+01  -3.5000000E+01  -3.5000000E+01  -3.5000000E+01  -3.5000000E+01  -3.5000000E+01  -3.5000000E+01  -3.5000000E+01  -3.5000000E+01  -3.5000000E+01  -3.5000000E+01  -3.5000000E+01  -3.5000000E+01  -3.5000000E+01  -3.5000000E+01  -3.5000000E+01  -3.5000000E+01  -3.5000000E+01  -3.5000000E+01  -3.5000000E+01  -3.5000000E+01  -3.5000000E+01  -3.5000000E+01  -3.5000000E+01  -3.5000000E+01  -3.5000000E+01  -3.5000000E+01  -3.5000000E+01  -2.4834112E+01  -2.0031748E+01  -1.8417213E+01  -1.6867775E+01  -1.5470565E+01  -1.4083522E+01  -1.2682691E+01  -1.1277172E+01  -9.9455414E+00  -8.7312231E+00  -7.5554252E+00  -6.4139056E+00  -5.3024731E+00  -4.2229371E+00  -3.1656370E+00  -2.1171360E+00  -1.0851712E+00  -1.2044415E-01   7.5126243E-01   1.5916216E+00   2.4057136E+00   3.2002339E+00   3.9837596E+00   4.7662320E+00   5.5557361E+00   6.3581805E+00   7.1835856E+00   8.0337400E+00   8.9017401E+00   9.7704020E+00   1.0623609E+01   1.1467789E+01   1.2294897E+01   1.3003987E+01   1.3585415E+01   1.4167082E+01   1.4600415E+01   1.4905482E+01   1.4878809E+01   1.4442560E+01   1.3465897E+01   1.1564788E+01   7.6034083E+00  -1.7933480E+00  -2.2082764E+01  -2.6040035E+01  -2.7607264E+01  -2.9978952E+01  -3.4270992E+01  -3.4525036E+01
  -3.5000000E+01  -3.5000000E+01  -3.5000000E+01  -3.5000000E+01  -3.5000000E+01  -3.5000000E+01  -3.5000000E+01  -3.5000000E+01  -3.5000000E+01  -3.5000000E+01  -3.5000000E+01  -3.5000000E+01  -3.5000000E+01  -3.5000000E+01  -3.5000000E+01  -3.5000000E+01  -3.5000000E+01  -3.5000000E+01  -3.5000000E+01  -3.5000000E+01  -3.5000000E+01  -3.5000000E+01  -3.5000000E+01  -3.5000000E+01  -3.5000000E+01  -3.5000000E+01  -3.5000000E+01  -3.5000000E+01  -3.5000000E+01  -3.5000000E+01  -3.5000000E+01  -3.5000000E+01  -3.5000000E+01  -3.5000000E+01  -3.5000000E+01  -3.5000000E+01  -3.5000000E+01  -3.5000000E+01  -3.5000000E+01  -3.5000000E+01  -3.5000000E+01  -3.5000000E+01  -3.5000000E+01  -3.5000000E+01  -3.5000000E+01  -3.5000000E+01  -3.5000000E+01  -3.5000000E+01  -3.5000000E+01  -3.5000000E+01  -2.0937027E+01  -1.6450277E+01  -1.4852254E+01  -1.3328835E+01  -1.1909598E+01  -1.0508052E+01  -9.1126518E+00  -7.7405572E+00  -6.4441714E+00  -5.2360544E+00  -4.0707827E+00  -2.9452751E+00  -1.8572963E+00  -8.0662364E-01   2.1438825E-01   1.2127359E+00   2.1779327E+00   3.0774236E+00   3.9044590E+00   4.6973529E+00   5.4613557E+00   6.2031860E+00   6.9310794E+00   7.6542506E+00   8.3810005E+00   9.1184330E+00   9.8745289E+00   1.0650339E+01   1.1438560E+01   1.2223242E+01   1.2990756E+01   1.3744157E+01   1.4464826E+01   1.5068072E+01   1.5558005E+01   1.6047070E+01   1.6373207E+01   1.6541712E+01   1.6390240E+01   1.5857984E+01   1.4790477E+01   1.2720798E+01   8.3298817E+00  -1.8544557E+00  -2.2268467E+01  -2.6126554E+01  -2.7726910E+01  -3.0156513E+01  -3.4546669E+01  -3.4524944E+01
  -3.5000000E+01  -3.5000000E+01  -3.5000000E+01  -3.5000000E+01  -3.5000000E+01  -3.5000000E+01  -3.5000000E+01  -3.5000000E+01  -3.5000000E+01  -3.5000000E+01  -3.5000000E+01  -3.5000000E+01  -3.5000000E+01  -3.5000000E+01  -3.5000000E+01  -3.5000000E+01  -3.5000000E+01  -3.5000000E+01  -3.5000000E+01  -3.5000000E+01  -3.5000000E+01  -3.5000000E+01  -3.5000000E+01  -3.5000000E+01  -3.5000000E+01  -3.5000000E+01  -3.5000000E+01  -3.5000000E+01  -3.5000000E+01  -3.5000000E+01  -3.5000000E+01  -3.5000000E+01  -3.5000000E+01  -3.5000000E+01  -3.5000000E+01  -3.5000000E+01  -3.5000000E+01  -3.5000000E+01  -3.5000000E+01  -3.5000000E+01  -3.5000000E+01  -3.5000000E+01  -3.5000000E+01  -3.5000000E+01  -3.5000000E+01  -3.5000000E+01  -3.5000000E+01  -3.5000000E+01  -3.5000000E+01  -2.3125914E+01  -1.7233713E+01  -1.2966845E+01  -1.1387518E+01  -9.8848152E+00  -8.4606075E+00  -7.0646152E+00  -5.6935396E+00  -4.3653312E+00  -3.1119044E+00  -1.9318074E+00  -7.9953951E-01   2.8737596E-01   1.3304040E+00   2.3311050E+00   3.2954235E+00   4.2266316E+00   5.1150947E+00   5.9408951E+00   6.7053919E+00   7.4334989E+00   8.1306381E+00   8.8036051E+00   9.4606018E+00   1.0111147E+01   1.0765078E+01   1.1431354E+01   1.2117682E+01   1.2825807E+01   1.3548964E+01   1.4272242E+01   1.4982678E+01   1.5677559E+01   1.6326340E+01   1.6855780E+01   1.7286644E+01   1.7671106E+01   1.7889181E+01   1.7923485E+01   1.7660847E+01   1.7045929E+01   1.5901248E+01   1.3668476E+01   8.8589010E+00  -2.0410736E+00  -2.2451004E+01  -2.6214542E+01  -2.7848623E+01  -3.0336029E+01  -3.4821362E+01  -3.4524891E+01
  -3.5000000E+01  -3.5000000E+01  -3.5000000E+01  -3.5000000E+01  -3.5000000E+01  -3.5000000E+01  -3.5000000E+01  -3.5000000E+01  -3.5000000E+01  -3.5000000E+01  -3.5000000E+01  -3.5000000E+01  -3.5000000E+01  -3.5000000E+01  -3.5000000E+01  -3.5000000E+01  -3.5000000E+01  -3.5000000E+01  -3.5000000E+01  -3.5000000E+01  -3.5000000E+01  -3.5000000E+01  -3.5000000E+01  -3.5000000E+01  -3.5000000E+01  -3.5000000E+01  -3.5000000E+01  -3.5000000E+01  -3.5000000E+01  -3.5000000E+01  -3.5000000E+01  -3.5000000E+01  -3.5000000E+01  -3.5000000E+01  -3.5000000E+01  -3.5000000E+01  -3.5000000E+01  -3.5000000E+01  -3.5000000E+01  -3.5000000E+01  -3.5000000E+01  -3.5000000E+01  -3.5000000E+01  -3.5000000E+01  -3.5000000E+01  -3.5000000E+01  -3.5000000E+01  -3.5000000E+01  -3.5000000E+01  -1.9217459E+01  -1.3708985E+01  -9.5945196E+00  -8.0449438E+00  -6.5727119E+00  -5.1684794E+00  -3.8046625E+00  -2.4823012E+00  -1.2162490E+00  -2.3864208E-02   1.1015781E+00   2.1742427E+00   3.1959522E+00   4.1672273E+00   5.0908070E+00   5.9720221E+00   6.8123569E+00   7.6041822E+00   8.3347721E+00   9.0075207E+00   9.6411085E+00   1.0241856E+01   1.0817934E+01   1.1379686E+01   1.1940239E+01   1.2514728E+01   1.3116670E+01   1.3755517E+01   1.4433745E+01   1.5142693E+01   1.5863419E+01   1.6576025E+01   1.7264650E+01   1.7883213E+01   1.8367691E+01   1.8745947E+01   1.9028595E+01   1.9134048E+01   1.9043930E+01   1.8687500E+01   1.8010393E+01   1.6798792E+01   1.4406450E+01   9.1866074E+00  -2.3408706E+00  -2.2630217E+01  -2.6303980E+01  -2.7972332E+01  -3.0517332E+01  -3.5000000E+01  -3.4524857E+01
  -3.5000000E+01  -3.5000000E+01  -3.5000000E+01  -3.5000000E+01  -3.5000000E+01  -3.5000000E+01  -3.5000000E+01  -3.5000000E+01  -3.5000000E+01  -3.5000000E+01  -3.5000000E+01  -3.5000000E+01  -3.5000000E+01  -3.5000000E+01  -3.5000000E+01  -3.5000000E+01  -3.5000000E+01  -3.5000000E+01  -3.5000000E+01  -3.5000000E+01  -3.5000000E+01  -3.5000000E+01  -3.5000000E+01  -3.5000000E+01  -3.5000000E+01  -3.5000000E+01  -3.5000000E+01  -3.5000000E+01  -3.5000000E+01  -3.5000000E+01  -3.5000000E+01  -3.5000000E+01  -3.5000000E+01  -3.5000000E+01  -3.5000000E+01  -3.5000000E+01  -3.5000000E+01  -3.5000000E+01  -3.5000000E+01  -3.5000000E+01  -3.5000000E+01  -3.5000000E+01  -3.5000000E+01  -3.5000000E+01  -3.5000000E+01  -3.5000000E+01  -3.5000000E+01  -3.5000000E+01  -2.2413906E+01  -1.5596106E+01  -1.0374879E+01  -6.3736906E+00  -4.8744836E+00  -3.4545746E+00  -2.1014986E+00  -8.0089986E-01   4.4445282E-01   1.6232144E+00   2.7279365E+00   3.7670655E+00   4.7481642E+00   5.6717539E+00   6.5373693E+00   7.3477693E+00   8.1072721E+00   8.8169861E+00   9.4715424E+00   1.0061254E+01   1.0589214E+01   1.1076925E+01   1.1536403E+01   1.1983177E+01   1.2436187E+01   1.2917729E+01   1.3450629E+01   1.4050065E+01   1.4720207E+01   1.5454758E+01   1.6234261E+01   1.7029354E+01   1.7808100E+01   1.8535994E+01   1.9154032E+01   1.9609592E+01   1.9935095E+01   2.0114922E+01   2.0111301E+01   1.9913792E+01   1.9483463E+01   1.8756601E+01   1.7480667E+01   1.4942142E+01   9.3523979E+00  -2.7283275E+00  -2.2806080E+01  -2.6394861E+01  -2.8097967E+01  -3.0700268E+01  -3.5000000E+01  -3.4524837E+01
  -3.5000000E+01  -3.5000000E+01  -3.5000000E+01  -3.5000000E+01  -3.5000000E+01  -3.5000000E+01  -3.5000000E+01  -3.5000000E+01  -3.5000000E+01  -3.5000000E+01  -3.5000000E+01  -3.5000000E+01  -3.5000000E+01  -3.5000000E+01  -3.5000000E+01  -3.5000000E+01  -3.5000000E+01  -3.5000000E+01  -3.5000000E+01  -3.5000000E+01  -3.5000000E+01  -3.5000000E+01  -3.5000000E+01  -3.5000000E+01  -3.5000000E+01  -3.5000000E+01  -3.5000000E+01  -3.5000000E+01  -3.5000000E+01  -3.5000000E+01  -3.5000000E+01  -3.5000000E+01  -3.5000000E+01  -3.5000000E+01  -3.5000000E+01  -3.5000000E+01  -3.5000000E+01  -3.5000000E+01  -3.5000000E+01  -3.5000000E+01  -3.5000000E+01  -3.5000000E+01  -3.5000000E+01  -3.5000000E+01  -3.5000000E+01  -3.5000000E+01  -3.5000000E+01  -3.5000000E+01  -1.8526615E+01  -1.2258088E+01  -7.2647758E+00  -3.3661914E+00  -1.9450086E+00  -6.0722572E-01   6.5866762E-01   1.8618690E+00   2.9992599E+00   4.0627222E+00   5.0491877E+00   5.9646187E+00   6.8114276E+00   7.5871086E+00   8.2893524E+00   8.9210796E+00   9.4881039E+00   9.9965324E+00   1.0448909E+01   1.0842787E+01   1.1190180E+01   1.1542784E+01   1.1958675E+01   1.2387727E+01   1.2847707E+01   1.3355463E+01   1.3930573E+01   1.4586324E+01   1.5325590E+01   1.6140198E+01   1.7007826E+01   1.7893496E+01   1.8750534E+01   1.9528978E+01   2.0157124E+01   2.0590382E+01   2.0860680E+01   2.0941748E+01   2.0840105E+01   2.0555408E+01   2.0068811E+01   1.9303720E+01   1.7967974E+01   1.5278021E+01   9.3283310E+00  -3.1831951E+00  -2.2978642E+01  -2.6487177E+01  -2.8225466E+01  -3.0884706E+01  -3.5000000E+01  -3.4524826E+01
  -3.5000000E+01  -3.5000000E+01  -3.5000000E+01  -3.5000000E+01  -3.5000000E+01  -3.5000000E+01  -3.5000000E+01  -3.5000000E+01  -3.5000000E+01  -3.5000000E+01  -3.5000000E+01  -3.5000000E+01  -3.5000000E+01  -3.5000000E+01  -3.5000000E+01  -3.5000000E+01  -3.5000000E+01  -3.5000000E+01  -3.5000000E+01  -3.5000000E+01  -3.5000000E+01  -3.5000000E+01  -3.5000000E+01  -3.5000000E+01  -3.5000000E+01  -3.5000000E+01  -3.5000000E+01  -3.5000000E+01  -3.5000000E+01  -3.5000000E+01  -3.5000000E+01  -3.5000000E+01  -3.5000000E+01  -3.5000000E+01  -3.5000000E+01  -3.5000000E+01  -3.5000000E+01  -3.5000000E+01  -3.5000000E+01  -3.5000000E+01  -3.5000000E+01  -3.5000000E+01  -3.5000000E+01  -3.5000000E+01  -3.5000000E+01  -3.5000000E+01  -3.5000000E+01  -2.2633446E+01  -1.5024012E+01  -9.2119865E+00  -4.4232354E+00  -6.4560115E-01   6.6577703E-01   1.8886492E+00   3.0118527E+00   3.8744569E+00   4.0576396E+00   5.0416718E+00   5.9467750E+00   6.7748351E+00   7.5262570E+00   8.1986790E+00   8.7933998E+00   9.3205824E+00   9.7955017E+00   1.0237007E+01   1.0660882E+01   1.1031734E+01   1.1373272E+01   1.1749439E+01   1.2211858E+01   1.2604003E+01   1.3085371E+01   1.3622228E+01   1.4235003E+01   1.4937566E+01   1.5733421E+01   1.6614733E+01   1.7558184E+01   1.8524485E+01   1.9456028E+01   2.0283245E+01   2.0923084E+01   2.1333776E+01   2.1545305E+01   2.1538845E+01   2.1355042E+01   2.1003395E+01   2.0474619E+01   1.9673241E+01   1.8272245E+01   1.5441463E+01   9.1873131E+00  -3.6629484E+00  -2.3147993E+01  -2.6580919E+01  -2.8354769E+01  -3.1070520E+01  -3.5000000E+01  -3.4524818E+01
  -3.5000000E+01  -3.5000000E+01  -3.5000000E+01  -3.5000000E+01  -3.5000000E+01  -3.5000000E+01  -3.5000000E+01  -3.5000000E+01  -3.5000000E+01  -3.5000000E+01  -3.5000000E+01  -3.5000000E+01  -3.5000000E+01  -3.5000000E+01  -3.5000000E+01  -3.5000000E+01  -3.5000000E+01  -3.5000000E+01  -3.5000000E+01  -3.5000000E+01  -3.5000000E+01  -3.5000000E+01  -3.5000000E+01  -3.5000000E+01  -3.5000000E+01  -3.5000000E+01  -3.5000000E+01  -3.5000000E+01  -3.5000000E+01  -3.5000000E+01  -3.5000000E+01  -3.5000000E+01  -3.5000000E+01  -3.5000000E+01  -3.5000000E+01  -3.5000000E+01  -3.5000000E+01  -3.5000000E+01  -3.5000000E+01  -3.5000000E+01  -3.5000000E+01  -3.5000000E+01  -3.5000000E+01  -3.5000000E+01  -3.5000000E+01  -3.5000000E+01  -3.5000000E+01  -1.8843914E+01  -1.1901118E+01  -6.5873747E+00  -2.3506739E+00   7.2968572E-01   1.9382970E+00   3.0537775E+00   4.0316691E+00   4.8501606E+00   5.9999957E+00   6.6684723E+00   7.2288256E+00   7.6977715E+00   8.1124763E+00   8.5234690E+00   8.9961128E+00   9.5052605E+00   9.9730072E+00   1.0415105E+01   1.0838548E+01   1.1200673E+01   1.1544774E+01   1.1938342E+01   1.2395775E+01   1.2803276E+01   1.3298092E+01   1.3853182E+01   1.4488471E+01   1.5217525E+01   1.6047100E+01   1.6974081E+01   1.7970434E+01   1.8994347E+01   1.9980034E+01   2.0841225E+01   2.1486221E+01   2.1872131E+01   2.2025990E+01   2.1945719E+01   2.1696583E+01   2.1295155E+01   2.0733295E+01   1.9896824E+01   1.8426779E+01   1.5450721E+01   8.9031630E+00  -4.1499801E+00  -2.3314251E+01  -2.6676083E+01  -2.8485817E+01  -3.1257601E+01  -3.5000000E+01  -3.4524815E+01
  -3.5000000E+01  -3.5000000E+01  -3.5000000E+01  -3.5000000E+01  -3.5000000E+01  -3.5000000E+01  -3.5000000E+01  -3.5000000E+01  -3.5000000E+01  -3.5000000E+01  -3.5000000E+01  -3.5000000E+01  -3.5000000E+01  -3.5000000E+01  -3.5000000E+01  -3.5000000E+01  -3.5000000E+01  -3.5000000E+01  -3.5000000E+01  -3.5000000E+01  -3.5000000E+01  -3.5000000E+01  -3.5000000E+01  -3.5000000E+01  -3.5000000E+01  -3.5000000E+01  -3.5000000E+01  -3.5000000E+01  -3.5000000E+01  -3.5000000E+01  -3.5000000E+01  -3.5000000E+01  -3.5000000E+01  -3.5000000E+01  -3.5000000E+01  -3.5000000E+01  -3.5000000E+01  -3.5000000E+01  -3.5000000E+01  -3.5000000E+01  -3.5000000E+01  -3.5000000E+01  -3.5000000E+01  -3.5000000E+01  -3.5000000E+01  -3.5000000E+01  -2.3305498E+01  -1.5492447E+01  -9.1951351E+00  -4.3311048E+00  -2.3456329E-01   3.0844729E+00   4.0713463E+00   4.9190545E+00   5.5955958E+00   6.1365690E+00   6.6510272E+00   7.0483575E+00   7.4359865E+00   7.8587403E+00   8.2739801E+00   8.7027369E+00   9.1827164E+00   9.6776085E+00   1.0139563E+01   1.0580678E+01   1.0999842E+01   1.1356318E+01   1.1706736E+01   1.2113287E+01   1.2567833E+01   1.2990662E+01   1.3499108E+01   1.4072290E+01   1.4729425E+01   1.5483233E+01   1.6338013E+01   1.7286396E+01   1.8306166E+01   1.9362888E+01   2.0376822E+01   2.1251072E+01   2.1888933E+01   2.2245564E+01   2.2344957E+01   2.2205402E+01   2.1906113E+01   2.1467913E+01   2.0877834E+01   2.0001326E+01   1.8453447E+01   1.5332904E+01   8.5296698E+00  -4.6371608E+00  -2.3477545E+01  -2.6772655E+01  -2.8618547E+01  -3.1445843E+01  -3.5000000E+01  -3.4524811E+01
  -3.5000000E+01  -3.5000000E+01  -3.5000000E+01  -3.5000000E+01  -3.5000000E+01  -3.5000000E+01  -3.5000000E+01  -3.5000000E+01  -3.5000000E+01  -3.5000000E+01  -3.5000000E+01  -3.5000000E+01  -3.5000000E+01  -3.5000000E+01  -3.5000000E+01  -3.5000000E+01  -3.5000000E+01  -3.5000000E+01  -3.5000000E+01  -3.5000000E+01  -3.5000000E+01  -3.5000000E+01  -3.5000000E+01  -3.5000000E+01  -3.5000000E+01  -3.5000000E+01  -3.5000000E+01  -3.5000000E+01  -3.5000000E+01  -3.5000000E+01  -3.5000000E+01  -3.5000000E+01  -3.5000000E+01  -3.5000000E+01  -3.5000000E+01  -3.5000000E+01  -3.5000000E+01  -3.5000000E+01  -3.5000000E+01  -3.5000000E+01  -3.5000000E+01  -3.5000000E+01  -3.5000000E+01  -3.5000000E+01  -3.5000000E+01  -3.5000000E+01  -1.9737621E+01  -1.2545517E+01  -6.8199353E+00  -2.3221745E+00   1.4910260E+00   4.4310689E+00   5.1268487E+00   5.6438637E+00   6.0042353E+00   6.3509874E+00   6.7998548E+00   7.1970639E+00   7.5895214E+00   8.0111990E+00   8.4302578E+00   8.8732910E+00   9.3562212E+00   9.8398657E+00   1.0296923E+01   1.0735462E+01   1.1148409E+01   1.1502253E+01   1.1860979E+01   1.2277305E+01   1.2731204E+01   1.3169188E+01   1.3691840E+01   1.4283156E+01   1.4961652E+01   1.5738727E+01   1.6616005E+01   1.7582895E+01   1.8616619E+01   1.9675209E+01   2.0688282E+01   2.1554813E+01   2.2171793E+01   2.2493814E+01   2.2542965E+01   2.2356247E+01   2.2018843E+01   2.1552387E+01   2.0935123E+01   2.0012869E+01   1.8377413E+01   1.5104237E+01   8.0652304E+00  -5.1216702E+00  -2.3638014E+01  -2.6870630E+01  -2.8752907E+01  -3.1635153E+01  -3.5000000E+01  -3.4524811E+01
  -3.5000000E+01  -3.5000000E+01  -3.5000000E+01  -3.5000000E+01  -3.5000000E+01  -3.5000000E+01  -3.5000000E+01  -3.5000000E+01  -3.5000000E+01  -3.5000000E+01  -3.5000000E+01  -3.5000000E+01  -3.5000000E+01  -3.5000000E+01  -3.5000000E+01  -3.5000000E+01  -3.5000000E+01  -3.5000000E+01  -3.5000000E+01  -3.5000000E+01  -3.5000000E+01  -3.5000000E+01  -3.5000000E+01  -3.5000000E+01  -3.5000000E+01  -3.5000000E+01  -3.5000000E+01  -3.5000000E+01  -3.5000000E+01  -3.5000000E+01  -3.5000000E+01  -3.5000000E+01  -3.5000000E+01  -3.5000000E+01  -3.5000000E+01  -3.5000000E+01  -3.5000000E+01  -3.5000000E+01  -3.5000000E+01  -3.5000000E+01  -3.5000000E+01  -3.5000000E+01  -3.5000000E+01  -3.5000000E+01  -3.5000000E+01  -2.3986130E+01  -1.6544355E+01  -9.9341068E+00  -4.7233791E+00  -6.3786423E-01   2.6381021E+00   4.8436966E+00   5.3453250E+00   5.7778425E+00   6.1359143E+00   6.5017323E+00   6.9414883E+00   7.3391142E+00   7.7357202E+00   8.1574917E+00   8.5823116E+00   9.0363445E+00   9.5193510E+00   9.9940224E+00   1.0446569E+01   1.0881169E+01   1.1287320E+01   1.1641191E+01   1.2009138E+01   1.2433202E+01   1.2888479E+01   1.3341673E+01   1.3879032E+01   1.4488632E+01   1.5188103E+01   1.5987151E+01   1.6884678E+01   1.7867273E+01   1.8909349E+01   1.9962732E+01   2.0953363E+01   2.1784191E+01   2.2368219E+01   2.2650877E+01   2.2653807E+01   2.2429951E+01   2.2063143E+01   2.1573338E+01   2.0927181E+01   1.9950701E+01   1.8217844E+01   1.4795804E+01   7.5385356E+00  -5.6023912E+00  -2.3795797E+01  -2.6969994E+01  -2.8888836E+01  -3.1825441E+01  -3.5000000E+01  -3.4524811E+01
  -3.5000000E+01  -3.5000000E+01  -3.5000000E+01  -3.5000000E+01  -3.5000000E+01  -3.5000000E+01  -3.5000000E+01  -3.5000000E+01  -3.5000000E+01  -3.5000000E+01  -3.5000000E+01  -3.5000000E+01  -3.5000000E+01  -3.5000000E+01  -3.5000000E+01  -3.5000000E+01  -3.5000000E+01  -3.5000000E+01  -3.5000000E+01  -3.5000000E+01  -3.5000000E+01  -3.5000000E+01  -3.5000000E+01  -3.5000000E+01  -3.5000000E+01  -3.5000000E+01  -3.5000000E+01  -3.5000000E+01  -3.5000000E+01  -3.5000000E+01  -3.5000000E+01  -3.5000000E+01  -3.5000000E+01  -3.5000000E+01  -3.5000000E+01  -3.5000000E+01  -3.5000000E+01  -3.5000000E+01  -3.5000000E+01  -3.5000000E+01  -3.5000000E+01  -3.5000000E+01  -3.5000000E+01  -3.5000000E+01  -3.5000000E+01  -2.0710970E+01  -1.3669412E+01  -7.6165500E+00  -2.9227457E+00   6.6880876E-01   3.3626366E+00   5.0058451E+00   5.4904680E+00   5.9055285E+00   6.2654319E+00   6.6450596E+00   7.0774775E+00   7.4759822E+00   7.8764334E+00   8.2995501E+00   8.7310467E+00   9.1931162E+00   9.6743536E+00   1.0141693E+01   1.0589805E+01   1.1019460E+01   1.1419161E+01   1.1775234E+01   1.2152639E+01   1.2583247E+01   1.3041761E+01   1.3510331E+01   1.4062881E+01   1.4690967E+01   1.5411072E+01   1.6230909E+01   1.7146593E+01   1.8141684E+01   1.9187138E+01   2.0229307E+01   2.1191185E+01   2.1978865E+01   2.2510702E+01   2.2744642E+01   2.2706196E+01   2.2453005E+01   2.2062490E+01   2.1548607E+01   2.0869581E+01   1.9830851E+01   1.7989666E+01   1.4403472E+01   6.9785681E+00  -6.0788765E+00  -2.3951036E+01  -2.7070732E+01  -2.9026279E+01  -3.2016628E+01  -3.5000000E+01  -3.4524807E+01
  -3.5000000E+01  -3.5000000E+01  -3.5000000E+01  -3.5000000E+01  -3.5000000E+01  -3.5000000E+01  -3.5000000E+01  -3.5000000E+01  -3.5000000E+01  -3.5000000E+01  -3.5000000E+01  -3.5000000E+01  -3.5000000E+01  -3.5000000E+01  -3.5000000E+01  -3.5000000E+01  -3.5000000E+01  -3.5000000E+01  -3.5000000E+01  -3.5000000E+01  -3.5000000E+01  -3.5000000E+01  -3.5000000E+01  -3.5000000E+01  -3.5000000E+01  -3.5000000E+01  -3.5000000E+01  -3.5000000E+01  -3.5000000E+01  -3.5000000E+01  -3.5000000E+01  -3.5000000E+01  -3.5000000E+01  -3.5000000E+01  -3.5000000E+01  -3.5000000E+01  -3.5000000E+01  -3.5000000E+01  -3.5000000E+01  -3.5000000E+01  -3.5000000E+01  -3.5000000E+01  -3.5000000E+01  -3.5000000E+01  -2.4252983E+01  -1.7696930E+01  -1.1081999E+01  -5.5869842E+00  -1.4301455E+00   1.6626801E+00   3.8928647E+00   5.1593308E+00   5.6269765E+00   6.0289488E+00   6.3930225E+00   6.7826047E+00   7.2092252E+00   7.6090193E+00   8.0132599E+00   8.4388418E+00   8.8771572E+00   9.3447018E+00   9.8230104E+00   1.0284141E+01   1.0727701E+01   1.1151825E+01   1.1546006E+01   1.1905966E+01   1.2292700E+01   1.2729276E+01   1.3192739E+01   1.3676906E+01   1.4245136E+01   1.4891917E+01   1.5632312E+01   1.6471786E+01   1.7403601E+01   1.8408091E+01   1.9452240E+01   2.0477646E+01   2.1405378E+01   2.2146214E+01   2.2625385E+01   2.2812162E+01   2.2735252E+01   2.2456108E+01   2.2043711E+01   2.1504980E+01   2.0781956E+01   1.9664200E+01   1.7705624E+01   1.3954246E+01   6.4068685E+00  -6.5509443E+00  -2.4103868E+01  -2.7172832E+01  -2.9165180E+01  -3.2208637E+01  -3.5000000E+01  -3.4524807E+01
  -3.5000000E+01  -3.5000000E+01  -3.5000000E+01  -3.5000000E+01  -3.5000000E+01  -3.5000000E+01  -3.5000000E+01  -3.5000000E+01  -3.5000000E+01  -3.5000000E+01  -3.5000000E+01  -3.5000000E+01  -3.5000000E+01  -3.5000000E+01  -3.5000000E+01  -3.5000000E+01  -3.5000000E+01  -3.5000000E+01  -3.5000000E+01  -3.5000000E+01  -3.5000000E+01  -3.5000000E+01  -3.5000000E+01  -3.5000000E+01  -3.5000000E+01  -3.5000000E+01  -3.5000000E+01  -3.5000000E+01  -3.5000000E+01  -3.5000000E+01  -3.5000000E+01  -3.5000000E+01  -3.5000000E+01  -3.5000000E+01  -3.5000000E+01  -3.5000000E+01  -3.5000000E+01  -3.5000000E+01  -3.5000000E+01  -3.5000000E+01  -3.5000000E+01  -3.5000000E+01  -3.5000000E+01  -3.5000000E+01  -2.1359964E+01  -1.4931448E+01  -8.7722435E+00  -3.8361504E+00  -2.0084524E-01   2.4600761E+00   4.3036537E+00   5.3051925E+00   5.7568998E+00   6.1496501E+00   6.5190334E+00   6.9157400E+00   7.3379016E+00   7.7393708E+00   8.1474991E+00   8.5764179E+00   9.0211544E+00   9.4920292E+00   9.9666920E+00   1.0422335E+01   1.0861155E+01   1.1279573E+01   1.1669485E+01   1.2034584E+01   1.2430350E+01   1.2872771E+01   1.3342758E+01   1.3842777E+01   1.4427176E+01   1.5092835E+01   1.5853128E+01   1.6711065E+01   1.7656967E+01   1.8667751E+01   1.9706137E+01   2.0709761E+01   2.1599085E+01   2.2290377E+01   2.2717062E+01   2.2858393E+01   2.2745892E+01   2.2443027E+01   2.2009539E+01   2.1444231E+01   2.0673141E+01   1.9469582E+01   1.7375696E+01   1.3461498E+01   5.8339324E+00  -7.0185189E+00  -2.4254431E+01  -2.7276279E+01  -2.9305487E+01  -3.2401394E+01  -3.5000000E+01  -3.4524807E+01
  -3.5000000E+01  -3.5000000E+01  -3.5000000E+01  -3.5000000E+01  -3.5000000E+01  -3.5000000E+01  -3.5000000E+01  -3.5000000E+01  -3.5000000E+01  -3.5000000E+01  -3.5000000E+01  -3.5000000E+01  -3.5000000E+01  -3.5000000E+01  -3.5000000E+01  -3.5000000E+01  -3.5000000E+01  -3.5000000E+01  -3.5000000E+01  -3.5000000E+01  -3.5000000E+01  -3.5000000E+01  -3.5000000E+01  -3.5000000E+01  -3.5000000E+01  -3.5000000E+01  -3.5000000E+01  -3.5000000E+01  -3.5000000E+01  -3.5000000E+01  -3.5000000E+01  -3.5000000E+01  -3.5000000E+01  -3.5000000E+01  -3.5000000E+01  -3.5000000E+01  -3.5000000E+01  -3.5000000E+01  -3.5000000E+01  -3.5000000E+01  -3.5000000E+01  -3.5000000E+01  -3.5000000E+01  -2.4196579E+01  -1.8651999E+01  -1.2414397E+01  -6.7155528E+00  -2.3289871E+00   8.2939535E-01   3.1071925E+00   4.6330428E+00   5.4445667E+00   5.8819861E+00   6.2687478E+00   6.6438065E+00   7.0455823E+00   7.4644537E+00   7.8679724E+00   8.2801609E+00   8.7129955E+00   9.1634111E+00   9.6358557E+00   1.0106435E+01   1.0557019E+01   1.0990933E+01   1.1403831E+01   1.1790856E+01   1.2161991E+01   1.2566464E+01   1.3014936E+01   1.3492885E+01   1.4009037E+01   1.4610080E+01   1.5294741E+01   1.6074463E+01   1.6949623E+01   1.7907482E+01   1.8921385E+01   1.9949747E+01   2.0927143E+01   2.1774738E+01   2.2414877E+01   2.2789787E+01   2.2887491E+01   2.2741945E+01   2.2416788E+01   2.1962196E+01   2.1367958E+01   2.0544712E+01   1.9250967E+01   1.7021015E+01   1.2948151E+01   5.2645350E+00  -7.4815640E+00  -2.4402857E+01  -2.7381052E+01  -2.9447142E+01  -3.2594837E+01  -3.5000000E+01  -3.4524807E+01
  -3.5000000E+01  -3.5000000E+01  -3.5000000E+01  -3.5000000E+01  -3.5000000E+01  -3.5000000E+01  -3.5000000E+01  -3.5000000E+01  -3.5000000E+01  -3.5000000E+01  -3.5000000E+01  -3.5000000E+01  -3.5000000E+01  -3.5000000E+01  -3.5000000E+01  -3.5000000E+01  -3.5000000E+01  -3.5000000E+01  -3.5000000E+01  -3.5000000E+01  -3.5000000E+01  -3.5000000E+01  -3.5000000E+01  -3.5000000E+01  -3.5000000E+01  -3.5000000E+01  -3.5000000E+01  -3.5000000E+01  -3.5000000E+01  -3.5000000E+01  -3.5000000E+01  -3.5000000E+01  -3.5000000E+01  -3.5000000E+01  -3.5000000E+01  -3.5000000E+01  -3.5000000E+01  -3.5000000E+01  -3.5000000E+01  -3.5000000E+01  -3.5000000E+01  -3.5000000E+01  -3.5000000E+01  -2.1774799E+01  -1.6146336E+01  -1.0105135E+01  -4.8832788E+00  -1.0403374E+00   1.6927141E+00   3.6379690E+00   4.9050627E+00   5.5785565E+00   6.0036564E+00   6.3870187E+00   6.7676482E+00   7.1730289E+00   7.5896368E+00   7.9955702E+00   8.4119978E+00   8.8490353E+00   9.3041887E+00   9.7767849E+00   1.0243011E+01   1.0688772E+01   1.1117700E+01   1.1525549E+01   1.1911083E+01   1.2288879E+01   1.2701787E+01   1.3156754E+01   1.3643970E+01   1.4176555E+01   1.4794678E+01   1.5498386E+01   1.6296963E+01   1.7187992E+01   1.8155558E+01   1.9169325E+01   2.0183609E+01   2.1130898E+01   2.1934248E+01   2.2522476E+01   2.2846743E+01   2.2902716E+01   2.2726336E+01   2.2379707E+01   2.1903387E+01   2.1277504E+01   2.0398127E+01   1.9010946E+01   1.6645920E+01   1.2423252E+01   4.7007623E+00  -7.9400597E+00  -2.4549276E+01  -2.7487133E+01  -2.9590096E+01  -3.2788898E+01  -3.5000000E+01  -3.4524807E+01
  -3.5000000E+01  -3.5000000E+01  -3.5000000E+01  -3.5000000E+01  -3.5000000E+01  -3.5000000E+01  -3.5000000E+01  -3.5000000E+01  -3.5000000E+01  -3.5000000E+01  -3.5000000E+01  -3.5000000E+01  -3.5000000E+01  -3.5000000E+01  -3.5000000E+01  -3.5000000E+01  -3.5000000E+01  -3.5000000E+01  -3.5000000E+01  -3.5000000E+01  -3.5000000E+01  -3.5000000E+01  -3.5000000E+01  -3.5000000E+01  -3.5000000E+01  -3.5000000E+01  -3.5000000E+01  -3.5000000E+01  -3.5000000E+01  -3.5000000E+01  -3.5000000E+01  -3.5000000E+01  -3.5000000E+01  -3.5000000E+01  -3.5000000E+01  -3.5000000E+01  -3.5000000E+01  -3.5000000E+01  -3.5000000E+01  -3.5000000E+01  -3.5000000E+01  -3.5000000E+01  -3.5000000E+01  -1.9542225E+01  -1.3772491E+01  -7.9615955E+00  -3.2832153E+00   5.7078827E-02   2.4183671E+00   4.0784698E+00   5.1356797E+00   5.7081771E+00   6.1230292E+00   6.5049887E+00   6.8908215E+00   7.2987957E+00   7.7140489E+00   8.1227427E+00   8.5435467E+00   8.9848127E+00   9.4436731E+00   9.9152870E+00   1.0376991E+01   1.0818053E+01   1.1242041E+01   1.1645533E+01   1.2030899E+01   1.2415785E+01   1.2836954E+01   1.3299026E+01   1.3796699E+01   1.4346021E+01   1.4981609E+01   1.5704306E+01   1.6521032E+01   1.7426437E+01   1.8401304E+01   1.9411619E+01   2.0408001E+01   2.1321854E+01   2.2079124E+01   2.2615355E+01   2.2890411E+01   2.2906586E+01   2.2701248E+01   2.2333511E+01   2.1834389E+01   2.1173952E+01   2.0234772E+01   1.8751947E+01   1.6254499E+01   1.1893066E+01   4.1434636E+00  -8.3939915E+00  -2.4693811E+01  -2.7594503E+01  -2.9734295E+01  -3.2983524E+01  -3.5000000E+01  -3.4524807E+01
  -3.5000000E+01  -3.5000000E+01  -3.5000000E+01  -3.5000000E+01  -3.5000000E+01  -3.5000000E+01  -3.5000000E+01  -3.5000000E+01  -3.5000000E+01  -3.5000000E+01  -3.5000000E+01  -3.5000000E+01  -3.5000000E+01  -3.5000000E+01  -3.5000000E+01  -3.5000000E+01  -3.5000000E+01  -3.5000000E+01  -3.5000000E+01  -3.5000000E+01  -3.5000000E+01  -3.5000000E+01  -3.5000000E+01  -3.5000000E+01  -3.5000000E+01  -3.5000000E+01  -3.5000000E+01  -3.5000000E+01  -3.5000000E+01  -3.5000000E+01  -3.5000000E+01  -3.5000000E+01  -3.5000000E+01  -3.5000000E+01  -3.5000000E+01  -3.5000000E+01  -3.5000000E+01  -3.5000000E+01  -3.5000000E+01  -3.5000000E+01  -3.5000000E+01  -3.5000000E+01  -2.2488756E+01  -1.7392912E+01  -1.1447974E+01  -6.0246391E+00  -1.9012599E+00   9.9173844E-01   3.0313747E+00   4.4485297E+00   5.3359141E+00   5.8343306E+00   6.2409616E+00   6.6230030E+00   7.0135493E+00   7.4234543E+00   7.8381600E+00   8.2499275E+00   8.6751690E+00   9.1204653E+00   9.5819902E+00   1.0051726E+01   1.0508803E+01   1.0945243E+01   1.1364476E+01   1.1764448E+01   1.2150860E+01   1.2543137E+01   1.2972519E+01   1.3442412E+01   1.3951618E+01   1.4517983E+01   1.5171349E+01   1.5912855E+01   1.6746880E+01   1.7664999E+01   1.8644615E+01   1.9648130E+01   2.0623043E+01   2.1500650E+01   2.2210592E+01   2.2695248E+01   2.2922745E+01   2.2901035E+01   2.2668297E+01   2.2279453E+01   2.1756121E+01   2.1058180E+01   2.0055941E+01   1.8476231E+01   1.5850241E+01   1.1361665E+01   3.5929286E+00  -8.8433456E+00  -2.4836586E+01  -2.7703140E+01  -2.9879690E+01  -3.3178658E+01  -3.5000000E+01  -3.4524807E+01
  -3.5000000E+01  -3.5000000E+01  -3.5000000E+01  -3.5000000E+01  -3.5000000E+01  -3.5000000E+01  -3.5000000E+01  -3.5000000E+01  -3.5000000E+01  -3.5000000E+01  -3.5000000E+01  -3.5000000E+01  -3.5000000E+01  -3.5000000E+01  -3.5000000E+01  -3.5000000E+01  -3.5000000E+01  -3.5000000E+01  -3.5000000E+01  -3.5000000E+01  -3.5000000E+01  -3.5000000E+01  -3.5000000E+01  -3.5000000E+01  -3.5000000E+01  -3.5000000E+01  -3.5000000E+01  -3.5000000E+01  -3.5000000E+01  -3.5000000E+01  -3.5000000E+01  -3.5000000E+01  -3.5000000E+01  -3.5000000E+01  -3.5000000E+01  -3.5000000E+01  -3.5000000E+01  -3.5000000E+01  -3.5000000E+01  -3.5000000E+01  -3.5000000E+01  -3.5000000E+01  -2.0325365E+01  -1.5092301E+01  -9.2375231E+00  -4.3112226E+00  -7.1354908E-01   1.7897791E+00   3.5523686E+00   4.7632937E+00   5.5135956E+00   5.9578023E+00   6.3580985E+00   6.7412825E+00   7.1360230E+00   7.5474615E+00   7.9623351E+00   8.3774405E+00   8.8070860E+00   9.2560415E+00   9.7192240E+00   1.0186378E+01   1.0638770E+01   1.1070667E+01   1.1485469E+01   1.1882848E+01   1.2271392E+01   1.2671288E+01   1.3108962E+01   1.3587462E+01   1.4109177E+01   1.4692877E+01   1.5364241E+01   1.6124245E+01   1.6974546E+01   1.7903540E+01   1.8885210E+01   1.9878597E+01   2.0828756E+01   2.1667793E+01   2.2329659E+01   2.2763557E+01   2.2945286E+01   2.2887545E+01   2.2628656E+01   2.2218424E+01   2.1669239E+01   2.0930902E+01   1.9862829E+01   1.8185858E+01   1.5436070E+01   1.0831629E+01   3.0491965E+00  -9.2881088E+00  -2.4977715E+01  -2.7813021E+01  -3.0026232E+01  -3.3374249E+01  -3.5000000E+01  -3.4524807E+01
  -3.5000000E+01  -3.5000000E+01  -3.5000000E+01  -3.5000000E+01  -3.5000000E+01  -3.5000000E+01  -3.5000000E+01  -3.5000000E+01  -3.5000000E+01  -3.5000000E+01  -3.5000000E+01  -3.5000000E+01  -3.5000000E+01  -3.5000000E+01  -3.5000000E+01  -3.5000000E+01  -3.5000000E+01  -3.5000000E+01  -3.5000000E+01  -3.5000000E+01  -3.5000000E+01  -3.5000000E+01  -3.5000000E+01  -3.5000000E+01  -3.5000000E+01  -3.5000000E+01  -3.5000000E+01  -3.5000000E+01  -3.5000000E+01  -3.5000000E+01  -3.5000000E+01  -3.5000000E+01  -3.5000000E+01  -3.5000000E+01  -3.5000000E+01  -3.5000000E+01  -3.5000000E+01  -3.5000000E+01  -3.5000000E+01  -3.5000000E+01  -3.5000000E+01  -3.5000000E+01  -1.8063543E+01  -1.2754917E+01  -7.2058473E+00  -2.8154824E+00   3.0633336E-01   2.4737937E+00   3.9981160E+00   5.0344205E+00   5.6744175E+00   6.0792618E+00   6.4749136E+00   6.8599639E+00   7.2584085E+00   7.6711855E+00   8.0868559E+00   8.5055017E+00   8.9394140E+00   9.3915291E+00   9.8554306E+00   1.0319455E+01   1.0767141E+01   1.1194616E+01   1.1605436E+01   1.2001188E+01   1.2392826E+01   1.2800540E+01   1.3246705E+01   1.3734636E+01   1.4269738E+01   1.4871037E+01   1.5560518E+01   1.6338558E+01   1.7203936E+01   1.8141783E+01   1.9122700E+01   2.0102692E+01   2.1025112E+01   2.1823711E+01   2.2437180E+01   2.2821430E+01   2.2959249E+01   2.2867235E+01   2.2583170E+01   2.2151030E+01   2.1574205E+01   2.0792728E+01   1.9656551E+01   1.7882681E+01   1.5014350E+01   1.0304557E+01   2.5121963E+00  -9.7282658E+00  -2.5117310E+01  -2.7924124E+01  -3.0173872E+01  -3.3570251E+01  -3.5000000E+01  -3.4524807E+01
  -3.5000000E+01  -3.5000000E+01  -3.5000000E+01  -3.5000000E+01  -3.5000000E+01  -3.5000000E+01  -3.5000000E+01  -3.5000000E+01  -3.5000000E+01  -3.5000000E+01  -3.5000000E+01  -3.5000000E+01  -3.5000000E+01  -3.5000000E+01  -3.5000000E+01  -3.5000000E+01  -3.5000000E+01  -3.5000000E+01  -3.5000000E+01  -3.5000000E+01  -3.5000000E+01  -3.5000000E+01  -3.5000000E+01  -3.5000000E+01  -3.5000000E+01  -3.5000000E+01  -3.5000000E+01  -3.5000000E+01  -3.5000000E+01  -3.5000000E+01  -3.5000000E+01  -3.5000000E+01  -3.5000000E+01  -3.5000000E+01  -3.5000000E+01  -3.5000000E+01  -3.5000000E+01  -3.5000000E+01  -3.5000000E+01  -3.5000000E+01  -3.5000000E+01  -3.5000000E+01  -1.5736612E+01  -1.0492393E+01  -5.3821378E+00  -1.5192028E+00   1.1835667E+00   3.0627539E+00   4.3821855E+00   5.2709656E+00   5.8225951E+00   6.1992707E+00   6.5917482E+00   6.9791327E+00   7.3808517E+00   7.7949190E+00   8.2119303E+00   8.6342449E+00   9.0721884E+00   9.5268755E+00   9.9906454E+00   1.0451120E+01   1.0894123E+01   1.1317356E+01   1.1724749E+01   1.2119847E+01   1.2515427E+01   1.2931158E+01   1.3386125E+01   1.3884320E+01   1.4433599E+01   1.5052718E+01   1.5760317E+01   1.6555765E+01   1.7434837E+01   1.8379343E+01   1.9356617E+01   2.0320053E+01   2.1212074E+01   2.1968777E+01   2.2533897E+01   2.2869818E+01   2.2965611E+01   2.2840950E+01   2.2532421E+01   2.2077673E+01   2.1471342E+01   2.0644184E+01   1.9438143E+01   1.7568361E+01   1.4587024E+01   9.7814159E+00   1.9818126E+00  -1.0163801E+01  -2.5255478E+01  -2.8036425E+01  -3.0322565E+01  -3.3766613E+01  -3.5000000E+01  -3.4524807E+01
  -3.5000000E+01  -3.5000000E+01  -3.5000000E+01  -3.5000000E+01  -3.5000000E+01  -3.5000000E+01  -3.5000000E+01  -3.5000000E+01  -3.5000000E+01  -3.5000000E+01  -3.5000000E+01  -3.5000000E+01  -3.5000000E+01  -3.5000000E+01  -3.5000000E+01  -3.5000000E+01  -3.5000000E+01  -3.5000000E+01  -3.5000000E+01  -3.5000000E+01  -3.5000000E+01  -3.5000000E+01  -3.5000000E+01  -3.5000000E+01  -3.5000000E+01  -3.5000000E+01  -3.5000000E+01  -3.5000000E+01  -3.5000000E+01  -3.5000000E+01  -3.5000000E+01  -3.5000000E+01  -3.5000000E+01  -3.5000000E+01  -3.5000000E+01  -3.5000000E+01  -3.5000000E+01  -3.5000000E+01  -3.5000000E+01  -3.5000000E+01  -3.5000000E+01  -1.8357409E+01  -1.3418778E+01  -8.3796682E+00  -3.7706285E+00  -3.9910886E-01   1.9404947E+00   3.5723832E+00   4.7155709E+00   5.4800291E+00   5.9612942E+00   6.3182936E+00   6.7088432E+00   7.0988402E+00   7.5034838E+00   7.9188972E+00   8.3377094E+00   8.7637396E+00   9.2053871E+00   9.6620111E+00   1.0124891E+01   1.0581506E+01   1.1019893E+01   1.1439137E+01   1.1843742E+01   1.2239137E+01   1.2639410E+01   1.3063385E+01   1.3527555E+01   1.4036842E+01   1.4601001E+01   1.5238105E+01   1.5963686E+01   1.6775745E+01   1.7666937E+01   1.8615753E+01   1.9586454E+01   2.0530325E+01   2.1389610E+01   2.2103342E+01   2.2620464E+01   2.2909521E+01   2.2965149E+01   2.2809322E+01   2.2476814E+01   2.1998606E+01   2.1360878E+01   2.0485741E+01   1.9208570E+01   1.7244375E+01   1.4155665E+01   9.2627707E+00   1.4579115E+00  -1.0594698E+01  -2.5392323E+01  -2.8149899E+01  -3.0472263E+01  -3.3963299E+01  -3.5000000E+01  -3.4524807E+01
  -3.5000000E+01  -3.5000000E+01  -3.5000000E+01  -3.5000000E+01  -3.5000000E+01  -3.5000000E+01  -3.5000000E+01  -3.5000000E+01  -3.5000000E+01  -3.5000000E+01  -3.5000000E+01  -3.5000000E+01  -3.5000000E+01  -3.5000000E+01  -3.5000000E+01  -3.5000000E+01  -3.5000000E+01  -3.5000000E+01  -3.5000000E+01  -3.5000000E+01  -3.5000000E+01  -3.5000000E+01  -3.5000000E+01  -3.5000000E+01  -3.5000000E+01  -3.5000000E+01  -3.5000000E+01  -3.5000000E+01  -3.5000000E+01  -3.5000000E+01  -3.5000000E+01  -3.5000000E+01  -3.5000000E+01  -3.5000000E+01  -3.5000000E+01  -3.5000000E+01  -3.5000000E+01  -3.5000000E+01  -3.5000000E+01  -3.5000000E+01  -3.5000000E+01  -1.6011517E+01  -1.1183258E+01  -6.4567165E+00  -2.3604712E+00   5.6874269E-01   2.5962238E+00   4.0156579E+00   5.0072107E+00   5.6672215E+00   6.0929193E+00   6.4367104E+00   6.8263669E+00   7.2191219E+00   7.6264210E+00   8.0433054E+00   8.4642906E+00   8.8940020E+00   9.3389502E+00   9.7968540E+00   1.0258184E+01   1.0710721E+01   1.1144611E+01   1.1560198E+01   1.1962716E+01   1.2359323E+01   1.2764962E+01   1.3197446E+01   1.3671301E+01   1.4192481E+01   1.4772135E+01   1.5427314E+01   1.6170599E+01   1.6998291E+01   1.7899843E+01   1.8850491E+01   1.9811689E+01   2.0733168E+01   2.1557707E+01   2.2227743E+01   2.2697470E+01   2.2941227E+01   2.2958492E+01   2.2772821E+01   2.2416607E+01   2.1913973E+01   2.1242987E+01   2.0317846E+01   1.8968737E+01   1.6912027E+01   1.3721545E+01   8.7489328E+00   9.4035560E-01  -1.1020939E+01  -2.5527939E+01  -2.8264519E+01  -3.0622925E+01  -3.4160263E+01  -3.5000000E+01  -3.4524807E+01
  -3.5000000E+01  -3.5000000E+01  -3.5000000E+01  -3.5000000E+01  -3.5000000E+01  -3.5000000E+01  -3.5000000E+01  -3.5000000E+01  -3.5000000E+01  -3.5000000E+01  -3.5000000E+01  -3.5000000E+01  -3.5000000E+01  -3.5000000E+01  -3.5000000E+01  -3.5000000E+01  -3.5000000E+01  -3.5000000E+01  -3.5000000E+01  -3.5000000E+01  -3.5000000E+01  -3.5000000E+01  -3.5000000E+01  -3.5000000E+01  -3.5000000E+01  -3.5000000E+01  -3.5000000E+01  -3.5000000E+01  -3.5000000E+01  -3.5000000E+01  -3.5000000E+01  -3.5000000E+01  -3.5000000E+01  -3.5000000E+01  -3.5000000E+01  -3.5000000E+01  -3.5000000E+01  -3.5000000E+01  -3.5000000E+01  -3.5000000E+01  -3.5000000E+01  -1.3710666E+01  -9.0852032E+00  -4.7371473E+00  -1.1331095E+00   1.4066747E+00   3.1667898E+00   4.4032903E+00   5.2644095E+00   5.8370123E+00   6.2193127E+00   6.5548272E+00   6.9444318E+00   7.3400044E+00   7.7497673E+00   8.1682882E+00   8.5917311E+00   9.0250063E+00   9.4727898E+00   9.9313221E+00   1.0390539E+01   1.0838864E+01   1.1268434E+01   1.1680767E+01   1.2081941E+01   1.2480629E+01   1.2892252E+01   1.3333555E+01   1.3817634E+01   1.4351476E+01   1.4947147E+01   1.5620404E+01   1.6380959E+01   1.7223122E+01   1.8133102E+01   1.9082994E+01   2.0031803E+01   2.0928282E+01   2.1716385E+01   2.2342310E+01   2.2765448E+01   2.2965521E+01   2.2946150E+01   2.2731789E+01   2.2351955E+01   2.1823845E+01   2.1117804E+01   2.0140921E+01   1.8719482E+01   1.6572481E+01   1.3285686E+01   8.2400560E+00   4.2900836E-01  -1.1442507E+01  -2.5662422E+01  -2.8380264E+01  -3.0774506E+01  -3.4357471E+01  -3.5000000E+01  -3.4524807E+01
  -3.5000000E+01  -3.5000000E+01  -3.5000000E+01  -3.5000000E+01  -3.5000000E+01  -3.5000000E+01  -3.5000000E+01  -3.5000000E+01  -3.5000000E+01  -3.5000000E+01  -3.5000000E+01  -3.5000000E+01  -3.5000000E+01  -3.5000000E+01  -3.5000000E+01  -3.5000000E+01  -3.5000000E+01  -3.5000000E+01  -3.5000000E+01  -3.5000000E+01  -3.5000000E+01  -3.5000000E+01  -3.5000000E+01  -3.5000000E+01  -3.5000000E+01  -3.5000000E+01  -3.5000000E+01  -3.5000000E+01  -3.5000000E+01  -3.5000000E+01  -3.5000000E+01  -3.5000000E+01  -3.5000000E+01  -3.5000000E+01  -3.5000000E+01  -3.5000000E+01  -3.5000000E+01  -3.5000000E+01  -3.5000000E+01  -3.5000000E+01  -1.5982660E+01  -1.1508265E+01  -7.1576471E+00  -3.2173958E+00  -6.7127191E-02   2.1344261E+00   3.6655390E+00   4.7441521E+00   5.4931641E+00   5.9929810E+00   6.3418961E+00   6.6728892E+00   7.0631161E+00   7.4615116E+00   7.8736162E+00   8.2939510E+00   8.7200508E+00   9.1566935E+00   9.6068039E+00   1.0065337E+01   1.0521973E+01   1.0966029E+01   1.1391513E+01   1.1801065E+01   1.2201659E+01   1.2603255E+01   1.3021436E+01   1.3471920E+01   1.3966800E+01   1.4514026E+01   1.5126145E+01   1.5817377E+01   1.6594599E+01   1.7449884E+01   1.8366203E+01   1.9312689E+01   2.0246305E+01   2.1115406E+01   2.1865698E+01   2.2447374E+01   2.2824890E+01   2.2982916E+01   2.2928530E+01   2.2686466E+01   2.2282940E+01   2.1728251E+01   2.0985453E+01   1.9955381E+01   1.8461599E+01   1.6226755E+01   1.2848913E+01   7.7361994E+00  -7.6262653E-02  -1.1859384E+01  -2.5795862E+01  -2.8497105E+01  -3.0926964E+01  -3.4554890E+01  -3.5000000E+01  -3.4524807E+01
  -3.5000000E+01  -3.5000000E+01  -3.5000000E+01  -3.5000000E+01  -3.5000000E+01  -3.5000000E+01  -3.5000000E+01  -3.5000000E+01  -3.5000000E+01  -3.5000000E+01  -3.5000000E+01  -3.5000000E+01  -3.5000000E+01  -3.5000000E+01  -3.5000000E+01  -3.5000000E+01  -3.5000000E+01  -3.5000000E+01  -3.5000000E+01  -3.5000000E+01  -3.5000000E+01  -3.5000000E+01  -3.5000000E+01  -3.5000000E+01  -3.5000000E+01  -3.5000000E+01  -3.5000000E+01  -3.5000000E+01  -3.5000000E+01  -3.5000000E+01  -3.5000000E+01  -3.5000000E+01  -3.5000000E+01  -3.5000000E+01  -3.5000000E+01  -3.5000000E+01  -3.5000000E+01  -3.5000000E+01  -3.5000000E+01  -3.5000000E+01  -1.3709731E+01  -9.4441261E+00  -5.4145274E+00  -1.8840469E+00   8.5886592E-01   2.7689366E+00   4.1035576E+00   5.0456176E+00   5.6984234E+00   6.1380119E+00   6.4617705E+00   6.7910905E+00   7.1824708E+00   7.5836663E+00   7.9980474E+00   8.4203691E+00   8.8492374E+00   9.2889843E+00   9.7408848E+00   1.0198832E+01   1.0652506E+01   1.1092310E+01   1.1514001E+01   1.1921306E+01   1.2322097E+01   1.2727377E+01   1.3152663E+01   1.3612738E+01   1.4119024E+01   1.4680299E+01   1.5309194E+01   1.6018179E+01   1.6811293E+01   1.7678173E+01   1.8598602E+01   1.9538998E+01   2.0454735E+01   2.1294336E+01   2.2005733E+01   2.2543264E+01   2.2876257E+01   2.2993855E+01   2.2905964E+01   2.2637022E+01   2.2209591E+01   2.1627186E+01   2.0846056E+01   1.9761629E+01   1.8195822E+01   1.5875754E+01   1.2411892E+01   7.2373633E+00  -5.7558525E-01  -1.2271552E+01  -2.5928339E+01  -2.8615017E+01  -3.1080259E+01  -3.4752480E+01  -3.5000000E+01  -3.4524807E+01
  -3.5000000E+01  -3.5000000E+01  -3.5000000E+01  -3.5000000E+01  -3.5000000E+01  -3.5000000E+01  -3.5000000E+01  -3.5000000E+01  -3.5000000E+01  -3.5000000E+01  -3.5000000E+01  -3.5000000E+01  -3.5000000E+01  -3.5000000E+01  -3.5000000E+01  -3.5000000E+01  -3.5000000E+01  -3.5000000E+01  -3.5000000E+01  -3.5000000E+01  -3.5000000E+01  -3.5000000E+01  -3.5000000E+01  -3.5000000E+01  -3.5000000E+01  -3.5000000E+01  -3.5000000E+01  -3.5000000E+01  -3.5000000E+01  -3.5000000E+01  -3.5000000E+01  -3.5000000E+01  -3.5000000E+01  -3.5000000E+01  -3.5000000E+01  -3.5000000E+01  -3.5000000E+01  -3.5000000E+01  -3.5000000E+01  -1.5689118E+01  -1.1549974E+01  -7.5421324E+00  -3.8559461E+00  -7.1893811E-01   1.6647073E+00   3.3245065E+00   4.4900684E+00   5.3138504E+00   5.8842907E+00   6.2744374E+00   6.5797915E+00   6.9095836E+00   7.3025317E+00   7.7064929E+00   8.1231279E+00   8.5475874E+00   8.9792557E+00   9.4217806E+00   9.8749228E+00   1.0331744E+01   1.0782169E+01   1.1217806E+01   1.1636056E+01   1.2041692E+01   1.2443456E+01   1.2853158E+01   1.3286086E+01   1.3756200E+01   1.4274509E+01   1.4850430E+01   1.5496318E+01   1.6222706E+01   1.7030756E+01   1.7907530E+01   1.8829729E+01   1.9761358E+01   2.0656677E+01   2.1464914E+01   2.2136612E+01   2.2630312E+01   2.2919968E+01   2.2998730E+01   2.2878721E+01   2.2583569E+01   2.2131901E+01   2.1520638E+01   2.0699739E+01   1.9560066E+01   1.7922836E+01   1.5520275E+01   1.1975162E+01   6.7435126E+00  -1.0690821E+00  -1.2678994E+01  -2.6059937E+01  -2.8733973E+01  -3.1234352E+01  -3.4950211E+01  -3.5000000E+01  -3.4524807E+01
  -3.5000000E+01  -3.5000000E+01  -3.5000000E+01  -3.5000000E+01  -3.5000000E+01  -3.5000000E+01  -3.5000000E+01  -3.5000000E+01  -3.5000000E+01  -3.5000000E+01  -3.5000000E+01  -3.5000000E+01  -3.5000000E+01  -3.5000000E+01  -3.5000000E+01  -3.5000000E+01  -3.5000000E+01  -3.5000000E+01  -3.5000000E+01  -3.5000000E+01  -3.5000000E+01  -3.5000000E+01  -3.5000000E+01  -3.5000000E+01  -3.5000000E+01  -3.5000000E+01  -3.5000000E+01  -3.5000000E+01  -3.5000000E+01  -3.5000000E+01  -3.5000000E+01  -3.5000000E+01  -3.5000000E+01  -3.5000000E+01  -3.5000000E+01  -3.5000000E+01  -3.5000000E+01  -3.5000000E+01  -3.5000000E+01  -1.3460236E+01  -9.5318260E+00  -5.8122425E+00  -2.4731674E+00   2.9757854E-01   2.3680174E+00   3.8131106E+00   4.8327718E+00   5.5540223E+00   6.0541797E+00   6.4041500E+00   6.6966257E+00   7.0284886E+00   7.4233246E+00   7.8300161E+00   8.2489109E+00   8.6756287E+00   9.1100464E+00   9.5549755E+00   1.0008816E+01   1.0464032E+01   1.0911001E+01   1.1342619E+01   1.1757834E+01   1.2162421E+01   1.2565926E+01   1.2980753E+01   1.3421854E+01   1.3902493E+01   1.4433434E+01   1.5024520E+01   1.5687502E+01   1.6430794E+01   1.7252649E+01   1.8137459E+01   1.9059002E+01   1.9979227E+01   2.0851767E+01   2.1627031E+01   2.2258486E+01   2.2708849E+01   2.2956419E+01   2.2997883E+01   2.2847015E+01   2.2526169E+01   2.2049839E+01   2.1408592E+01   2.0546638E+01   1.9351091E+01   1.7643288E+01   1.5161034E+01   1.1539159E+01   6.2545929E+00  -1.5568707E+00  -1.3081695E+01  -2.6190729E+01  -2.8853947E+01  -3.1389206E+01  -3.5000000E+01  -3.5000000E+01  -3.4524807E+01
  -3.5000000E+01  -3.5000000E+01  -3.5000000E+01  -3.5000000E+01  -3.5000000E+01  -3.5000000E+01  -3.5000000E+01  -3.5000000E+01  -3.5000000E+01  -3.5000000E+01  -3.5000000E+01  -3.5000000E+01  -3.5000000E+01  -3.5000000E+01  -3.5000000E+01  -3.5000000E+01  -3.5000000E+01  -3.5000000E+01  -3.5000000E+01  -3.5000000E+01  -3.5000000E+01  -3.5000000E+01  -3.5000000E+01  -3.5000000E+01  -3.5000000E+01  -3.5000000E+01  -3.5000000E+01  -3.5000000E+01  -3.5000000E+01  -3.5000000E+01  -3.5000000E+01  -3.5000000E+01  -3.5000000E+01  -3.5000000E+01  -3.5000000E+01  -3.5000000E+01  -3.5000000E+01  -3.5000000E+01  -3.5000000E+01  -1.1355917E+01  -7.6714311E+00  -4.2540345E+00  -1.2524965E+00   1.1847087E+00   2.9840436E+00   4.2447505E+00   5.1381273E+00   5.7704954E+00   6.2109427E+00   6.5286884E+00   6.8127913E+00   7.1479001E+00   7.5448680E+00   7.9542599E+00   8.3754377E+00   8.8044891E+00   9.2415361E+00   9.6884604E+00   1.0142468E+01   1.0595662E+01   1.1039050E+01   1.1466862E+01   1.1879500E+01   1.2283687E+01   1.2689685E+01   1.3110310E+01   1.3560117E+01   1.4051795E+01   1.4595956E+01   1.5202642E+01   1.5882690E+01   1.6642235E+01   1.7476587E+01   1.8367430E+01   1.9285841E+01   2.0192097E+01   2.1039686E+01   2.1780634E+01   2.2371532E+01   2.2779202E+01   2.2985977E+01   2.2991615E+01   2.2811018E+01   2.2464861E+01   2.1963362E+01   2.1291042E+01   2.0386908E+01   1.9135096E+01   1.7357769E+01   1.4798636E+01   1.1104238E+01   5.7705379E+00  -2.0390635E+00  -1.3479637E+01  -2.6320789E+01  -2.8974915E+01  -3.1544783E+01  -3.5000000E+01  -3.5000000E+01  -3.4524807E+01
  -3.5000000E+01  -3.5000000E+01  -3.5000000E+01  -3.5000000E+01  -3.5000000E+01  -3.5000000E+01  -3.5000000E+01  -3.5000000E+01  -3.5000000E+01  -3.5000000E+01  -3.5000000E+01  -3.5000000E+01  -3.5000000E+01  -3.5000000E+01  -3.5000000E+01  -3.5000000E+01  -3.5000000E+01  -3.5000000E+01  -3.5000000E+01  -3.5000000E+01  -3.5000000E+01  -3.5000000E+01  -3.5000000E+01  -3.5000000E+01  -3.5000000E+01  -3.5000000E+01  -3.5000000E+01  -3.5000000E+01  -3.5000000E+01  -3.5000000E+01  -3.5000000E+01  -3.5000000E+01  -3.5000000E+01  -3.5000000E+01  -3.5000000E+01  -3.5000000E+01  -3.5000000E+01  -3.5000000E+01  -1.2997680E+01  -9.3956337E+00  -5.9744892E+00  -2.8601916E+00  -1.7799541E-01   1.9601879E+00   3.5257733E+00   4.6277857E+00   5.4115820E+00   5.9669642E+00   6.3569679E+00   6.6493053E+00   6.9286919E+00   7.2678924E+00   7.6671786E+00   8.0792465E+00   8.5027332E+00   8.9341459E+00   9.3736391E+00   9.8221216E+00   1.0275796E+01   1.0726618E+01   1.1166375E+01   1.1590653E+01   1.2001216E+01   1.2405671E+01   1.2814903E+01   1.3241976E+01   1.3701026E+01   1.4204273E+01   1.4762210E+01   1.5384832E+01   1.6081783E+01   1.6856770E+01   1.7702141E+01   1.8596895E+01   1.9509676E+01   2.0399500E+01   2.1220182E+01   2.1925709E+01   2.2475952E+01   2.2841694E+01   2.3008982E+01   2.2980190E+01   2.2770863E+01   2.2399649E+01   2.1872423E+01   2.1167988E+01   2.0220711E+01   1.8912466E+01   1.7066839E+01   1.4433635E+01   1.0670690E+01   5.2912745E+00  -2.5157681E+00  -1.3872808E+01  -2.6450182E+01  -2.9096846E+01  -3.1701048E+01  -3.5000000E+01  -3.5000000E+01  -3.4524807E+01
  -3.5000000E+01  -3.5000000E+01  -3.5000000E+01  -3.5000000E+01  -3.5000000E+01  -3.5000000E+01  -3.5000000E+01  -3.5000000E+01  -3.5000000E+01  -3.5000000E+01  -3.5000000E+01  -3.5000000E+01  -3.5000000E+01  -3.5000000E+01  -3.5000000E+01  -3.5000000E+01  -3.5000000E+01  -3.5000000E+01  -3.5000000E+01  -3.5000000E+01  -3.5000000E+01  -3.5000000E+01  -3.5000000E+01  -3.5000000E+01  -3.5000000E+01  -3.5000000E+01  -3.5000000E+01  -3.5000000E+01  -3.5000000E+01  -3.5000000E+01  -3.5000000E+01  -3.5000000E+01  -3.5000000E+01  -3.5000000E+01  -3.5000000E+01  -3.5000000E+01  -3.5000000E+01  -3.5000000E+01  -1.0962318E+01  -7.5893159E+00  -4.4389482E+00  -1.6193181E+00   7.6674944E-01   2.6398289E+00   4.0041738E+00   4.9692249E+00   5.6577516E+00   6.1465673E+00   6.4942603E+00   6.7670221E+00   7.0446405E+00   7.3885236E+00   7.7902699E+00   8.2049942E+00   8.6308069E+00   9.0645609E+00   9.5062609E+00   9.9558535E+00   1.0408727E+01   1.0856895E+01   1.1293048E+01   1.1714120E+01   1.2123146E+01   1.2528555E+01   1.2941743E+01   1.3375896E+01   1.3844735E+01   1.4360086E+01   1.4932305E+01   1.5571094E+01   1.6284637E+01   1.7074091E+01   1.7928841E+01   1.8825289E+01   1.9729950E+01   2.0601015E+01   2.1393044E+01   2.2062288E+01   2.2571962E+01   2.2896645E+01   2.3025749E+01   2.2963842E+01   2.2726656E+01   2.2330530E+01   2.1776976E+01   2.1039446E+01   2.0048227E+01   1.8683584E+01   1.6771013E+01   1.4066516E+01   1.0238750E+01   4.8167291E+00  -2.9870870E+00  -1.4261191E+01  -2.6578972E+01  -2.9219717E+01  -3.1857965E+01  -3.5000000E+01  -3.5000000E+01  -3.4524807E+01
  -3.5000000E+01  -3.5000000E+01  -3.5000000E+01  -3.5000000E+01  -3.5000000E+01  -3.5000000E+01  -3.5000000E+01  -3.5000000E+01  -3.5000000E+01  -3.5000000E+01  -3.5000000E+01  -3.5000000E+01  -3.5000000E+01  -3.5000000E+01  -3.5000000E+01  -3.5000000E+01  -3.5000000E+01  -3.5000000E+01  -3.5000000E+01  -3.5000000E+01  -3.5000000E+01  -3.5000000E+01  -3.5000000E+01  -3.5000000E+01  -3.5000000E+01  -3.5000000E+01  -3.5000000E+01  -3.5000000E+01  -3.5000000E+01  -3.5000000E+01  -3.5000000E+01  -3.5000000E+01  -3.5000000E+01  -3.5000000E+01  -3.5000000E+01  -3.5000000E+01  -3.5000000E+01  -1.2359587E+01  -9.0713444E+00  -5.9390273E+00  -3.0575728E+00  -5.1798475E-01   1.5975549E+00   3.2374156E+00   4.4284692E+00   5.2749691E+00   5.8805680E+00   6.3119831E+00   6.6245050E+00   6.8826699E+00   7.1608806E+00   7.5098414E+00   7.9141531E+00   8.3315153E+00   8.7596579E+00   9.1956797E+00   9.6393023E+00   1.0089553E+01   1.0541203E+01   1.0986509E+01   1.1419150E+01   1.1837394E+01   1.2245459E+01   1.2652512E+01   1.3070362E+01   1.3512219E+01   1.3991394E+01   1.4519380E+01   1.5106327E+01   1.5761391E+01   1.6491066E+01   1.7293846E+01   1.8156191E+01   1.9052044E+01   1.9946142E+01   2.0796265E+01   2.1558117E+01   2.2190439E+01   2.2659800E+01   2.2944363E+01   2.3036573E+01   2.2942770E+01   2.2678480E+01   2.2257483E+01   2.1676977E+01   2.0905453E+01   1.9869650E+01   1.8448822E+01   1.6470772E+01   1.3697715E+01   9.8086147E+00   4.3468251E+00  -3.4531188E+00  -1.4644779E+01  -2.6707222E+01  -2.9343504E+01  -3.2015503E+01  -3.5000000E+01  -3.5000000E+01  -3.4524807E+01
  -3.5000000E+01  -3.5000000E+01  -3.5000000E+01  -3.5000000E+01  -3.5000000E+01  -3.5000000E+01  -3.5000000E+01  -3.5000000E+01  -3.5000000E+01  -3.5000000E+01  -3.5000000E+01  -3.5000000E+01  -3.5000000E+01  -3.5000000E+01  -3.5000000E+01  -3.5000000E+01  -3.5000000E+01  -3.5000000E+01  -3.5000000E+01  -3.5000000E+01  -3.5000000E+01  -3.5000000E+01  -3.5000000E+01  -3.5000000E+01  -3.5000000E+01  -3.5000000E+01  -3.5000000E+01  -3.5000000E+01  -3.5000000E+01  -3.5000000E+01  -3.5000000E+01  -3.5000000E+01  -3.5000000E+01  -3.5000000E+01  -3.5000000E+01  -3.5000000E+01  -3.5000000E+01  -1.0404549E+01  -7.3297763E+00  -4.4410729E+00  -1.8200272E+00   4.5788100E-01   2.3290484E+00   3.7647908E+00   4.8064132E+00   5.5500121E+00   6.0833955E+00   6.4655004E+00   6.7491207E+00   6.9969258E+00   7.2775998E+00   7.6318827E+00   8.0388374E+00   8.4588165E+00   8.8892679E+00   9.3274364E+00   9.7726612E+00   1.0223129E+01   1.0673183E+01   1.1115485E+01   1.1544773E+01   1.1960613E+01   1.2368319E+01   1.2777712E+01   1.3200918E+01   1.3651089E+01   1.4141150E+01   1.4682281E+01   1.5284330E+01   1.5955651E+01   1.6700836E+01   1.7515644E+01   1.8383671E+01   1.9276600E+01   2.0157755E+01   2.0984928E+01   2.1715296E+01   2.2310263E+01   2.2739702E+01   2.2985146E+01   2.3041723E+01   2.2917150E+01   2.2626390E+01   2.2180483E+01   2.1572395E+01   2.0766054E+01   1.9685183E+01   1.8208544E+01   1.6166561E+01   1.3327614E+01   9.3804426E+00   3.8814878E+00  -3.9139566E+00  -1.5023561E+01  -2.6834984E+01  -2.9468176E+01  -3.2173626E+01  -3.5000000E+01  -3.5000000E+01  -3.4524807E+01
  -3.5000000E+01  -3.5000000E+01  -3.5000000E+01  -3.5000000E+01  -3.5000000E+01  -3.5000000E+01  -3.5000000E+01  -3.5000000E+01  -3.5000000E+01  -3.5000000E+01  -3.5000000E+01  -3.5000000E+01  -3.5000000E+01  -3.5000000E+01  -3.5000000E+01  -3.5000000E+01  -3.5000000E+01  -3.5000000E+01  -3.5000000E+01  -3.5000000E+01  -3.5000000E+01  -3.5000000E+01  -3.5000000E+01  -3.5000000E+01  -3.5000000E+01  -3.5000000E+01  -3.5000000E+01  -3.5000000E+01  -3.5000000E+01  -3.5000000E+01  -3.5000000E+01  -3.5000000E+01  -3.5000000E+01  -3.5000000E+01  -3.5000000E+01  -3.5000000E+01  -3.5000000E+01  -8.5920448E+00  -5.7368221E+00  -3.0879438E+00  -7.1440190E-01   1.3221067E+00   2.9743941E+00   4.2320409E+00   5.1445346E+00   5.7986012E+00   6.2691245E+00   6.6090813E+00   6.8693027E+00   7.1103401E+00   7.3949418E+00   7.7546778E+00   8.1643305E+00   8.5868979E+00   9.0196075E+00   9.4597569E+00   9.9062376E+00   1.0356498E+01   1.0804638E+01   1.1243864E+01   1.1670020E+01   1.2083925E+01   1.2491894E+01   1.2904323E+01   1.3333563E+01   1.3792653E+01   1.4294147E+01   1.4848904E+01   1.5466340E+01   1.6153765E+01   1.6913679E+01   1.7739056E+01   1.8610744E+01   1.9498407E+01   2.0364336E+01   2.1166727E+01   2.1864523E+01   2.2421888E+01   2.2811928E+01   2.3019281E+01   2.3041445E+01   2.2887136E+01   2.2570436E+01   2.2099504E+01   2.1463211E+01   2.0621319E+01   1.9495037E+01   1.7963102E+01   1.5858792E+01   1.2956554E+01   8.9543648E+00   3.4206431E+00  -4.3696904E+00  -1.5397528E+01  -2.6962313E+01  -2.9593710E+01  -3.2332310E+01  -3.5000000E+01  -3.5000000E+01  -3.4524807E+01
  -3.5000000E+01  -3.5000000E+01  -3.5000000E+01  -3.5000000E+01  -3.5000000E+01  -3.5000000E+01  -3.5000000E+01  -3.5000000E+01  -3.5000000E+01  -3.5000000E+01  -3.5000000E+01  -3.5000000E+01  -3.5000000E+01  -3.5000000E+01  -3.5000000E+01  -3.5000000E+01  -3.5000000E+01  -3.5000000E+01  -3.5000000E+01  -3.5000000E+01  -3.5000000E+01  -3.5000000E+01  -3.5000000E+01  -3.5000000E+01  -3.5000000E+01  -3.5000000E+01  -3.5000000E+01  -3.5000000E+01  -3.5000000E+01  -3.5000000E+01  -3.5000000E+01  -3.5000000E+01  -3.5000000E+01  -3.5000000E+01  -3.5000000E+01  -3.5000000E+01  -9.7118759E+00  -6.9233894E+00  -4.2874823E+00  -1.8698674E+00   2.7172995E-01   2.0877450E+00   3.5452199E+00   4.6477151E+00   5.4483471E+00   6.0243683E+00   6.4402480E+00   6.7444105E+00   6.9860563E+00   7.2233577E+00   7.5130172E+00   7.8782501E+00   8.2906332E+00   8.7157488E+00   9.1506367E+00   9.5925598E+00   1.0039935E+01   1.0489591E+01   1.0935555E+01   1.1371701E+01   1.1795003E+01   1.2207477E+01   1.2616351E+01   1.3032509E+01   1.3468451E+01   1.3937057E+01   1.4450518E+01   1.5019340E+01   1.5652349E+01   1.6355579E+01   1.7129276E+01   1.7963621E+01   1.8836870E+01   1.9716936E+01   2.0565472E+01   2.1341438E+01   2.2005777E+01   2.2525469E+01   2.2876724E+01   2.3047050E+01   2.3035965E+01   2.2852859E+01   2.2510647E+01   2.2014519E+01   2.1349409E+01   2.0471331E+01   1.9299435E+01   1.7712837E+01   1.5547850E+01   1.2584841E+01   8.5304899E+00   2.9642184E+00  -4.8204055E+00  -1.5766677E+01  -2.7089258E+01  -2.9720081E+01  -3.2491516E+01  -3.5000000E+01  -3.5000000E+01  -3.4524807E+01
