   0.0000000E+00   0.0000000E+00   0.0000000E+00   0.0000000E+00   0.0000000E+00   0.0000000E+00   0.0000000E+00   0.0000000E+00   0.0000000E+00   0.0000000E+00   0.0000000E+00   0.0000000E+00   0.0000000E+00   0.0000000E+00   0.0000000E+00   0.0000000E+00   0.0000000E+00   0.0000000E+00   0.0000000E+00   0.0000000E+00   0.0000000E+00   0.0000000E+00   0.0000000E+00   0.0000000E+00   0.0000000E+00   0.0000000E+00   0.0000000E+00   0.0000000E+00   0.0000000E+00   0.0000000E+00   0.0000000E+00   0.0000000E+00   0.0000000E+00   0.0000000E+00   0.0000000E+00   0.0000000E+00   0.0000000E+00   0.0000000E+00   0.0000000E+00   0.0000000E+00   0.0000000E+00   0.0000000E+00   0.0000000E+00   0.0000000E+00   0.0000000E+00   0.0000000E+00   0.0000000E+00   0.0000000E+00   0.0000000E+00   0.0000000E+00   0.0000000E+00   0.0000000E+00   0.0000000E+00   0.0000000E+00   0.0000000E+00   0.0000000E+00   0.0000000E+00   0.0000000E+00   0.0000000E+00   0.0000000E+00   0.0000000E+00   0.0000000E+00   0.0000000E+00   0.0000000E+00   0.0000000E+00   0.0000000E+00   0.0000000E+00   0.0000000E+00   0.0000000E+00   0.0000000E+00   0.0000000E+00   0.0000000E+00   0.0000000E+00   0.0000000E+00   0.0000000E+00   0.0000000E+00   0.0000000E+00   0.0000000E+00   0.0000000E+00   0.0000000E+00   0.0000000E+00   0.0000000E+00   0.0000000E+00   0.0000000E+00   0.0000000E+00   0.0000000E+00   0.0000000E+00   0.0000000E+00   0.0000000E+00   0.0000000E+00   0.0000000E+00   0.0000000E+00   0.0000000E+00   0.0000000E+00   0.0000000E+00   0.0000000E+00   0.0000000E+00   0.0000000E+00   0.0000000E+00   0.0000000E+00
   0.0000000E+00   0.0000000E+00   0.0000000E+00   0.0000000E+00   0.0000000E+00   1.6073340E-10   1.6552201E-07   1.4434605E-04   2.9417808E-04   4.4614237E-04   5.8075547E-04   6.9666031E-04   8.1278861E-04   9.2908653E-04   1.0454978E-03   1.1619639E-03   1.2784234E-03   1.3948126E-03   1.5110654E-03   1.6271134E-03   1.7428856E-03   1.8583086E-03   1.9733065E-03   2.0878019E-03   2.2017141E-03   2.3149606E-03   2.4274571E-03   2.5391167E-03   2.6498509E-03   2.7595689E-03   2.8681783E-03   2.9755849E-03   3.0816928E-03   3.1864049E-03   3.2896225E-03   3.3912451E-03   3.4911719E-03   3.5893004E-03   3.6855279E-03   3.7797503E-03   3.8718635E-03   3.9617619E-03   4.0493412E-03   4.1344957E-03   4.2171204E-03   4.2971098E-03   4.3743593E-03   4.4487645E-03   4.5202216E-03   4.5886282E-03   4.6538818E-03   4.7158813E-03   4.7745267E-03   4.8297201E-03   4.8813638E-03   4.9293619E-03   4.9736211E-03   5.0140480E-03   5.0505525E-03   5.0830455E-03   5.1114406E-03   5.1356517E-03   5.1555964E-03   5.1711937E-03   5.1823640E-03   5.1890300E-03   5.1911171E-03   5.1885513E-03   5.1812618E-03   5.1691784E-03   5.1522339E-03   5.1303613E-03   5.1034973E-03   5.0715781E-03   5.0345417E-03   4.9923290E-03   4.9448800E-03   4.8921364E-03   4.8340419E-03   4.7705397E-03   4.7015739E-03   4.6270890E-03   4.5470297E-03   4.4613420E-03   4.3699695E-03   4.2728577E-03   4.1699507E-03   4.0611923E-03   3.9465255E-03   3.8258920E-03   3.6992331E-03   3.5664882E-03   3.4275954E-03   3.2824911E-03   3.1311102E-03   2.9733854E-03   2.8092463E-03   2.6384294E-03   2.4343596E-03   2.2815105E-03
   0.0000000E+00   0.0000000E+00   0.0000000E+00   0.0000000E+00   0.0000000E+00  -1.4411050E-12  -1.0535752E-09  -5.4400982E-07  -3.2270245E-06  -7.9561323E-06  -1.3718626E-05  -1.9690628E-05  -2.6650065E-05  -3.4559835E-05  -4.3381107E-05  -5.3073298E-05  -6.3594103E-05  -7.4899544E-05  -8.6943990E-05  -9.9680256E-05  -1.1305965E-04  -1.2703208E-04  -1.4154610E-04  -1.5654908E-04  -1.7198724E-04  -1.8780577E-04  -2.0394898E-04  -2.2036038E-04  -2.3698286E-04  -2.5375874E-04  -2.7062997E-04  -2.8753828E-04  -3.0442522E-04  -3.2123245E-04  -3.3790179E-04  -3.5437534E-04  -3.7059578E-04  -3.8650635E-04  -4.0205117E-04  -4.1717524E-04  -4.3182471E-04  -4.4594699E-04  -4.5949090E-04  -4.7240683E-04  -4.8464700E-04  -4.9616542E-04  -5.0691824E-04  -5.1686377E-04  -5.2596268E-04  -5.3417822E-04  -5.4147624E-04  -5.4782542E-04  -5.5319746E-04  -5.5756717E-04  -5.6091259E-04  -5.6321523E-04  -5.6446012E-04  -5.6463596E-04  -5.6373538E-04  -5.6175474E-04  -5.5869477E-04  -5.5456010E-04  -5.4935989E-04  -5.4310751E-04  -5.3582090E-04  -5.2752253E-04  -5.1823934E-04  -5.0800294E-04  -4.9684965E-04  -4.8482025E-04  -4.7196011E-04  -4.5831906E-04  -4.4395120E-04  -4.2891488E-04  -4.1327241E-04  -3.9708981E-04  -3.8043654E-04  -3.6338510E-04  -3.4601081E-04  -3.2839109E-04  -3.1060528E-04  -2.9273384E-04  -2.7485797E-04  -2.5705885E-04  -2.3941706E-04  -2.2201189E-04  -2.0492067E-04  -1.8821802E-04  -1.7197523E-04  -1.5626092E-04  -1.4129585E-04  -1.3724867E-04  -1.2703177E-04  -1.4549715E-04  -2.0247886E-03  -2.9733854E-03  -2.8092463E-03  -2.6384294E-03  -2.4343596E-03  -2.2815105E-03
   0.0000000E+00   0.0000000E+00   0.0000000E+00   0.0000000E+00   0.0000000E+00   9.1132310E-13   6.8170025E-10   3.7000416E-07   5.2243996E-07   5.6017001E-07   5.3823743E-07   5.8172805E-07   6.1288489E-07   6.3032275E-07   6.3236433E-07   6.1713399E-07   5.8262970E-07   5.2678354E-07   4.4751476E-07   3.4277843E-07   2.1061095E-07   4.9172574E-08  -1.4321270E-07  -3.6801978E-07  -6.2648797E-07  -9.1958964E-07  -1.2480019E-06  -1.6120824E-06  -2.0118482E-06  -2.4469598E-06  -2.9167086E-06  -3.4200104E-06  -3.9554016E-06  -4.5210431E-06  -5.1147276E-06  -5.7338912E-06  -6.3756329E-06  -7.0367369E-06  -7.7137001E-06  -8.4027661E-06  -9.0999602E-06  -9.8011296E-06  -1.0501993E-05  -1.1198180E-05  -1.1885287E-05  -1.2558927E-05  -1.3214781E-05  -1.3848651E-05  -1.4456517E-05  -1.5034579E-05  -1.5579313E-05  -1.6087548E-05  -1.6558626E-05  -1.6986087E-05  -1.7369806E-05  -1.7708244E-05  -1.8000337E-05  -1.8245513E-05  -1.8443690E-05  -1.8595281E-05  -1.8701170E-05  -1.8762697E-05  -1.8781640E-05  -1.8760160E-05  -1.8700779E-05  -1.8606323E-05  -1.8479872E-05  -1.8324712E-05  -1.8144285E-05  -1.7942129E-05  -1.7721855E-05  -1.7487091E-05  -1.7241478E-05  -1.6988668E-05  -1.6732349E-05  -1.6476299E-05  -1.6224498E-05  -1.5981277E-05  -1.5751544E-05  -1.5541107E-05  -1.5357095E-05  -1.5208536E-05  -1.5107139E-05  -1.5068314E-05  -1.5112541E-05  -1.5267180E-05  -1.5568887E-05  -1.6066837E-05  -1.6827084E-05  -1.7942042E-05  -1.9579051E-05  -1.5207356E-05  -1.7154282E-05  -6.1173007E-05  -8.2407088E-04   0.0000000E+00  -4.3368087E-19   0.0000000E+00   0.0000000E+00   0.0000000E+00
   0.0000000E+00   0.0000000E+00   0.0000000E+00   0.0000000E+00   0.0000000E+00   9.1636768E-13   6.8440215E-10   3.7089293E-07   5.2368239E-07   5.6367617E-07   5.4775353E-07   6.0036820E-07   6.4610236E-07   6.8523940E-07   7.1788980E-07   7.4404596E-07   7.6361397E-07   7.7643369E-07   7.8229141E-07   7.8092899E-07   7.7205004E-07   7.5532449E-07   7.3039240E-07   6.9686706E-07   6.5433767E-07   6.0237181E-07   5.4051827E-07   4.6830928E-07   3.8526366E-07   2.9088969E-07   1.8468845E-07   6.6157469E-08  -6.5205207E-08  -2.0989670E-07  -3.6840436E-07  -5.4120068E-07  -7.2873752E-07  -9.3143984E-07  -1.1496996E-06  -1.3838686E-06  -1.6342507E-06  -1.9010952E-06  -2.1845876E-06  -2.4848430E-06  -2.8018956E-06  -3.1356917E-06  -3.4860809E-06  -3.8528069E-06  -4.2354986E-06  -4.6336636E-06  -5.0467052E-06  -5.4757043E-06  -5.9151935E-06  -6.3678476E-06  -6.8314653E-06  -7.3046845E-06  -7.7859804E-06  -8.2736678E-06  -8.7658973E-06  -9.2606633E-06  -9.7558031E-06  -1.0249005E-05  -1.0737821E-05  -1.1219675E-05  -1.1691879E-05  -1.2151651E-05  -1.2596142E-05  -1.3022605E-05  -1.3427888E-05  -1.3809215E-05  -1.4163760E-05  -1.4488806E-05  -1.4781800E-05  -1.5040413E-05  -1.5262611E-05  -1.5446745E-05  -1.5591653E-05  -1.5696782E-05  -1.5762360E-05  -1.5789605E-05  -1.5781017E-05  -1.5740778E-05  -1.5675349E-05  -1.5594343E-05  -1.5511863E-05  -1.5448584E-05  -1.5435011E-05  -1.5516613E-05  -1.5761947E-05  -1.6277541E-05  -1.7187467E-05  -1.6359312E-05  -2.0732736E-05  -9.4646239E-05  -1.1888443E-04   0.0000000E+00   0.0000000E+00   0.0000000E+00   0.0000000E+00   0.0000000E+00
   0.0000000E+00   0.0000000E+00   0.0000000E+00   0.0000000E+00   0.0000000E+00   9.2134319E-13   6.8704331E-10   3.7174570E-07   5.2429471E-07   5.6393361E-07   5.4815985E-07   6.0059546E-07   6.4602608E-07   6.8469194E-07   7.1665153E-07   7.4179218E-07   7.5975288E-07   7.7071684E-07   7.7553682E-07   7.7043768E-07   7.5501066E-07   7.3961087E-07   7.0615266E-07   6.5931954E-07   6.1373481E-07   5.5200803E-07   4.9096542E-07   3.9517280E-07   2.9670278E-07   1.8449043E-07   5.7779239E-08  -8.4204132E-08  -2.4224471E-07  -4.1713344E-07  -6.0966056E-07  -8.2060842E-07  -1.0507429E-06  -1.3008046E-06  -1.5714986E-06  -1.8634838E-06  -2.1773637E-06  -2.5145519E-06  -2.9805033E-06  -3.2651337E-06  -3.6715519E-06  -4.1015169E-06  -4.5549823E-06  -5.0317399E-06  -5.5313953E-06  -6.0513598E-06  -6.3815946E-06  -7.1475729E-06  -7.7303948E-06  -8.3314508E-06  -8.9485166E-06  -9.5796822E-06  -1.0222661E-05  -1.0875044E-05  -1.1533708E-05  -1.2195662E-05  -1.2857520E-05  -1.3515646E-05  -1.4166165E-05  -1.4804988E-05  -1.5427844E-05  -1.6030457E-05  -1.6608055E-05  -1.7156224E-05  -1.7670225E-05  -1.8145571E-05  -1.8577823E-05  -1.8962748E-05  -1.9296387E-05  -1.9575164E-05  -1.9795983E-05  -1.9956373E-05  -2.0054620E-05  -2.0089972E-05  -2.0062891E-05  -1.9975414E-05  -1.9831663E-05  -1.9638648E-05  -1.9407498E-05  -1.9155419E-05  -1.8908771E-05  -1.8707948E-05  -1.8617118E-05  -1.8740759E-05  -1.9188183E-05  -2.0063866E-05  -2.1101141E-05  -2.0778078E-05  -3.7003305E-05  -1.4080621E-04  -7.2654089E-05   0.0000000E+00   0.0000000E+00   0.0000000E+00   0.0000000E+00   0.0000000E+00
   0.0000000E+00   0.0000000E+00   0.0000000E+00   0.0000000E+00   0.0000000E+00   9.2634179E-13   6.8969197E-10   3.7259906E-07   5.2490481E-07   5.6418622E-07   5.4855178E-07   6.0079236E-07   6.4589244E-07   6.8404353E-07   7.1524471E-07   7.3926645E-07   7.5571063E-07   7.6471309E-07   7.6738036E-07   7.5864409E-07   7.3823907E-07   7.1957425E-07   6.7853574E-07   6.2194937E-07   5.6890065E-07   4.9608735E-07   4.2534225E-07   3.0962039E-07   1.9247014E-07   5.8480627E-08  -9.3715023E-08  -3.0264215E-07  -4.1718090E-07  -6.6886940E-07  -9.0459531E-07  -1.1643644E-06  -1.4500606E-06  -1.8460805E-06  -2.0136818E-06  -2.4685053E-06  -2.8667050E-06  -3.2992209E-06  -3.9033966E-06  -4.2478969E-06  -4.7734120E-06  -5.3323547E-06  -5.9249110E-06  -6.5510239E-06  -7.2102757E-06  -7.8948187E-06  -8.3262530E-06  -9.4011275E-06  -1.0187741E-05  -1.1001161E-05  -1.1839013E-05  -1.2698364E-05  -1.3575803E-05  -1.4467560E-05  -1.5369085E-05  -1.6275655E-05  -1.7182005E-05  -1.8082437E-05  -1.8970855E-05  -1.9840805E-05  -2.0685740E-05  -2.1498419E-05  -2.2271715E-05  -2.2998540E-05  -2.3671508E-05  -2.4283632E-05  -2.4828092E-05  -2.5298468E-05  -2.5688887E-05  -2.5994201E-05  -2.6210166E-05  -2.6333686E-05  -2.6363081E-05  -2.6298456E-05  -2.6142196E-05  -2.5899701E-05  -2.5580477E-05  -2.5199875E-05  -2.4781795E-05  -2.4362918E-05  -2.3999091E-05  -2.3774171E-05  -2.3808974E-05  -2.4266195E-05  -2.5276511E-05  -2.6730853E-05  -2.7661046E-05  -2.8141756E-05  -4.6554469E-05  -1.8361775E-04  -6.7820249E-05   0.0000000E+00   0.0000000E+00   0.0000000E+00   0.0000000E+00   0.0000000E+00
   0.0000000E+00   0.0000000E+00   0.0000000E+00   0.0000000E+00   0.0000000E+00   9.3136360E-13   6.9234812E-10   3.7345305E-07   5.2551275E-07   5.6443434E-07   5.4893013E-07   6.0096079E-07   6.4570440E-07   6.8329854E-07   7.1367475E-07   7.3646191E-07   7.5125160E-07   7.5807424E-07   7.5832327E-07   7.4553259E-07   7.1953787E-07   6.9695176E-07   6.4739260E-07   5.7964223E-07   5.1743609E-07   4.3151542E-07   3.4890752E-07   2.1032152E-07   7.0725079E-08  -8.9650328E-08  -2.7333331E-07  -5.2728922E-07  -6.5852367E-07  -9.7262932E-07  -1.2628449E-06  -1.5847097E-06  -1.9425358E-06  -2.4410265E-06  -2.7628273E-06  -3.1000773E-06  -3.8976787E-06  -4.1341918E-06  -5.0820495E-06  -5.5246501E-06  -6.2137074E-06  -6.9509774E-06  -7.7371296E-06  -8.5724741E-06  -9.4566176E-06  -1.0375100E-05  -1.0963940E-05  -1.2438760E-05  -1.3516299E-05  -1.4634889E-05  -1.5791360E-05  -1.6981423E-05  -1.8200020E-05  -1.9441441E-05  -2.0698762E-05  -2.1964679E-05  -2.3230908E-05  -2.4484294E-05  -2.5722871E-05  -2.6933138E-05  -2.8104090E-05  -2.9224706E-05  -3.0283531E-05  -3.1269283E-05  -3.2170334E-05  -3.2975706E-05  -3.3674791E-05  -3.4257744E-05  -3.4715766E-05  -3.5042729E-05  -3.5292680E-05  -3.5350640E-05  -3.5267323E-05  -3.5044955E-05  -3.4689969E-05  -3.4214405E-05  -3.3638087E-05  -3.2992033E-05  -3.2323765E-05  -3.1705320E-05  -3.1244359E-05  -3.1096526E-05  -3.1468302E-05  -3.2579828E-05  -3.4461784E-05  -3.6516354E-05  -3.7192422E-05  -3.8655446E-05  -6.3361287E-05  -2.1714288E-04  -2.2891820E-05   0.0000000E+00   0.0000000E+00   0.0000000E+00   0.0000000E+00   0.0000000E+00
   0.0000000E+00   0.0000000E+00   0.0000000E+00   0.0000000E+00   0.0000000E+00   9.3640850E-13   6.9501183E-10   3.7430766E-07   5.2611847E-07   5.6467803E-07   5.4929524E-07   6.0110119E-07   6.4546265E-07   6.8245720E-07   7.1194052E-07   7.3337281E-07   7.4636432E-07   7.5078754E-07   7.4835225E-07   7.3102314E-07   6.9876558E-07   6.7166872E-07   6.1239376E-07   5.3187750E-07   4.5894515E-07   3.5768818E-07   2.6082267E-07   9.5252176E-08  -7.1297343E-08  -2.6363213E-07  -4.8576800E-07  -7.9433926E-07  -9.5145589E-07  -1.3393604E-06  -1.6983886E-06  -2.0993500E-06  -2.5497384E-06  -3.1796228E-06  -3.5831254E-06  -4.0063110E-06  -5.0437598E-06  -5.3373969E-06  -6.5929844E-06  -7.1737950E-06  -8.0860254E-06  -9.0683498E-06  -1.0122344E-05  -1.1249056E-05  -1.2448295E-05  -1.3697485E-05  -1.4524222E-05  -1.6556363E-05  -1.8050443E-05  -1.9608971E-05  -2.1226822E-05  -2.2897626E-05  -2.4613882E-05  -2.6366752E-05  -2.8145962E-05  -2.9939987E-05  -3.1735774E-05  -3.3518354E-05  -3.5274748E-05  -3.6987687E-05  -3.8640079E-05  -4.0214214E-05  -4.1691928E-05  -4.3055275E-05  -4.4285985E-05  -4.5366836E-05  -4.6281399E-05  -4.7014648E-05  -4.7553622E-05  -4.7891885E-05  -4.8039656E-05  -4.7952963E-05  -4.7652899E-05  -4.7146885E-05  -4.6450128E-05  -4.5582194E-05  -4.4563603E-05  -4.3468834E-05  -4.2386004E-05  -4.1447041E-05  -4.0858722E-05  -4.1641892E-05  -4.2597610E-05  -4.4686221E-05  -4.7628058E-05  -5.0090071E-05  -5.0326998E-05  -5.3679207E-05  -8.2382510E-05  -2.4159772E-04   0.0000000E+00   0.0000000E+00   0.0000000E+00   0.0000000E+00   0.0000000E+00   0.0000000E+00
   0.0000000E+00   0.0000000E+00   0.0000000E+00   0.0000000E+00   0.0000000E+00   9.4147671E-13   6.9768302E-10   3.7516281E-07   5.2672198E-07   5.6491734E-07   5.4964715E-07   6.0121346E-07   6.4516649E-07   6.8151758E-07   7.1003706E-07   7.2998773E-07   7.4102803E-07   7.4281536E-07   7.3740642E-07   7.1500688E-07   6.7573797E-07   6.4346563E-07   5.7312127E-07   4.7800432E-07   3.9252143E-07   2.7331515E-07   1.5934704E-07  -3.8109970E-08  -2.3705007E-07  -4.6813443E-07  -7.3727682E-07  -1.1123188E-06  -1.3036451E-06  -1.7830425E-06  -2.2291829E-06  -2.7311573E-06  -3.3003355E-06  -4.0580485E-06  -4.6526634E-06  -5.1665002E-06  -6.5000722E-06  -6.8994855E-06  -8.5393431E-06  -9.3147009E-06  -1.0532820E-05  -1.1853403E-05  -1.3279646E-05  -1.4813975E-05  -1.6456794E-05  -1.8175891E-05  -1.9360275E-05  -2.2172842E-05  -2.4268078E-05  -2.6463704E-05  -2.8752567E-05  -3.1125492E-05  -3.3571214E-05  -3.6076301E-05  -3.8624908E-05  -4.1199124E-05  -4.3778640E-05  -4.6340403E-05  -4.8862443E-05  -5.1318071E-05  -5.3680116E-05  -5.5920475E-05  -5.8011108E-05  -5.9927126E-05  -6.1632047E-05  -6.3102896E-05  -6.4314459E-05  -6.5244094E-05  -6.5873108E-05  -6.6193039E-05  -6.6203873E-05  -6.5867047E-05  -6.5206194E-05  -6.4235872E-05  -6.2983505E-05  -6.1492166E-05  -5.9812246E-05  -5.7960293E-05  -5.6283337E-05  -5.4931232E-05  -5.4956199E-05  -5.4992921E-05  -5.6826972E-05  -6.0087757E-05  -6.4089880E-05  -6.8759109E-05  -6.8266745E-05  -6.7108478E-05  -1.0421823E-04  -2.5732757E-04   0.0000000E+00   0.0000000E+00   0.0000000E+00   0.0000000E+00   0.0000000E+00   0.0000000E+00
   0.0000000E+00   0.0000000E+00   0.0000000E+00   0.0000000E+00   0.0000000E+00   9.4656824E-13   7.0036166E-10   3.7601851E-07   5.2732321E-07   5.6515205E-07   5.4998560E-07   6.0129702E-07   6.4481446E-07   6.8047643E-07   7.0795727E-07   7.2629109E-07   7.3521551E-07   7.3410990E-07   7.2540922E-07   6.9735023E-07   6.5023181E-07   6.1202707E-07   5.2907080E-07   4.1723993E-07   3.1706989E-07   1.7683213E-07   4.2357872E-08  -1.9284872E-07  -4.3077739E-07  -7.0893060E-07  -1.0356438E-06  -1.4918920E-06  -1.7281785E-06  -2.3214295E-06  -2.8781940E-06  -3.5095866E-06  -4.2313959E-06  -5.1579204E-06  -6.0027851E-06  -6.6407588E-06  -8.3599589E-06  -8.9135974E-06  -1.1060282E-05  -1.2109695E-05  -1.3748983E-05  -1.5538602E-05  -1.7484525E-05  -1.9591607E-05  -2.1861641E-05  -2.4251478E-05  -2.5971955E-05  -2.9883373E-05  -3.2847754E-05  -3.5968540E-05  -3.9235583E-05  -4.2635398E-05  -4.6150999E-05  -4.9762082E-05  -5.3444553E-05  -5.7169229E-05  -6.0904684E-05  -6.4615357E-05  -6.8265334E-05  -7.1812829E-05  -7.5214812E-05  -7.8427023E-05  -8.1405989E-05  -8.4110339E-05  -8.6485554E-05  -8.8495639E-05  -9.0102280E-05  -9.1271839E-05  -9.1977781E-05  -9.2208502E-05  -9.1958500E-05  -9.1187707E-05  -8.9930509E-05  -8.8215107E-05  -8.6090746E-05  -8.3632003E-05  -8.0918442E-05  -7.8033634E-05  -7.5493212E-05  -7.3566174E-05  -7.2836949E-05  -7.4285206E-05  -7.7533958E-05  -8.2738981E-05  -8.8105204E-05  -8.9457571E-05  -8.7182576E-05  -8.7756642E-05  -1.3372449E-04  -2.6383533E-04   0.0000000E+00   0.0000000E+00   0.0000000E+00   0.0000000E+00   0.0000000E+00   0.0000000E+00
   0.0000000E+00   0.0000000E+00   0.0000000E+00   0.0000000E+00   0.0000000E+00   9.5168296E-13   7.0304773E-10   3.7687477E-07   5.2792205E-07   5.6538209E-07   5.5031023E-07   6.0135102E-07   6.4440462E-07   6.7932928E-07   7.0569189E-07   7.2226396E-07   7.2889384E-07   7.2461415E-07   7.1226964E-07   6.7789546E-07   6.2198478E-07   5.7697974E-07   4.7964585E-07   3.4865667E-07   2.3128406E-07   6.6361956E-08  -9.2711588E-08  -3.7271141E-07  -6.5767262E-07  -9.9313559E-07  -1.3905311E-06  -1.9463841E-06  -2.2415777E-06  -2.9770779E-06  -3.6748274E-06  -4.4726371E-06  -5.3915987E-06  -6.5405557E-06  -7.6386268E-06  -8.5956490E-06  -1.0651171E-05  -1.1623718E-05  -1.4343997E-05  -1.5780064E-05  -1.8001729E-05  -2.0444393E-05  -2.3118624E-05  -2.6033387E-05  -2.9193307E-05  -3.2543619E-05  -3.5065172E-05  -4.0527542E-05  -4.4749588E-05  -4.9214090E-05  -5.3905758E-05  -5.8804617E-05  -6.3884785E-05  -6.9114736E-05  -7.4456824E-05  -7.9865473E-05  -8.5291191E-05  -9.0678288E-05  -9.5969190E-05  -1.0109848E-04  -1.0599868E-04  -1.1060086E-04  -1.1483813E-04  -1.1864413E-04  -1.2193777E-04  -1.2466425E-04  -1.2676668E-04  -1.2819632E-04  -1.2891658E-04  -1.2891162E-04  -1.2817065E-04  -1.2665441E-04  -1.2441454E-04  -1.2150154E-04  -1.1799899E-04  -1.1402631E-04  -1.0970504E-04  -1.0523797E-04  -1.0137726E-04  -9.8556571E-05  -9.8131066E-05  -9.8944169E-05  -1.0323979E-04  -1.0970977E-04  -1.1534776E-04  -1.1777475E-04  -1.1360482E-04  -1.0900127E-04  -1.5633000E-04  -2.6252554E-04   0.0000000E+00   0.0000000E+00   0.0000000E+00   0.0000000E+00   0.0000000E+00   0.0000000E+00
   0.0000000E+00   0.0000000E+00   0.0000000E+00   0.0000000E+00   0.0000000E+00   9.5682121E-13   7.0574124E-10   3.7773151E-07   5.2851851E-07   5.6560725E-07   5.5062065E-07   6.0137432E-07   6.4393447E-07   6.7807076E-07   7.0323000E-07   7.1788423E-07   7.2202477E-07   7.1426189E-07   6.9788166E-07   6.5645969E-07   5.9069214E-07   5.3788705E-07   4.2414655E-07   2.7116124E-07   1.3361198E-07  -6.0341137E-08  -2.4895817E-07  -5.8224776E-07  -9.2409044E-07  -1.3295245E-06  -1.8139483E-06  -2.4924807E-06  -2.8647510E-06  -3.7787283E-06  -4.6568516E-06  -5.6694998E-06  -6.8444210E-06  -8.2863335E-06  -9.7232860E-06  -1.1109310E-05  -1.3617034E-05  -1.5164739E-05  -1.8645542E-05  -2.0628000E-05  -2.3657794E-05  -2.7012544E-05  -3.0710140E-05  -3.4766195E-05  -3.9190571E-05  -4.3917560E-05  -4.7631347E-05  -5.5279834E-05  -6.1316008E-05  -6.7722365E-05  -7.4475705E-05  -8.1545033E-05  -8.8889850E-05  -9.6460564E-05  -1.0419745E-04  -1.1202894E-04  -1.1987709E-04  -1.2765497E-04  -1.3527126E-04  -1.4262492E-04  -1.4961205E-04  -1.5612785E-04  -1.6207175E-04  -1.6734167E-04  -1.7181996E-04  -1.7542692E-04  -1.7808158E-04  -1.7971653E-04  -1.8028356E-04  -1.7976177E-04  -1.7813436E-04  -1.7537175E-04  -1.7154851E-04  -1.6674842E-04  -1.6110447E-04  -1.5479758E-04  -1.4801481E-04  -1.4115409E-04  -1.3529636E-04  -1.3111190E-04  -1.2959015E-04  -1.3208053E-04  -1.3775937E-04  -1.4584864E-04  -1.5133266E-04  -1.4922534E-04  -1.4120417E-04  -1.3766321E-04  -1.8377775E-04  -2.5507802E-04   0.0000000E+00   0.0000000E+00   0.0000000E+00   0.0000000E+00   0.0000000E+00   0.0000000E+00
   0.0000000E+00   0.0000000E+00   0.0000000E+00   0.0000000E+00   0.0000000E+00   9.6198277E-13   7.0844219E-10   3.7858874E-07   5.2911247E-07   5.6582724E-07   5.5091618E-07   6.0136557E-07   6.4340094E-07   6.7669470E-07   7.0055910E-07   7.1312661E-07   7.1456458E-07   7.0297733E-07   6.8212358E-07   6.3283233E-07   5.5600196E-07   4.9424040E-07   3.6175405E-07   1.8346694E-07   2.2211367E-08  -2.0596448E-07  -4.3012122E-07  -8.2699006E-07  -1.2378226E-06  -1.7289468E-06  -2.3208675E-06  -3.1511449E-06  -3.6242527E-06  -4.7631388E-06  -5.8729656E-06  -7.1641048E-06  -8.6729724E-06  -1.0502197E-05  -1.2393662E-05  -1.4349666E-05  -1.7476337E-05  -1.9802197E-05  -2.4310708E-05  -2.7066091E-05  -3.1219719E-05  -3.5850135E-05  -4.0986382E-05  -4.6654186E-05  -5.2867210E-05  -5.8998146E-05  -6.5621527E-05  -7.5748510E-05  -8.4376246E-05  -9.3554969E-05  -1.0324696E-04  -1.1340169E-04  -1.2395356E-04  -1.3482259E-04  -1.4591299E-04  -1.5711169E-04  -1.6829670E-04  -1.7933369E-04  -1.9008109E-04  -2.0038719E-04  -2.1009787E-04  -2.1906081E-04  -2.2713255E-04  -2.3416535E-04  -2.3999778E-04  -2.4452314E-04  -2.4763474E-04  -2.4924680E-04  -2.4930071E-04  -2.4777048E-04  -2.4463437E-04  -2.3988597E-04  -2.3362528E-04  -2.2597938E-04  -2.1714487E-04  -2.0738076E-04  -1.9697563E-04  -1.8663796E-04  -1.7789127E-04  -1.7171896E-04  -1.6985620E-04  -1.7191400E-04  -1.7868369E-04  -1.8708620E-04  -1.9076075E-04  -1.8747260E-04  -1.7502959E-04  -1.6441909E-04  -2.0655440E-04  -2.3693497E-04   0.0000000E+00   0.0000000E+00   0.0000000E+00   0.0000000E+00   0.0000000E+00   0.0000000E+00
   0.0000000E+00   0.0000000E+00   0.0000000E+00   0.0000000E+00   0.0000000E+00   9.6716797E-13   7.1115053E-10   3.7944639E-07   5.2970387E-07   5.6604193E-07   5.5119631E-07   6.0132334E-07   6.4280079E-07   6.7519403E-07   6.9766492E-07   7.0796278E-07   7.0646382E-07   6.9067443E-07   6.6485637E-07   6.0677206E-07   5.1750879E-07   4.4544836E-07   2.9151056E-07   8.4058392E-08  -1.0510736E-07  -3.7372976E-07  -6.4072611E-07  -1.1136846E-06  -1.6084540E-06  -2.2048657E-06  -2.9300247E-06  -3.9488218E-06  -4.5539555E-06  -5.9775230E-06  -7.3862293E-06  -9.0398735E-06  -1.0986488E-05  -1.3329702E-05  -1.5832240E-05  -1.8550511E-05  -2.2523784E-05  -2.5907533E-05  -3.1807180E-05  -3.5655514E-05  -4.1371943E-05  -4.7784051E-05  -5.4936714E-05  -6.2869563E-05  -7.1592716E-05  -7.9818499E-05  -9.0552057E-05  -1.0404914E-04  -1.1630344E-04  -1.2934185E-04  -1.4309747E-04  -1.5748281E-04  -1.7238718E-04  -1.8767848E-04  -2.0320153E-04  -2.1877851E-04  -2.3422168E-04  -2.4932928E-04  -2.6389179E-04  -2.7769408E-04  -2.9052355E-04  -3.0217771E-04  -3.1247237E-04  -3.2121429E-04  -3.2820695E-04  -3.3332821E-04  -3.3645696E-04  -3.3749951E-04  -3.3639395E-04  -3.3311118E-04  -3.2762790E-04  -3.1997229E-04  -3.1026095E-04  -2.9866374E-04  -2.8544397E-04  -2.7094857E-04  -2.5562302E-04  -2.4065767E-04  -2.2812710E-04  -2.1939585E-04  -2.1589850E-04  -2.1955110E-04  -2.2709610E-04  -2.3498235E-04  -2.3555494E-04  -2.2549332E-04  -2.0742878E-04  -1.9501609E-04  -2.2852786E-04  -2.1626258E-04   0.0000000E+00   0.0000000E+00   0.0000000E+00   0.0000000E+00   0.0000000E+00   0.0000000E+00
   0.0000000E+00   0.0000000E+00   0.0000000E+00   0.0000000E+00   0.0000000E+00   9.7237648E-13   7.1386619E-10   3.8030450E-07   5.3029254E-07   5.6625089E-07   5.5146018E-07   6.0124586E-07   6.4213009E-07   6.7356081E-07   6.9453159E-07   7.0236081E-07   6.9766668E-07   6.7725585E-07   6.4592155E-07   5.7800247E-07   4.7474504E-07   3.9082303E-07   2.1229459E-07  -2.8852352E-08  -2.5095281E-07  -5.6751031E-07  -8.8626729E-07  -1.4505870E-06  -2.0478205E-06  -2.7740546E-06  -3.6649674E-06  -4.9190166E-06  -5.6972594E-06  -7.4827858E-06  -9.2786322E-06  -1.1406062E-05  -1.3928991E-05  -1.6956687E-05  -2.0282625E-05  -2.4025278E-05  -2.9155666E-05  -3.3981112E-05  -4.1762924E-05  -4.7152251E-05  -5.5034070E-05  -6.3920037E-05  -7.3874748E-05  -8.4946121E-05  -9.6269243E-05  -1.0932075E-04  -1.2472158E-04  -1.4274885E-04  -1.5988191E-04  -1.7804309E-04  -1.9710447E-04  -2.1690660E-04  -2.3725693E-04  -2.5793473E-04  -2.7869042E-04  -2.9925187E-04  -3.1934347E-04  -3.3868183E-04  -3.5698511E-04  -3.7398280E-04  -3.8942267E-04  -4.0308211E-04  -4.1477254E-04  -4.2428376E-04  -4.3143841E-04  -4.3613775E-04  -4.3828264E-04  -4.3779876E-04  -4.3463422E-04  -4.2875984E-04  -4.2014854E-04  -4.0885143E-04  -3.9496453E-04  -3.7866889E-04  -3.6026642E-04  -3.4018408E-04  -3.1910744E-04  -2.9893438E-04  -2.8229563E-04  -2.7093620E-04  -2.6680002E-04  -2.7027872E-04  -2.7755109E-04  -2.8241909E-04  -2.7787694E-04  -2.6412809E-04  -2.4123018E-04  -2.2009546E-04  -2.4096937E-04  -1.9355360E-04   0.0000000E+00   0.0000000E+00   0.0000000E+00   0.0000000E+00   0.0000000E+00   0.0000000E+00
   0.0000000E+00   0.0000000E+00   0.0000000E+00   0.0000000E+00   0.0000000E+00   9.7760873E-13   7.1658923E-10   3.8116298E-07   5.3087848E-07   5.6645393E-07   5.5170710E-07   6.0113121E-07   6.4138476E-07   6.7178627E-07   6.9114145E-07   6.9628499E-07   6.8811050E-07   6.6261134E-07   6.2513857E-07   5.4620688E-07   4.2717133E-07   3.2956277E-07   1.2278988E-07  -1.5738060E-07  -4.1844237E-07  -7.9197895E-07  -1.1734410E-06  -1.8478420E-06  -2.5706017E-06  -3.4575062E-06  -4.5554243E-06  -6.1043752E-06  -7.1100317E-06  -9.3578237E-06  -1.1657168E-05  -1.4406195E-05  -1.7690772E-05  -2.1632628E-05  -2.6069740E-05  -3.1192874E-05  -3.7901747E-05  -4.4690456E-05  -5.5008608E-05  -6.2555249E-05  -7.3409654E-05  -8.5685904E-05  -9.9466160E-05  -1.1478375E-04  -1.2976363E-04  -1.4933787E-04  -1.7071700E-04  -1.9445139E-04  -2.1767923E-04  -2.4204892E-04  -2.6730867E-04  -2.9316443E-04  -3.1928351E-04  -3.4530764E-04  -3.7085547E-04  -3.9554542E-04  -4.1901800E-04  -4.4093383E-04  -4.6098913E-04  -4.7892935E-04  -4.9455219E-04  -5.0771725E-04  -5.1833095E-04  -5.2623911E-04  -5.3143036E-04  -5.3388946E-04  -5.3359958E-04  -5.3053943E-04  -5.2467309E-04  -5.1596132E-04  -5.0433353E-04  -4.8978097E-04  -4.7229248E-04  -4.5196532E-04  -4.2905487E-04  -4.0403157E-04  -3.7793673E-04  -3.5358546E-04  -3.3388109E-04  -3.2087925E-04  -3.1604077E-04  -3.2081164E-04  -3.2611436E-04  -3.2600400E-04  -3.1538191E-04  -2.9405489E-04  -2.6625057E-04  -2.4339287E-04  -2.4897966E-04  -1.6625997E-04   0.0000000E+00   0.0000000E+00   0.0000000E+00   0.0000000E+00   0.0000000E+00   0.0000000E+00
   0.0000000E+00   0.0000000E+00   0.0000000E+00   0.0000000E+00   0.0000000E+00   9.8286440E-13   7.1931949E-10   3.8202185E-07   5.3146152E-07   5.6665067E-07   5.5193607E-07   6.0097727E-07   6.4056013E-07   6.6986064E-07   6.8747465E-07   6.8969570E-07   6.7772481E-07   6.4661634E-07   6.0230167E-07   5.1102199E-07   3.7416402E-07   2.6073138E-07   2.1447470E-08  -3.0403694E-07  -6.1131482E-07  -1.0527954E-06  -1.5104428E-06  -2.3179705E-06  -3.1950867E-06  -4.2816159E-06  -5.6391050E-06  -7.5594212E-06  -8.8645047E-06  -1.1705222E-05  -1.4661877E-05  -1.8229144E-05  -2.2523316E-05  -2.7688311E-05  -3.3625067E-05  -4.0608666E-05  -4.9461189E-05  -5.8909351E-05  -7.2612587E-05  -8.3137544E-05  -9.7998069E-05  -1.1480637E-04  -1.3364140E-04  -1.5447875E-04  -1.7431402E-04  -2.0200551E-04  -2.3051558E-04  -2.6058863E-04  -2.9038507E-04  -3.2097939E-04  -3.5189808E-04  -3.8263100E-04  -4.1265090E-04  -4.4144184E-04  -4.6850590E-04  -4.9342483E-04  -5.1585847E-04  -5.3555361E-04  -5.5236492E-04  -5.6624570E-04  -5.7724456E-04  -5.8549480E-04  -5.9113919E-04  -5.9415749E-04  -5.9498433E-04  -5.9367326E-04  -5.9031247E-04  -5.8491074E-04  -5.7739369E-04  -5.6764286E-04  -5.5538438E-04  -5.4032815E-04  -5.2221521E-04  -5.0088920E-04  -4.7642644E-04  -4.4931067E-04  -4.2110396E-04  -3.9559713E-04  -3.7529279E-04  -3.6248649E-04  -3.5854080E-04  -3.6188879E-04  -3.6271344E-04  -3.5527928E-04  -3.3799425E-04  -3.1441703E-04  -2.8431104E-04  -2.5525026E-04  -2.4549104E-04  -1.4204033E-04   0.0000000E+00   0.0000000E+00   0.0000000E+00   0.0000000E+00   0.0000000E+00   0.0000000E+00
   0.0000000E+00   0.0000000E+00   0.0000000E+00   0.0000000E+00   0.0000000E+00   9.8814381E-13   7.2205708E-10   3.8288101E-07   5.3204155E-07   5.6684070E-07   5.5214622E-07   6.0078185E-07   6.3965103E-07   6.6777318E-07   6.8350943E-07   6.8254855E-07   6.6643059E-07   6.2912983E-07   5.7717591E-07   4.7203017E-07   3.1500036E-07   1.8323260E-07  -9.3561340E-08  -4.7181200E-07  -8.3407207E-07  -1.3568446E-06  -1.9073498E-06  -2.8764998E-06  -3.9441734E-06  -5.2797345E-06  -6.9640701E-06  -9.3541676E-06  -1.1054451E-05  -1.4658762E-05  -1.8476347E-05  -2.3123428E-05  -2.8758148E-05  -3.5559842E-05  -4.3515789E-05  -5.2997089E-05  -6.4734653E-05  -7.7742166E-05  -9.5879237E-05  -1.1041402E-04  -1.3049469E-04  -1.5308319E-04  -1.7675526E-04  -2.0552930E-04  -2.3307373E-04  -2.6796389E-04  -3.0352434E-04  -3.3884065E-04  -3.7353145E-04  -4.0768177E-04  -4.4052713E-04  -4.7133453E-04  -4.9945322E-04  -5.2435673E-04  -5.4563890E-04  -5.6315458E-04  -5.7688472E-04  -5.8699376E-04  -5.9383945E-04  -5.9786392E-04  -5.9960305E-04  -5.9961114E-04  -5.9825054E-04  -5.9555919E-04  -5.9281610E-04  -5.8977352E-04  -5.8644032E-04  -5.8263028E-04  -5.7800522E-04  -5.7213259E-04  -5.6415779E-04  -5.5317784E-04  -5.3860672E-04  -5.1994785E-04  -4.9712457E-04  -4.7082049E-04  -4.4343423E-04  -4.1958148E-04  -4.0067112E-04  -3.8933332E-04  -3.8587567E-04  -3.8659590E-04  -3.8093078E-04  -3.6583413E-04  -3.4374223E-04  -3.1636763E-04  -2.8662628E-04  -2.6013394E-04  -2.3700749E-04  -1.2007681E-04   0.0000000E+00   0.0000000E+00   0.0000000E+00   0.0000000E+00   0.0000000E+00   0.0000000E+00
   0.0000000E+00   0.0000000E+00   0.0000000E+00   0.0000000E+00   0.0000000E+00   9.9344675E-13   7.2480189E-10   3.8374051E-07   5.3261846E-07   5.6702362E-07   5.5233636E-07   6.0054231E-07   6.3865184E-07   6.6551183E-07   6.7922139E-07   6.7479402E-07   6.5413889E-07   6.0999207E-07   5.4949282E-07   4.2875024E-07   2.4884042E-07   9.5778418E-08  -2.2440338E-07  -6.6428231E-07  -1.0921590E-06  -1.7125402E-06  -2.3766127E-06  -3.5427822E-06  -4.8466741E-06  -6.4942069E-06  -8.5918564E-06  -1.1578874E-05  -1.3802019E-05  -1.8393213E-05  -2.3341201E-05  -2.9415025E-05  -3.6829315E-05  -4.5815272E-05  -5.6473069E-05  -6.9275251E-05  -8.4831794E-05  -1.0249617E-04  -1.2624655E-04  -1.4594724E-04  -1.7242985E-04  -2.0182370E-04  -2.3410743E-04  -2.6511183E-04  -3.0330964E-04  -3.4355323E-04  -3.8312757E-04  -4.1911300E-04  -4.5302877E-04  -4.8366818E-04  -5.1017269E-04  -5.3190888E-04  -5.4854603E-04  -5.6005613E-04  -5.6664587E-04  -5.6905008E-04  -5.6796952E-04  -5.6432857E-04  -5.5929268E-04  -5.5385544E-04  -5.4894364E-04  -5.4522883E-04  -5.4270087E-04  -5.4107001E-04  -5.4268824E-04  -5.4587278E-04  -5.4993381E-04  -5.5396161E-04  -5.5700348E-04  -5.5810978E-04  -5.5585802E-04  -5.4914330E-04  -5.3758960E-04  -5.2082969E-04  -4.9897883E-04  -4.7312997E-04  -4.4654161E-04  -4.2414266E-04  -4.0633816E-04  -3.9584123E-04  -3.9180755E-04  -3.8626156E-04  -3.7311180E-04  -3.5157090E-04  -3.2703913E-04  -3.0306412E-04  -2.7796865E-04  -2.5161708E-04  -2.1868506E-04  -8.4115454E-05   0.0000000E+00   0.0000000E+00   0.0000000E+00   0.0000000E+00   0.0000000E+00   0.0000000E+00
   0.0000000E+00   0.0000000E+00   0.0000000E+00   0.0000000E+00   0.0000000E+00   9.9877355E-13   7.2755391E-10   3.8460024E-07   5.3319206E-07   5.6719904E-07   5.5250547E-07   6.0025593E-07   6.3755641E-07   6.6306359E-07   6.7458365E-07   6.6637699E-07   6.4074942E-07   5.8902151E-07   5.1894466E-07   3.8062626E-07   1.7470472E-07  -3.1498466E-09  -3.7365629E-07  -8.8574399E-07  -1.3921913E-06  -2.1302167E-06  -2.9336966E-06  -4.3410632E-06  -5.9390295E-06  -7.9790607E-06  -1.0601601E-05  -1.4350287E-05  -1.7266679E-05  -2.3136849E-05  -2.9570750E-05  -3.7528229E-05  -4.7297246E-05  -5.9177899E-05  -7.3406292E-05  -9.0541726E-05  -1.1100798E-04  -1.3452453E-04  -1.6495989E-04  -1.9081245E-04  -2.2428803E-04  -2.5863270E-04  -2.9869465E-04  -3.3542301E-04  -3.7725782E-04  -4.1705059E-04  -4.5285976E-04  -4.8041556E-04  -5.0348463E-04  -5.1994022E-04  -5.2963878E-04  -5.3289777E-04  -5.3052208E-04  -5.2369136E-04  -5.1371614E-04  -5.0264079E-04  -4.9174676E-04  -4.8253516E-04  -4.7652045E-04  -4.7434427E-04  -4.7619519E-04  -4.8132290E-04  -4.8779778E-04  -4.9437786E-04  -5.0275435E-04  -5.0889788E-04  -5.0925731E-04  -5.0288142E-04  -4.9752207E-04  -4.9315859E-04  -4.8943248E-04  -4.8562247E-04  -4.8043058E-04  -4.7228413E-04  -4.5983275E-04  -4.4281647E-04  -4.2259679E-04  -4.0414027E-04  -3.8847813E-04  -3.7842675E-04  -3.7210161E-04  -3.6070103E-04  -3.4171177E-04  -3.1715044E-04  -2.9395876E-04  -2.7280147E-04  -2.5428535E-04  -2.3710000E-04  -1.9896956E-04  -1.3552527E-20   0.0000000E+00   0.0000000E+00   0.0000000E+00   0.0000000E+00   0.0000000E+00   0.0000000E+00
   0.0000000E+00   0.0000000E+00   0.0000000E+00   0.0000000E+00   0.0000000E+00   1.0041239E-12   7.3031309E-10   3.8546023E-07   5.3376232E-07   5.6736644E-07   5.5265224E-07   5.9991970E-07   6.3635792E-07   6.6041383E-07   6.6956619E-07   6.5723555E-07   6.2614919E-07   5.6601158E-07   4.8517757E-07   3.2701385E-07   9.1447326E-08  -1.1534986E-07  -5.4439960E-07  -1.1413813E-06  -1.7422485E-06  -2.6226328E-06  -3.5979140E-06  -5.3018825E-06  -7.2675680E-06  -9.8035562E-06  -1.3095476E-05  -1.7819739E-05  -2.1656750E-05  -2.9186876E-05  -3.7572259E-05  -4.8006936E-05  -6.0867231E-05  -7.6531331E-05  -9.5373565E-05  -1.1797624E-04  -1.4443991E-04  -1.7480053E-04  -2.1232649E-04  -2.4445780E-04  -2.8201265E-04  -3.2670854E-04  -3.6120773E-04  -4.0165093E-04  -4.3816262E-04  -4.6681453E-04  -4.8709466E-04  -4.9552682E-04  -4.9794745E-04  -4.9275701E-04  -4.8177430E-04  -4.6697579E-04  -4.5066903E-04  -4.3498416E-04  -4.2176258E-04  -4.1359957E-04  -4.1053552E-04  -4.1256062E-04  -4.1851681E-04  -4.2501601E-04  -4.2783981E-04  -4.2249187E-04  -4.0024100E-04  -3.7031283E-04  -3.2884986E-04  -2.9394607E-04  -1.8481794E-04  -2.6875333E-04  -2.6266687E-04  -2.6362896E-04  -2.7173458E-04  -2.8619840E-04  -3.0467796E-04  -3.2452319E-04  -3.4215979E-04  -3.5396125E-04  -3.5671963E-04  -3.5298345E-04  -3.4540935E-04  -3.3776430E-04  -3.2984052E-04  -3.1298815E-04  -2.9099380E-04  -2.6709863E-04  -2.4781880E-04  -2.3491104E-04  -2.2488816E-04  -2.1300458E-04  -1.7432433E-04   0.0000000E+00   0.0000000E+00   0.0000000E+00   0.0000000E+00   0.0000000E+00   0.0000000E+00   0.0000000E+00
   0.0000000E+00   0.0000000E+00   0.0000000E+00   0.0000000E+00   0.0000000E+00   2.2107047E-10   1.1968918E-07   3.8632035E-07   5.3432899E-07   5.6752538E-07   5.5277525E-07   5.9953027E-07   6.3504893E-07   6.5754654E-07   6.6413571E-07   6.4730057E-07   6.1021041E-07   5.4072655E-07   4.4778398E-07   2.6716361E-07  -2.2778581E-09  -2.4295858E-07  -7.4032971E-07  -1.4374816E-06  -2.1522501E-06  -3.2056307E-06  -4.3935211E-06  -6.4639212E-06  -8.8914894E-06  -1.2056863E-05  -1.6205797E-05  -2.2183500E-05  -2.7243759E-05  -3.6927217E-05  -4.7865153E-05  -6.1529230E-05  -7.8386394E-05  -9.8873614E-05  -1.2344816E-04  -1.5254982E-04  -1.8569017E-04  -2.2302489E-04  -2.6634769E-04  -3.0285673E-04  -3.4087975E-04  -3.8440010E-04  -4.1429818E-04  -4.4314470E-04  -4.6218277E-04  -4.6800560E-04  -4.6377213E-04  -4.5005797E-04  -4.3251374E-04  -4.1192790E-04  -3.9203529E-04  -3.7519095E-04  -3.6389934E-04  -3.5881781E-04  -3.5874837E-04  -3.6168992E-04  -3.6042393E-04  -3.4293975E-04  -2.6173281E-04  -1.8436652E-04  -1.1436434E-04  -5.6518144E-05  -2.1781689E-05  -3.3186373E-06  -1.0140421E-10  -1.0332417E-07  -8.9025249E-05  -1.8822907E-06  -1.5623751E-05  -3.4779405E-05  -6.2156905E-05  -1.0164930E-04  -1.4728330E-04  -1.7818905E-04  -2.1097141E-04  -2.4181155E-04  -2.6625107E-04  -2.8001048E-04  -2.8398458E-04  -2.8109795E-04  -2.7257472E-04  -2.5476355E-04  -2.3350435E-04  -2.1330625E-04  -1.9959833E-04  -1.9147861E-04  -1.8922391E-04  -1.8847059E-04  -1.5207572E-04   0.0000000E+00   0.0000000E+00   0.0000000E+00   0.0000000E+00   0.0000000E+00   0.0000000E+00   0.0000000E+00
   0.0000000E+00   0.0000000E+00   0.0000000E+00   0.0000000E+00   0.0000000E+00   4.3673049E-10   1.7864792E-07   3.8718065E-07   5.3489197E-07   5.6767522E-07   5.5287302E-07   5.9908416E-07   6.3362114E-07   6.5444391E-07   6.5825503E-07   6.3649418E-07   5.9278807E-07   5.1289658E-07   4.0629229E-07   2.0020077E-07  -1.0805839E-07  -3.8852795E-07  -9.6590531E-07  -1.7817115E-06  -2.6344449E-06  -3.8989947E-06  -5.3511658E-06  -7.8764460E-06  -1.0886817E-05  -1.4854223E-05  -2.0104218E-05  -2.7695563E-05  -3.4379373E-05  -4.6846180E-05  -6.1093073E-05  -7.8898658E-05  -1.0078502E-04  -1.2715717E-04  -1.5837535E-04  -1.9439240E-04  -2.3368075E-04  -2.7612690E-04  -3.2081350E-04  -3.5458279E-04  -3.8938105E-04  -4.1857045E-04  -4.3296779E-04  -4.3849225E-04  -4.3134936E-04  -4.1120194E-04  -3.8713642E-04  -3.6512385E-04  -3.4420070E-04  -3.2833157E-04  -3.1999443E-04  -3.1770949E-04  -3.2041408E-04  -3.1439497E-04  -2.3945812E-04  -1.4854890E-04  -6.5131986E-05   0.0000000E+00   0.0000000E+00   0.0000000E+00   0.0000000E+00   0.0000000E+00   0.0000000E+00  -4.2351647E-22   0.0000000E+00   0.0000000E+00   0.0000000E+00   0.0000000E+00   0.0000000E+00   0.0000000E+00  -8.1684458E-11  -3.1332622E-08  -1.0242819E-05  -5.5837274E-05  -1.1670274E-04  -1.4953436E-04  -1.8145177E-04  -2.0480884E-04  -2.1739383E-04  -2.1925884E-04  -2.1227999E-04  -1.9477397E-04  -1.7667917E-04  -1.6142214E-04  -1.5282822E-04  -1.5166885E-04  -1.5648530E-04  -1.6048181E-04  -1.2895429E-04   0.0000000E+00   0.0000000E+00   0.0000000E+00   0.0000000E+00   0.0000000E+00   0.0000000E+00   0.0000000E+00
   0.0000000E+00   0.0000000E+00   0.0000000E+00   0.0000000E+00   0.0000000E+00   4.4327578E-10   1.7891929E-07   3.8804106E-07   5.3545097E-07   5.6781539E-07   5.5294402E-07   5.9857729E-07   6.3206562E-07   6.5108628E-07   6.5188271E-07   6.2472901E-07   5.7371750E-07   4.8221204E-07   3.6015538E-07   1.2510003E-07  -2.2777503E-07  -5.5512055E-07  -1.2265339E-06  -2.1834726E-06  -3.2040502E-06  -4.7275871E-06  -6.5098097E-06  -9.6025587E-06  -1.3351615E-05  -1.8344968E-05  -2.5013356E-05  -3.4682533E-05  -4.3513017E-05  -5.9547478E-05  -7.8012650E-05  -1.0097802E-04  -1.2889813E-04  -1.6190810E-04  -1.9987251E-04  -2.4167274E-04  -2.8421337E-04  -3.3391811E-04  -3.5472517E-04  -3.8896978E-04  -4.0692373E-04  -4.1125593E-04  -4.0214456E-04  -3.8148143E-04  -3.5201729E-04  -3.1853450E-04  -2.9682837E-04  -2.9352377E-04  -2.8756037E-04  -2.8671738E-04  -2.8408194E-04  -2.0526233E-04  -1.0522940E-04  -1.6841903E-05   0.0000000E+00   0.0000000E+00   0.0000000E+00   0.0000000E+00   0.0000000E+00   0.0000000E+00   0.0000000E+00   0.0000000E+00   0.0000000E+00   0.0000000E+00   0.0000000E+00   0.0000000E+00   0.0000000E+00   0.0000000E+00   0.0000000E+00   0.0000000E+00   0.0000000E+00   0.0000000E+00  -2.6291138E-11  -1.4554794E-08  -6.8870859E-06  -6.7093497E-05  -1.1619095E-04  -1.4086117E-04  -1.5697880E-04  -1.6192686E-04  -1.5638977E-04  -1.4264938E-04  -1.2881133E-04  -1.1848727E-04  -1.1410484E-04  -1.1564915E-04  -1.2469757E-04  -1.3652422E-04  -1.0980878E-04   0.0000000E+00   0.0000000E+00   0.0000000E+00   0.0000000E+00   0.0000000E+00   0.0000000E+00   0.0000000E+00
   0.0000000E+00   0.0000000E+00   0.0000000E+00   0.0000000E+00   1.3460057E-12   4.4443962E-10   1.7919312E-07   3.8890150E-07   5.3600593E-07   5.6794528E-07   5.5298636E-07   5.9800539E-07   6.3037243E-07   6.4745177E-07   6.4497232E-07   6.1190633E-07   5.5281100E-07   4.4831606E-07   3.0873571E-07   4.0654523E-08  -3.6366663E-07  -7.4643140E-07  -1.5288114E-06  -2.6543660E-06  -3.8800936E-06  -5.7228540E-06  -7.9192969E-06  -1.1723511E-05  -1.6412869E-05  -2.2722817E-05  -3.1220854E-05  -4.3558892E-05  -5.5204957E-05  -7.5739685E-05  -9.9426092E-05  -1.2850291E-04  -1.6306416E-04  -2.0249060E-04  -2.4547314E-04  -2.8910098E-04  -3.2839327E-04  -3.6680367E-04  -3.7193700E-04  -3.8750845E-04  -3.8046594E-04  -3.5801943E-04  -3.2836964E-04  -2.9182708E-04  -2.5606668E-04  -2.3161566E-04  -2.3866014E-04  -2.6361636E-04  -2.2529627E-04  -1.2086163E-04  -2.1194355E-05   0.0000000E+00   0.0000000E+00   0.0000000E+00   0.0000000E+00   0.0000000E+00   0.0000000E+00   0.0000000E+00   0.0000000E+00   0.0000000E+00   0.0000000E+00   0.0000000E+00   0.0000000E+00   0.0000000E+00   0.0000000E+00   0.0000000E+00   0.0000000E+00   0.0000000E+00   0.0000000E+00   0.0000000E+00   0.0000000E+00   0.0000000E+00   0.0000000E+00   0.0000000E+00  -7.7106771E-10  -1.7497122E-07  -3.3826404E-05  -9.3001552E-05  -1.0852960E-04  -1.1459066E-04  -1.1121009E-04  -1.0033388E-04  -9.0571790E-05  -8.4085776E-05  -8.2595652E-05  -8.7573702E-05  -9.9661629E-05  -1.1275157E-04  -6.4976943E-05   0.0000000E+00   0.0000000E+00   0.0000000E+00   0.0000000E+00   0.0000000E+00   0.0000000E+00   0.0000000E+00
   0.0000000E+00   0.0000000E+00   0.0000000E+00   0.0000000E+00   1.6383511E-12   4.4573997E-10   1.7946972E-07   3.8976194E-07   5.3655657E-07   5.6806414E-07   5.5299824E-07   5.9736374E-07   6.2853053E-07   6.4351605E-07   6.3747183E-07   5.9791444E-07   5.2985382E-07   4.1079628E-07   2.5128750E-07  -5.4563024E-08  -5.1841187E-07  -9.6694396E-07  -1.8808336E-06  -3.2088005E-06  -4.6865302E-06  -6.9248367E-06  -9.6438016E-06  -1.4344457E-05  -2.0235428E-05  -2.8238657E-05  -3.9095012E-05  -5.4837812E-05  -7.0122362E-05  -9.6173826E-05  -1.2599779E-04  -1.6167725E-04  -2.0238161E-04  -2.4596439E-04  -2.8915540E-04  -3.2694015E-04  -3.5312664E-04  -3.6923820E-04  -3.5420735E-04  -3.4435629E-04  -3.1497431E-04  -2.7595987E-04  -2.3866251E-04  -2.0296512E-04  -1.8193867E-04  -1.9549279E-04  -2.2842358E-04  -6.9280621E-05   0.0000000E+00   0.0000000E+00   0.0000000E+00   0.0000000E+00   0.0000000E+00   0.0000000E+00   0.0000000E+00   0.0000000E+00   0.0000000E+00   0.0000000E+00   0.0000000E+00   0.0000000E+00   0.0000000E+00   0.0000000E+00   0.0000000E+00   0.0000000E+00   0.0000000E+00   0.0000000E+00   0.0000000E+00   0.0000000E+00   0.0000000E+00   0.0000000E+00   0.0000000E+00   0.0000000E+00   0.0000000E+00   0.0000000E+00   0.0000000E+00  -8.5108734E-12  -6.9060628E-09  -4.7779672E-06  -4.8768754E-05  -7.5127013E-05  -7.0186463E-05  -6.1095016E-05  -5.3700373E-05  -5.7940149E-05  -5.9498670E-05  -6.4788706E-05  -7.7765588E-05  -9.4344497E-05   0.0000000E+00   0.0000000E+00   0.0000000E+00   0.0000000E+00   0.0000000E+00   0.0000000E+00   0.0000000E+00   0.0000000E+00
   0.0000000E+00   0.0000000E+00   0.0000000E+00   0.0000000E+00   6.6166148E-13   4.4799295E-10   1.7974899E-07   3.9062232E-07   5.3710266E-07   5.6817129E-07   5.5297750E-07   5.9664717E-07   6.2652776E-07   6.3925205E-07   6.2932281E-07   5.8262663E-07   5.0459960E-07   3.6917388E-07   1.8693427E-07  -1.6224902E-07  -6.9523384E-07  -1.2221324E-06  -2.2926049E-06  -3.8648013E-06  -5.6537433E-06  -8.3848818E-06  -1.1766471E-05  -1.7602046E-05  -2.5033431E-05  -3.5215497E-05  -4.9098897E-05  -6.9126392E-05  -8.8992296E-05  -1.2147371E-04  -1.5786353E-04  -1.9944603E-04  -2.4361358E-04  -2.8588396E-04  -3.2085506E-04  -3.4266428E-04  -3.5218708E-04  -3.2820739E-04  -3.0248624E-04  -2.7229049E-04  -2.3307760E-04  -1.9257564E-04  -1.6129797E-04  -1.4410613E-04  -1.6586059E-04  -1.5816095E-04   0.0000000E+00   0.0000000E+00   0.0000000E+00   0.0000000E+00   0.0000000E+00   0.0000000E+00   0.0000000E+00   0.0000000E+00   0.0000000E+00   0.0000000E+00   0.0000000E+00   0.0000000E+00   0.0000000E+00   0.0000000E+00   0.0000000E+00   0.0000000E+00   0.0000000E+00   0.0000000E+00   0.0000000E+00   0.0000000E+00   0.0000000E+00   0.0000000E+00   0.0000000E+00   0.0000000E+00   0.0000000E+00   0.0000000E+00   0.0000000E+00   0.0000000E+00   0.0000000E+00   0.0000000E+00   0.0000000E+00   0.0000000E+00   0.0000000E+00   0.0000000E+00   0.0000000E+00   0.0000000E+00  -2.0887109E-10  -6.6082798E-08  -1.7770759E-05  -4.8325946E-05  -6.1888684E-05  -7.8059566E-05   0.0000000E+00   0.0000000E+00   0.0000000E+00   0.0000000E+00   0.0000000E+00   0.0000000E+00   0.0000000E+00   0.0000000E+00
   0.0000000E+00   0.0000000E+00   0.0000000E+00   0.0000000E+00   1.8629816E-12   4.4790341E-10   1.8003082E-07   3.9148259E-07   5.3764404E-07   5.6826582E-07   5.5292185E-07   5.9585000E-07   6.2435078E-07   6.3462949E-07   6.2045928E-07   5.6589874E-07   4.7676451E-07   3.2289094E-07   1.1464113E-07  -2.8443077E-07  -8.9803382E-07  -1.5187254E-06  -2.7765780E-06  -4.6450896E-06  -6.8205622E-06  -1.0169305E-05  -1.4395685E-05  -2.1674387E-05  -3.1084299E-05  -4.4063760E-05  -6.1795108E-05  -8.7082015E-05  -1.1246243E-04  -1.5177403E-04  -1.9393775E-04  -2.3846442E-04  -2.8016235E-04  -3.1225369E-04  -3.2893760E-04  -3.3211565E-04  -3.0242093E-04  -2.6876159E-04  -2.3152991E-04  -1.9495534E-04  -1.5879532E-04  -1.2786464E-04  -1.1689574E-04  -1.4622517E-04  -1.0819220E-04   0.0000000E+00   0.0000000E+00   0.0000000E+00   0.0000000E+00   0.0000000E+00   0.0000000E+00   0.0000000E+00   0.0000000E+00   0.0000000E+00   0.0000000E+00   0.0000000E+00   0.0000000E+00   0.0000000E+00   0.0000000E+00   0.0000000E+00   0.0000000E+00   0.0000000E+00   0.0000000E+00   0.0000000E+00   0.0000000E+00   0.0000000E+00   0.0000000E+00   0.0000000E+00   0.0000000E+00   0.0000000E+00   0.0000000E+00   0.0000000E+00   0.0000000E+00   0.0000000E+00   0.0000000E+00   0.0000000E+00   0.0000000E+00   0.0000000E+00   0.0000000E+00   0.0000000E+00   0.0000000E+00   0.0000000E+00   0.0000000E+00  -9.0556495E-12  -6.9903527E-09  -4.5985062E-06  -4.6889541E-05  -4.4227148E-05   0.0000000E+00   0.0000000E+00   0.0000000E+00   0.0000000E+00   0.0000000E+00   0.0000000E+00   0.0000000E+00   0.0000000E+00
   0.0000000E+00   0.0000000E+00   0.0000000E+00   0.0000000E+00   8.5632239E-13   4.4997336E-10   1.8031511E-07   3.9234268E-07   5.3818036E-07   5.6834693E-07   5.5282885E-07   5.9496591E-07   6.2198455E-07   6.2961453E-07   6.1080669E-07   5.4756612E-07   4.4602049E-07   2.7129414E-07   3.3179585E-08  -4.2354532E-07  -1.1315649E-06  -1.8650545E-06  -3.3483766E-06  -5.5785408E-06  -8.2370234E-06  -1.2364376E-05  -1.7673472E-05  -2.6793768E-05  -3.8744525E-05  -5.5291672E-05  -7.7823577E-05  -1.0928627E-04  -1.4079025E-04  -1.8607693E-04  -2.3094955E-04  -2.7221837E-04  -3.0235882E-04  -3.1454075E-04  -3.1128552E-04  -2.7763657E-04  -2.4063027E-04  -1.9990905E-04  -1.6244351E-04  -1.3063446E-04  -1.0516934E-04  -9.6225798E-05  -1.3539710E-04  -6.7900437E-05   0.0000000E+00   0.0000000E+00   0.0000000E+00   0.0000000E+00   0.0000000E+00   0.0000000E+00   0.0000000E+00   0.0000000E+00   0.0000000E+00   0.0000000E+00   0.0000000E+00   0.0000000E+00   0.0000000E+00   0.0000000E+00   0.0000000E+00   0.0000000E+00   0.0000000E+00   0.0000000E+00   0.0000000E+00   0.0000000E+00   0.0000000E+00   0.0000000E+00   0.0000000E+00   0.0000000E+00   0.0000000E+00   0.0000000E+00   0.0000000E+00   0.0000000E+00   0.0000000E+00   0.0000000E+00   0.0000000E+00   0.0000000E+00   0.0000000E+00   0.0000000E+00   0.0000000E+00   0.0000000E+00   0.0000000E+00   0.0000000E+00   0.0000000E+00   0.0000000E+00  -8.2718061E-25   0.0000000E+00   0.0000000E+00   0.0000000E+00   0.0000000E+00   0.0000000E+00   0.0000000E+00   0.0000000E+00   0.0000000E+00   0.0000000E+00   0.0000000E+00   0.0000000E+00
   0.0000000E+00   0.0000000E+00   0.0000000E+00   0.0000000E+00   8.5898704E-13   4.5098791E-10   1.8060176E-07   3.9320258E-07   5.3871133E-07   5.6841355E-07   5.5269567E-07   5.9398798E-07   6.1941256E-07   6.2416910E-07   6.0028060E-07   5.2743979E-07   4.1198649E-07   2.1361467E-07  -5.8916868E-08  -5.8254102E-07  -1.4016596E-06  -2.2715183E-06  -4.0277741E-06  -6.7021829E-06  -9.9681574E-06  -1.5083112E-05  -2.1786731E-05  -3.3262193E-05  -4.8464284E-05  -6.9498135E-05  -9.7817050E-05  -1.3596573E-04  -1.7326816E-04  -2.2135090E-04  -2.6265695E-04  -2.9151305E-04  -3.0075281E-04  -2.9239178E-04  -2.5497278E-04  -2.1621076E-04  -1.7572813E-04  -1.3801947E-04  -1.0806882E-04  -8.6854066E-05  -8.4034735E-05  -1.2913658E-04  -3.4103807E-05   0.0000000E+00   0.0000000E+00   0.0000000E+00   0.0000000E+00   0.0000000E+00   0.0000000E+00   0.0000000E+00   0.0000000E+00   0.0000000E+00   0.0000000E+00   0.0000000E+00   0.0000000E+00   0.0000000E+00   0.0000000E+00   0.0000000E+00   0.0000000E+00   0.0000000E+00   0.0000000E+00   0.0000000E+00   0.0000000E+00   0.0000000E+00   0.0000000E+00   0.0000000E+00   0.0000000E+00   0.0000000E+00   0.0000000E+00   0.0000000E+00   0.0000000E+00   0.0000000E+00   0.0000000E+00   0.0000000E+00   0.0000000E+00   0.0000000E+00   0.0000000E+00   0.0000000E+00   0.0000000E+00   0.0000000E+00   0.0000000E+00   0.0000000E+00   0.0000000E+00   0.0000000E+00   0.0000000E+00   0.0000000E+00   0.0000000E+00   0.0000000E+00   0.0000000E+00   0.0000000E+00   0.0000000E+00   0.0000000E+00   0.0000000E+00   0.0000000E+00   0.0000000E+00   0.0000000E+00
   0.0000000E+00   0.0000000E+00   0.0000000E+00   0.0000000E+00   8.6152168E-13   4.5198364E-10   1.8089072E-07   3.9406214E-07   5.3923674E-07   5.6846471E-07   5.5251945E-07   5.9290852E-07   6.1661632E-07   6.1825034E-07   5.8878481E-07   5.0530264E-07   3.7421790E-07   1.4894313E-07  -1.6340968E-07  -7.6500976E-07  -1.7155305E-06  -2.7512099E-06  -4.8400334E-06  -8.0639502E-06  -1.2099236E-05  -1.8474540E-05  -2.6981861E-05  -4.1468513E-05  -6.0792645E-05  -8.7320921E-05  -1.2219112E-04  -1.6647592E-04  -2.0737505E-04  -2.5178122E-04  -2.8038907E-04  -2.8781098E-04  -2.7624963E-04  -2.3612774E-04  -1.9561048E-04  -1.5595584E-04  -1.2044302E-04  -9.1358896E-05  -7.2762617E-05  -7.5146527E-05  -1.0713973E-04  -2.6444582E-06   0.0000000E+00   0.0000000E+00   0.0000000E+00   0.0000000E+00   0.0000000E+00   0.0000000E+00   0.0000000E+00   0.0000000E+00   0.0000000E+00   0.0000000E+00   0.0000000E+00   0.0000000E+00   0.0000000E+00   0.0000000E+00   0.0000000E+00   0.0000000E+00   0.0000000E+00   0.0000000E+00   0.0000000E+00   0.0000000E+00   0.0000000E+00   0.0000000E+00   0.0000000E+00   0.0000000E+00   0.0000000E+00   0.0000000E+00   0.0000000E+00   0.0000000E+00   0.0000000E+00   0.0000000E+00   0.0000000E+00   0.0000000E+00   0.0000000E+00   0.0000000E+00   0.0000000E+00   0.0000000E+00   0.0000000E+00   0.0000000E+00   0.0000000E+00   0.0000000E+00   0.0000000E+00   0.0000000E+00   0.0000000E+00   0.0000000E+00   0.0000000E+00   0.0000000E+00   0.0000000E+00   0.0000000E+00   0.0000000E+00   0.0000000E+00   0.0000000E+00   0.0000000E+00   0.0000000E+00   0.0000000E+00
   0.0000000E+00   0.0000000E+00   0.0000000E+00   0.0000000E+00   8.6398027E-13   4.5297013E-10   1.8118193E-07   3.9492133E-07   5.3975623E-07   5.6849922E-07   5.5229680E-07   5.9171919E-07   6.1357508E-07   6.1180992E-07   5.7620952E-07   4.8090334E-07   3.3219354E-07   7.6197495E-08  -2.8242880E-07  -9.7536122E-07  -2.0821735E-06  -3.3207741E-06  -5.8177675E-06  -9.7265374E-06  -1.4743089E-05  -2.2736203E-05  -3.3583015E-05  -5.1902767E-05  -7.6354343E-05  -1.0928806E-04  -1.5071913E-04  -1.9853358E-04  -2.3797313E-04  -2.6922827E-04  -2.7625178E-04  -2.6270098E-04  -2.2126100E-04  -1.7946889E-04  -1.4003996E-04  -1.0656079E-04  -7.9871614E-05  -6.2404542E-05  -6.9952337E-05  -8.5008993E-05   0.0000000E+00   0.0000000E+00   0.0000000E+00   0.0000000E+00   0.0000000E+00   0.0000000E+00   0.0000000E+00   0.0000000E+00   0.0000000E+00   0.0000000E+00   0.0000000E+00   0.0000000E+00   0.0000000E+00   0.0000000E+00   0.0000000E+00   0.0000000E+00   0.0000000E+00   0.0000000E+00   0.0000000E+00   0.0000000E+00   0.0000000E+00   0.0000000E+00   0.0000000E+00   0.0000000E+00   0.0000000E+00   0.0000000E+00   0.0000000E+00   0.0000000E+00   0.0000000E+00   0.0000000E+00   0.0000000E+00   0.0000000E+00   0.0000000E+00   0.0000000E+00   0.0000000E+00   0.0000000E+00   0.0000000E+00   0.0000000E+00   0.0000000E+00   0.0000000E+00   0.0000000E+00   0.0000000E+00   0.0000000E+00   0.0000000E+00   0.0000000E+00   0.0000000E+00   0.0000000E+00   0.0000000E+00   0.0000000E+00   0.0000000E+00   0.0000000E+00   0.0000000E+00   0.0000000E+00   0.0000000E+00   0.0000000E+00   0.0000000E+00
   0.0000000E+00   0.0000000E+00   0.0000000E+00   0.0000000E+00   1.9320177E-12   4.5287701E-10   1.8147534E-07   3.9578009E-07   5.4026941E-07   5.6851582E-07   5.5202418E-07   5.9041042E-07   6.1026572E-07   6.0479300E-07   5.6242868E-07   4.5395029E-07   2.8529888E-07  -5.9178649E-09  -4.1856882E-07  -1.2190543E-06  -2.5129161E-06  -4.0016002E-06  -7.0035621E-06  -1.1772851E-05  -1.8050341E-05  -2.8130724E-05  -4.2012602E-05  -6.5155858E-05  -9.5758012E-05  -1.3548831E-04  -1.8182806E-04  -2.2746564E-04  -2.5748310E-04  -2.6615825E-04  -2.5197002E-04  -2.0980724E-04  -1.6742545E-04  -1.2801023E-04  -9.5631622E-05  -7.0997412E-05  -5.5859735E-05  -6.7680747E-05  -6.5827473E-05   0.0000000E+00   0.0000000E+00   0.0000000E+00   0.0000000E+00   0.0000000E+00   0.0000000E+00   0.0000000E+00   0.0000000E+00   0.0000000E+00   0.0000000E+00   0.0000000E+00   0.0000000E+00   0.0000000E+00   0.0000000E+00   0.0000000E+00   0.0000000E+00   0.0000000E+00   0.0000000E+00   0.0000000E+00   0.0000000E+00   0.0000000E+00   0.0000000E+00   0.0000000E+00   0.0000000E+00   0.0000000E+00   0.0000000E+00   0.0000000E+00   0.0000000E+00   0.0000000E+00   0.0000000E+00   0.0000000E+00   0.0000000E+00   0.0000000E+00   0.0000000E+00   0.0000000E+00   0.0000000E+00   0.0000000E+00   0.0000000E+00   0.0000000E+00   0.0000000E+00   0.0000000E+00   0.0000000E+00   0.0000000E+00   0.0000000E+00   0.0000000E+00   0.0000000E+00   0.0000000E+00   0.0000000E+00   0.0000000E+00   0.0000000E+00   0.0000000E+00   0.0000000E+00   0.0000000E+00   0.0000000E+00   0.0000000E+00   0.0000000E+00   0.0000000E+00
   0.0000000E+00   0.0000000E+00   0.0000000E+00   0.0000000E+00   9.6492324E-13   4.5483878E-10   1.8177091E-07   3.9663828E-07   5.4077589E-07   5.6851314E-07   5.5169750E-07   5.8897189E-07   6.0666213E-07   5.9713727E-07   5.4729747E-07   4.2410318E-07   2.3280535E-07  -9.8965003E-08  -5.7501592E-07  -1.5029107E-06  -3.0221720E-06  -4.8215043E-06  -8.4537342E-06  -1.4313807E-05  -2.2223692E-05  -3.5006658E-05  -5.2808486E-05  -8.1876737E-05  -1.1936304E-04  -1.6497061E-04  -2.1175391E-04  -2.4629119E-04  -2.5831180E-04  -2.4394914E-04  -2.0166121E-04  -1.5873008E-04  -1.1936192E-04  -8.7513909E-05  -6.4081614E-05  -5.1209019E-05  -6.8987087E-05  -4.7918460E-05   0.0000000E+00   0.0000000E+00   0.0000000E+00   0.0000000E+00   0.0000000E+00   0.0000000E+00   0.0000000E+00   0.0000000E+00   0.0000000E+00   0.0000000E+00   0.0000000E+00   0.0000000E+00   0.0000000E+00   0.0000000E+00   0.0000000E+00   0.0000000E+00   0.0000000E+00   0.0000000E+00   0.0000000E+00   0.0000000E+00   0.0000000E+00   0.0000000E+00   0.0000000E+00   0.0000000E+00   0.0000000E+00   0.0000000E+00   0.0000000E+00   0.0000000E+00   0.0000000E+00   0.0000000E+00   0.0000000E+00   0.0000000E+00   0.0000000E+00   0.0000000E+00   0.0000000E+00   0.0000000E+00   0.0000000E+00   0.0000000E+00   0.0000000E+00   0.0000000E+00   0.0000000E+00   0.0000000E+00   0.0000000E+00   0.0000000E+00   0.0000000E+00   0.0000000E+00   0.0000000E+00   0.0000000E+00   0.0000000E+00   0.0000000E+00   0.0000000E+00   0.0000000E+00   0.0000000E+00   0.0000000E+00   0.0000000E+00   0.0000000E+00   0.0000000E+00   0.0000000E+00
   0.0000000E+00   0.0000000E+00   0.0000000E+00   0.0000000E+00   9.6756479E-13   4.5582352E-10   1.8206862E-07   3.9749585E-07   5.4127531E-07   5.6848972E-07   5.5131244E-07   5.8739187E-07   6.0273499E-07   5.8877163E-07   5.3064809E-07   3.9096264E-07   1.7384328E-07  -2.0484163E-07  -7.5571825E-07  -1.8355436E-06  -3.6285007E-06  -5.8171440E-06  -1.0243799E-05  -1.7499573E-05  -2.7537541E-05  -4.3821892E-05  -6.6621724E-05  -1.0262976E-04  -1.4680368E-04  -1.9490563E-04  -2.3420826E-04  -2.4784150E-04  -2.4068823E-04  -1.9660665E-04  -1.5310882E-04  -1.1341196E-04  -8.1810329E-05  -5.9003018E-05  -4.7991427E-05  -7.2613657E-05  -3.3425535E-05   0.0000000E+00   0.0000000E+00   0.0000000E+00   0.0000000E+00   0.0000000E+00   0.0000000E+00   0.0000000E+00   0.0000000E+00   0.0000000E+00   0.0000000E+00   0.0000000E+00   0.0000000E+00   0.0000000E+00   0.0000000E+00   0.0000000E+00   0.0000000E+00   0.0000000E+00   0.0000000E+00   0.0000000E+00   0.0000000E+00   0.0000000E+00   0.0000000E+00   0.0000000E+00   0.0000000E+00   0.0000000E+00   0.0000000E+00   0.0000000E+00   0.0000000E+00   0.0000000E+00   0.0000000E+00   0.0000000E+00   0.0000000E+00   0.0000000E+00   0.0000000E+00   0.0000000E+00   0.0000000E+00   0.0000000E+00   0.0000000E+00   0.0000000E+00   0.0000000E+00   0.0000000E+00   0.0000000E+00   0.0000000E+00   0.0000000E+00   0.0000000E+00   0.0000000E+00   0.0000000E+00   0.0000000E+00   0.0000000E+00   0.0000000E+00   0.0000000E+00   0.0000000E+00   0.0000000E+00   0.0000000E+00   0.0000000E+00   0.0000000E+00   0.0000000E+00   0.0000000E+00   0.0000000E+00
   0.0000000E+00   0.0000000E+00   0.0000000E+00   0.0000000E+00   9.7020287E-13   4.5681198E-10   1.8236842E-07   3.9835271E-07   5.4176712E-07   5.6844391E-07   5.5086406E-07   5.8565723E-07   5.9845098E-07   5.7961455E-07   5.1228568E-07   3.5405736E-07   1.0736741E-07  -3.2587272E-07  -9.6561712E-07  -2.2279564E-06  -4.3561217E-06  -7.0375668E-06  -1.2476570E-05  -2.1535856E-05  -3.4363886E-05  -5.5161712E-05  -8.4155858E-05  -1.2755484E-04  -1.7621780E-04  -2.1995087E-04  -2.4173922E-04  -2.2890762E-04  -2.0102355E-04  -1.5011471E-04  -1.0987899E-04  -7.8024517E-05  -5.5529443E-05  -4.6179106E-05  -7.8264129E-05  -1.9700494E-05   0.0000000E+00   0.0000000E+00   0.0000000E+00   0.0000000E+00   0.0000000E+00   0.0000000E+00   0.0000000E+00   0.0000000E+00   0.0000000E+00   0.0000000E+00   0.0000000E+00   0.0000000E+00   0.0000000E+00   0.0000000E+00   0.0000000E+00   0.0000000E+00   0.0000000E+00   0.0000000E+00   0.0000000E+00   0.0000000E+00   0.0000000E+00   0.0000000E+00   0.0000000E+00   0.0000000E+00   0.0000000E+00   0.0000000E+00   0.0000000E+00   0.0000000E+00   0.0000000E+00   0.0000000E+00   0.0000000E+00   0.0000000E+00   0.0000000E+00   0.0000000E+00   0.0000000E+00   0.0000000E+00   0.0000000E+00   0.0000000E+00   0.0000000E+00   0.0000000E+00   0.0000000E+00   0.0000000E+00   0.0000000E+00   0.0000000E+00   0.0000000E+00   0.0000000E+00   0.0000000E+00   0.0000000E+00   0.0000000E+00   0.0000000E+00   0.0000000E+00   0.0000000E+00   0.0000000E+00   0.0000000E+00   0.0000000E+00   0.0000000E+00   0.0000000E+00   0.0000000E+00   0.0000000E+00   0.0000000E+00
   0.0000000E+00   0.0000000E+00   0.0000000E+00   0.0000000E+00   9.7284420E-13   4.5780515E-10   1.8267031E-07   3.9920872E-07   5.4225092E-07   5.6837382E-07   5.5034695E-07   5.8375326E-07   5.9369557E-07   5.6964996E-07   4.9198241E-07   3.1282741E-07   3.2111505E-08  -4.6493355E-07  -1.2109667E-06  -2.6943940E-06  -5.2371229E-06  -8.5495185E-06  -1.5294347E-05  -2.6707286E-05  -4.3203061E-05  -6.9728638E-05  -1.0596751E-04  -1.5572303E-04  -2.0340922E-04  -2.3290730E-04  -2.3247118E-04  -1.9040810E-04  -1.5535561E-04  -1.0838555E-04  -7.5943986E-05  -5.3354561E-05  -4.5712048E-05  -7.7054741E-05  -5.6980380E-06   0.0000000E+00   0.0000000E+00   0.0000000E+00   0.0000000E+00   0.0000000E+00   0.0000000E+00   0.0000000E+00   0.0000000E+00   0.0000000E+00   0.0000000E+00   0.0000000E+00   0.0000000E+00   0.0000000E+00   0.0000000E+00   0.0000000E+00   0.0000000E+00   0.0000000E+00   0.0000000E+00   0.0000000E+00   0.0000000E+00   0.0000000E+00   0.0000000E+00   0.0000000E+00   0.0000000E+00   0.0000000E+00   0.0000000E+00   0.0000000E+00   0.0000000E+00   0.0000000E+00   0.0000000E+00   0.0000000E+00   0.0000000E+00   0.0000000E+00   0.0000000E+00   0.0000000E+00   0.0000000E+00   0.0000000E+00   0.0000000E+00   0.0000000E+00   0.0000000E+00   0.0000000E+00   0.0000000E+00   0.0000000E+00   0.0000000E+00   0.0000000E+00   0.0000000E+00   0.0000000E+00   0.0000000E+00   0.0000000E+00   0.0000000E+00   0.0000000E+00   0.0000000E+00   0.0000000E+00   0.0000000E+00   0.0000000E+00   0.0000000E+00   0.0000000E+00   0.0000000E+00   0.0000000E+00   0.0000000E+00   0.0000000E+00
   0.0000000E+00   0.0000000E+00   0.0000000E+00   0.0000000E+00   9.7549334E-13   4.5880383E-10   1.8297423E-07   4.0006375E-07   5.4272607E-07   5.6827747E-07   5.4975504E-07   5.8166250E-07   5.8830665E-07   5.5889296E-07   4.6947056E-07   2.6660294E-07  -5.3471705E-08  -6.2561770E-07  -1.4997855E-06  -3.2535781E-06  -6.3147695E-06  -1.0445582E-05  -1.8897477E-05  -3.3409928E-05  -5.4709941E-05  -8.8248387E-05  -1.3200106E-04  -1.8422981E-04  -2.2181186E-04  -2.3073739E-04  -1.9745031E-04  -1.4919505E-04  -1.1306135E-04  -7.5244337E-05  -5.2349653E-05  -4.6501187E-05  -7.1403651E-05   0.0000000E+00   0.0000000E+00   0.0000000E+00   0.0000000E+00   0.0000000E+00   0.0000000E+00   0.0000000E+00   0.0000000E+00   0.0000000E+00   0.0000000E+00   0.0000000E+00   0.0000000E+00   0.0000000E+00   0.0000000E+00   0.0000000E+00   0.0000000E+00   0.0000000E+00   0.0000000E+00   0.0000000E+00   0.0000000E+00   0.0000000E+00   0.0000000E+00   0.0000000E+00   0.0000000E+00   0.0000000E+00   0.0000000E+00   0.0000000E+00   0.0000000E+00   0.0000000E+00   0.0000000E+00   0.0000000E+00   0.0000000E+00   0.0000000E+00   0.0000000E+00   0.0000000E+00   0.0000000E+00   0.0000000E+00   0.0000000E+00   0.0000000E+00   0.0000000E+00   0.0000000E+00   0.0000000E+00   0.0000000E+00   0.0000000E+00   0.0000000E+00   0.0000000E+00   0.0000000E+00   0.0000000E+00   0.0000000E+00   0.0000000E+00   0.0000000E+00   0.0000000E+00   0.0000000E+00   0.0000000E+00   0.0000000E+00   0.0000000E+00   0.0000000E+00   0.0000000E+00   0.0000000E+00   0.0000000E+00   0.0000000E+00   0.0000000E+00   0.0000000E+00
   0.0000000E+00   0.0000000E+00   0.0000000E+00   0.0000000E+00   9.7815365E-13   4.5980850E-10   1.8328019E-07   4.0091774E-07   5.4319202E-07   5.6815264E-07   5.4908162E-07   5.7936552E-07   5.8240119E-07   5.4705447E-07   4.4443331E-07   2.1457606E-07  -1.5129149E-07  -8.1247032E-07  -1.8425043E-06  -3.9305519E-06  -7.6485776E-06  -1.2856949E-05  -2.3572677E-05  -4.2192332E-05  -6.9684997E-05  -1.1118275E-04  -1.6075870E-04  -2.0758728E-04  -2.2749833E-04  -2.0189612E-04  -1.5755740E-04  -1.0985453E-04  -7.8946301E-05  -5.0694107E-05  -4.8545819E-05  -6.6654269E-05   0.0000000E+00   0.0000000E+00   0.0000000E+00   0.0000000E+00   0.0000000E+00   0.0000000E+00   0.0000000E+00   0.0000000E+00   0.0000000E+00   0.0000000E+00   0.0000000E+00   0.0000000E+00   0.0000000E+00   0.0000000E+00   0.0000000E+00   0.0000000E+00   0.0000000E+00   0.0000000E+00   0.0000000E+00   0.0000000E+00   0.0000000E+00   0.0000000E+00   0.0000000E+00   0.0000000E+00   0.0000000E+00   0.0000000E+00   0.0000000E+00   0.0000000E+00   0.0000000E+00   0.0000000E+00   0.0000000E+00   0.0000000E+00   0.0000000E+00   0.0000000E+00   0.0000000E+00   0.0000000E+00   0.0000000E+00   0.0000000E+00   0.0000000E+00   0.0000000E+00   0.0000000E+00   0.0000000E+00   0.0000000E+00   0.0000000E+00   0.0000000E+00   0.0000000E+00   0.0000000E+00   0.0000000E+00   0.0000000E+00   0.0000000E+00   0.0000000E+00   0.0000000E+00   0.0000000E+00   0.0000000E+00   0.0000000E+00   0.0000000E+00   0.0000000E+00   0.0000000E+00   0.0000000E+00   0.0000000E+00   0.0000000E+00   0.0000000E+00   0.0000000E+00   0.0000000E+00
   0.0000000E+00   0.0000000E+00   0.0000000E+00   0.0000000E+00   9.8082794E-13   4.6081952E-10   1.8358818E-07   4.0177054E-07   5.4364813E-07   5.6799689E-07   5.4831912E-07   5.7684093E-07   5.7591961E-07   5.3398452E-07   4.1649318E-07   1.5576386E-07  -2.6372987E-07  -1.0313197E-06  -2.2529248E-06  -4.7595063E-06  -9.3223425E-06  -1.5973834E-05  -2.9735356E-05  -5.3794367E-05  -8.8952846E-05  -1.3810024E-04  -1.8830436E-04  -2.1854228E-04  -2.0957999E-04  -1.6540143E-04  -1.1751202E-04  -7.7283927E-05  -5.3278287E-05  -3.1777421E-05  -6.2603620E-05   0.0000000E+00   0.0000000E+00   0.0000000E+00   0.0000000E+00   0.0000000E+00   0.0000000E+00   0.0000000E+00   0.0000000E+00   0.0000000E+00   0.0000000E+00   0.0000000E+00   0.0000000E+00   0.0000000E+00   0.0000000E+00   0.0000000E+00   0.0000000E+00   0.0000000E+00   0.0000000E+00   0.0000000E+00   0.0000000E+00   0.0000000E+00   0.0000000E+00   0.0000000E+00   0.0000000E+00   0.0000000E+00   0.0000000E+00   0.0000000E+00   0.0000000E+00   0.0000000E+00   0.0000000E+00   0.0000000E+00   0.0000000E+00   0.0000000E+00   0.0000000E+00   0.0000000E+00   0.0000000E+00   0.0000000E+00   0.0000000E+00   0.0000000E+00   0.0000000E+00   0.0000000E+00   0.0000000E+00   0.0000000E+00   0.0000000E+00   0.0000000E+00   0.0000000E+00   0.0000000E+00   0.0000000E+00   0.0000000E+00   0.0000000E+00   0.0000000E+00   0.0000000E+00   0.0000000E+00   0.0000000E+00   0.0000000E+00   0.0000000E+00   0.0000000E+00   0.0000000E+00   0.0000000E+00   0.0000000E+00   0.0000000E+00   0.0000000E+00   0.0000000E+00   0.0000000E+00   0.0000000E+00
   0.0000000E+00   0.0000000E+00   0.0000000E+00   0.0000000E+00   9.8351774E-13   4.6183724E-10   1.8389817E-07   4.0262196E-07   5.4409355E-07   5.6780749E-07   5.4745902E-07   5.7406447E-07   5.6879304E-07   5.1951304E-07   3.8519673E-07   8.8958487E-08  -3.9379626E-07  -1.2897588E-06  -2.7496778E-06  -5.7882626E-06  -1.1457211E-05  -2.0078438E-05  -3.7988368E-05  -6.9142952E-05  -1.1297860E-04  -1.6666789E-04  -2.0803879E-04  -2.1401596E-04  -1.7411380E-04  -1.2588076E-04  -8.3238563E-05  -5.2476931E-05  -3.3737979E-05  -1.4529531E-05   0.0000000E+00   0.0000000E+00   0.0000000E+00   0.0000000E+00   0.0000000E+00   0.0000000E+00   0.0000000E+00   0.0000000E+00   0.0000000E+00   0.0000000E+00   0.0000000E+00   0.0000000E+00   0.0000000E+00   0.0000000E+00   0.0000000E+00   0.0000000E+00   0.0000000E+00   0.0000000E+00   0.0000000E+00   0.0000000E+00   0.0000000E+00   0.0000000E+00   0.0000000E+00   0.0000000E+00   0.0000000E+00   0.0000000E+00   0.0000000E+00   0.0000000E+00   0.0000000E+00   0.0000000E+00   0.0000000E+00   0.0000000E+00   0.0000000E+00   0.0000000E+00   0.0000000E+00   0.0000000E+00   0.0000000E+00   0.0000000E+00   0.0000000E+00   0.0000000E+00   0.0000000E+00   0.0000000E+00   0.0000000E+00   0.0000000E+00   0.0000000E+00   0.0000000E+00   0.0000000E+00   0.0000000E+00   0.0000000E+00   0.0000000E+00   0.0000000E+00   0.0000000E+00   0.0000000E+00   0.0000000E+00   0.0000000E+00   0.0000000E+00   0.0000000E+00   0.0000000E+00   0.0000000E+00   0.0000000E+00   0.0000000E+00   0.0000000E+00   0.0000000E+00   0.0000000E+00   0.0000000E+00   0.0000000E+00
   0.0000000E+00   0.0000000E+00   0.0000000E+00   0.0000000E+00   9.8622477E-13   4.6286180E-10   1.8421012E-07   4.0347186E-07   5.4452761E-07   5.6758142E-07   5.4649172E-07   5.7100840E-07   5.6094143E-07   5.0343840E-07   3.4999454E-07   1.2658766E-08  -5.4534860E-07  -1.5978665E-06  -3.3585152E-06  -7.0856413E-06  -1.4233516E-05  -2.5597452E-05  -4.9187718E-05  -8.9197965E-05  -1.4104164E-04  -1.9175612E-04  -2.1525574E-04  -1.8525655E-04  -1.3595367E-04  -9.0341739E-05  -5.6749821E-05  -3.4300800E-05  -2.0039577E-05  -6.4143051E-06   0.0000000E+00   0.0000000E+00   0.0000000E+00   0.0000000E+00   0.0000000E+00   0.0000000E+00   0.0000000E+00   0.0000000E+00   0.0000000E+00   0.0000000E+00   0.0000000E+00   0.0000000E+00   0.0000000E+00   0.0000000E+00   0.0000000E+00   0.0000000E+00   0.0000000E+00   0.0000000E+00   0.0000000E+00   0.0000000E+00   0.0000000E+00   0.0000000E+00   0.0000000E+00   0.0000000E+00   0.0000000E+00   0.0000000E+00   0.0000000E+00   0.0000000E+00   0.0000000E+00   0.0000000E+00   0.0000000E+00   0.0000000E+00   0.0000000E+00   0.0000000E+00   0.0000000E+00   0.0000000E+00   0.0000000E+00   0.0000000E+00   0.0000000E+00   0.0000000E+00   0.0000000E+00   0.0000000E+00   0.0000000E+00   0.0000000E+00   0.0000000E+00   0.0000000E+00   0.0000000E+00   0.0000000E+00   0.0000000E+00   0.0000000E+00   0.0000000E+00   0.0000000E+00   0.0000000E+00   0.0000000E+00   0.0000000E+00   0.0000000E+00   0.0000000E+00   0.0000000E+00   0.0000000E+00   0.0000000E+00   0.0000000E+00   0.0000000E+00   0.0000000E+00   0.0000000E+00   0.0000000E+00   0.0000000E+00
   0.0000000E+00   0.0000000E+00   0.0000000E+00   0.0000000E+00   9.8895002E-13   4.6389340E-10   1.8452404E-07   4.0432008E-07   5.4494939E-07   5.6731523E-07   5.4540635E-07   5.6764065E-07   5.5227122E-07   4.8551937E-07   3.1021401E-07  -7.5025525E-08  -7.2341794E-07  -1.9693239E-06  -4.1160656E-06  -8.7540348E-06  -1.7927796E-05  -3.3180655E-05  -6.4465945E-05  -1.1444592E-04  -1.7002069E-04  -2.0594511E-04  -1.9972076E-04  -1.4975923E-04  -9.9438548E-05  -6.2121253E-05  -3.7573955E-05  -2.1875483E-05  -1.1568201E-05  -2.0913301E-06   0.0000000E+00   0.0000000E+00   0.0000000E+00   0.0000000E+00   0.0000000E+00   0.0000000E+00   0.0000000E+00   0.0000000E+00   0.0000000E+00   0.0000000E+00   0.0000000E+00   0.0000000E+00   0.0000000E+00   0.0000000E+00   0.0000000E+00   0.0000000E+00   0.0000000E+00   0.0000000E+00   0.0000000E+00   0.0000000E+00   0.0000000E+00   0.0000000E+00   0.0000000E+00   0.0000000E+00   0.0000000E+00   0.0000000E+00   0.0000000E+00   0.0000000E+00   0.0000000E+00   0.0000000E+00   0.0000000E+00   0.0000000E+00   0.0000000E+00   0.0000000E+00   0.0000000E+00   0.0000000E+00   0.0000000E+00   0.0000000E+00   0.0000000E+00   0.0000000E+00   0.0000000E+00   0.0000000E+00   0.0000000E+00   0.0000000E+00   0.0000000E+00   0.0000000E+00   0.0000000E+00   0.0000000E+00   0.0000000E+00   0.0000000E+00   0.0000000E+00   0.0000000E+00   0.0000000E+00   0.0000000E+00   0.0000000E+00   0.0000000E+00   0.0000000E+00   0.0000000E+00   0.0000000E+00   0.0000000E+00   0.0000000E+00   0.0000000E+00   0.0000000E+00   0.0000000E+00   0.0000000E+00   0.0000000E+00
   0.0000000E+00   0.0000000E+00   0.0000000E+00   0.0000000E+00   9.9169436E-13   4.6493215E-10   1.8483992E-07   4.0516639E-07   5.4535786E-07   5.6700509E-07   5.4419058E-07   5.6392452E-07   5.4267218E-07   4.6546521E-07   2.6502244E-07  -1.7651111E-07  -9.3470049E-07  -2.4232145E-06  -5.0762542E-06  -1.0951608E-05  -2.2974917E-05  -4.3799122E-05  -8.5071217E-05  -1.4383117E-04  -1.9360923E-04  -2.0276514E-04  -1.6888368E-04  -1.1235089E-04  -6.9183836E-05  -4.1464751E-05  -2.4457944E-05  -1.3871209E-05  -6.3867051E-06   3.9877310E-07   0.0000000E+00   0.0000000E+00   0.0000000E+00   0.0000000E+00   0.0000000E+00   0.0000000E+00   0.0000000E+00   0.0000000E+00   0.0000000E+00   0.0000000E+00   0.0000000E+00   0.0000000E+00   0.0000000E+00   0.0000000E+00   0.0000000E+00   0.0000000E+00   0.0000000E+00   0.0000000E+00   0.0000000E+00   0.0000000E+00   0.0000000E+00   0.0000000E+00   0.0000000E+00   0.0000000E+00   0.0000000E+00   0.0000000E+00   0.0000000E+00   0.0000000E+00   0.0000000E+00   0.0000000E+00   0.0000000E+00   0.0000000E+00   0.0000000E+00   0.0000000E+00   0.0000000E+00   0.0000000E+00   0.0000000E+00   0.0000000E+00   0.0000000E+00   0.0000000E+00   0.0000000E+00   0.0000000E+00   0.0000000E+00   0.0000000E+00   0.0000000E+00   0.0000000E+00   0.0000000E+00   0.0000000E+00   0.0000000E+00   0.0000000E+00   0.0000000E+00   0.0000000E+00   0.0000000E+00   0.0000000E+00   0.0000000E+00   0.0000000E+00   0.0000000E+00   0.0000000E+00   0.0000000E+00   0.0000000E+00   0.0000000E+00   0.0000000E+00   0.0000000E+00   0.0000000E+00   0.0000000E+00   0.0000000E+00
   0.0000000E+00   0.0000000E+00   0.0000000E+00   0.0000000E+00   9.9445842E-13   4.6597814E-10   1.8515773E-07   4.0601063E-07   5.4575190E-07   5.6664680E-07   5.4283032E-07   5.5981701E-07   5.3201376E-07   4.4292165E-07   2.1337475E-07  -2.9494444E-07  -1.1883346E-06  -2.9870637E-06  -6.3218031E-06  -1.3932389E-05  -3.0066165E-05  -5.8806796E-05  -1.1174384E-04  -1.7331394E-04  -2.0366805E-04  -1.8120541E-04  -1.3107339E-04  -7.9430152E-05  -4.6507310E-05  -2.7197306E-05  -1.5881691E-05  -8.8377410E-06  -3.1198972E-06   1.8960858E-06   0.0000000E+00   0.0000000E+00   0.0000000E+00   0.0000000E+00   0.0000000E+00   0.0000000E+00   0.0000000E+00   0.0000000E+00   0.0000000E+00   0.0000000E+00   0.0000000E+00   0.0000000E+00   0.0000000E+00   0.0000000E+00   0.0000000E+00   0.0000000E+00   0.0000000E+00   0.0000000E+00   0.0000000E+00   0.0000000E+00   0.0000000E+00   0.0000000E+00   0.0000000E+00   0.0000000E+00   0.0000000E+00   0.0000000E+00   0.0000000E+00   0.0000000E+00   0.0000000E+00   0.0000000E+00   0.0000000E+00   0.0000000E+00   0.0000000E+00   0.0000000E+00   0.0000000E+00   0.0000000E+00   0.0000000E+00   0.0000000E+00   0.0000000E+00   0.0000000E+00   0.0000000E+00   0.0000000E+00   0.0000000E+00   0.0000000E+00   0.0000000E+00   0.0000000E+00   0.0000000E+00   0.0000000E+00   0.0000000E+00   0.0000000E+00   0.0000000E+00   0.0000000E+00   0.0000000E+00   0.0000000E+00   0.0000000E+00   0.0000000E+00   0.0000000E+00   0.0000000E+00   0.0000000E+00   0.0000000E+00   0.0000000E+00   0.0000000E+00   0.0000000E+00   0.0000000E+00   0.0000000E+00   0.0000000E+00
   0.0000000E+00   0.0000000E+00   0.0000000E+00   0.0000000E+00   9.9724287E-13   4.6703141E-10   1.8547746E-07   4.0685254E-07   5.4613037E-07   5.6623537E-07   5.4130936E-07   5.5526812E-07   5.2013968E-07   4.1745218E-07   1.5393880E-07  -4.3451365E-07  -1.4971847E-06  -3.7022560E-06  -7.9857164E-06  -1.8118433E-05  -4.0280058E-05  -7.9785983E-05  -1.4334616E-04  -1.9528651E-04  -1.9451141E-04  -1.4717146E-04  -9.4811730E-05  -5.3847991E-05  -3.0615880E-05  -1.7750212E-05  -1.0418234E-05  -5.6571243E-06  -9.7073007E-07   2.8101135E-06   0.0000000E+00   0.0000000E+00   0.0000000E+00   0.0000000E+00   0.0000000E+00   0.0000000E+00   0.0000000E+00   0.0000000E+00   0.0000000E+00   0.0000000E+00   0.0000000E+00   0.0000000E+00   0.0000000E+00   0.0000000E+00   0.0000000E+00   0.0000000E+00   0.0000000E+00   0.0000000E+00   0.0000000E+00   0.0000000E+00   0.0000000E+00   0.0000000E+00   0.0000000E+00   0.0000000E+00   0.0000000E+00   0.0000000E+00   0.0000000E+00   0.0000000E+00   0.0000000E+00   0.0000000E+00   0.0000000E+00   0.0000000E+00   0.0000000E+00   0.0000000E+00   0.0000000E+00   0.0000000E+00   0.0000000E+00   0.0000000E+00   0.0000000E+00   0.0000000E+00   0.0000000E+00   0.0000000E+00   0.0000000E+00   0.0000000E+00   0.0000000E+00   0.0000000E+00   0.0000000E+00   0.0000000E+00   0.0000000E+00   0.0000000E+00   0.0000000E+00   0.0000000E+00   0.0000000E+00   0.0000000E+00   0.0000000E+00   0.0000000E+00   0.0000000E+00   0.0000000E+00   0.0000000E+00   0.0000000E+00   0.0000000E+00   0.0000000E+00   0.0000000E+00   0.0000000E+00   0.0000000E+00   0.0000000E+00
   0.0000000E+00   0.0000000E+00   0.0000000E+00   0.0000000E+00   1.0000481E-12   4.6809207E-10   1.8579911E-07   4.0769186E-07   5.4649178E-07   5.6576533E-07   5.3960906E-07   5.5021883E-07   5.0686134E-07   3.8851172E-07   8.4983654E-08  -6.0094965E-07  -1.8800901E-06  -4.6342275E-06  -1.0292573E-05  -2.4223476E-05  -5.5180783E-05  -1.0781128E-04  -1.7503092E-04  -2.0089796E-04  -1.6744393E-04  -1.0994777E-04  -6.5105582E-05  -3.5543570E-05  -1.9978996E-05  -1.1661969E-05  -6.9609537E-06  -3.6011124E-06   5.0573243E-07   3.3611570E-06   0.0000000E+00   0.0000000E+00   0.0000000E+00   0.0000000E+00   0.0000000E+00   0.0000000E+00   0.0000000E+00   0.0000000E+00   0.0000000E+00   0.0000000E+00   0.0000000E+00   0.0000000E+00   0.0000000E+00   0.0000000E+00   0.0000000E+00   0.0000000E+00   0.0000000E+00   0.0000000E+00   0.0000000E+00   0.0000000E+00   0.0000000E+00   0.0000000E+00   0.0000000E+00   0.0000000E+00   0.0000000E+00   0.0000000E+00   0.0000000E+00   0.0000000E+00   0.0000000E+00   0.0000000E+00   0.0000000E+00   0.0000000E+00   0.0000000E+00   0.0000000E+00   0.0000000E+00   0.0000000E+00   0.0000000E+00   0.0000000E+00   0.0000000E+00   0.0000000E+00   0.0000000E+00   0.0000000E+00   0.0000000E+00   0.0000000E+00   0.0000000E+00   0.0000000E+00   0.0000000E+00   0.0000000E+00   0.0000000E+00   0.0000000E+00   0.0000000E+00   0.0000000E+00   0.0000000E+00   0.0000000E+00   0.0000000E+00   0.0000000E+00   0.0000000E+00   0.0000000E+00   0.0000000E+00   0.0000000E+00   0.0000000E+00   0.0000000E+00   0.0000000E+00   0.0000000E+00   0.0000000E+00   0.0000000E+00
   0.0000000E+00   0.0000000E+00   0.0000000E+00   0.0000000E+00   1.0028744E-12   4.6916010E-10   1.8612263E-07   4.0852828E-07   5.4683466E-07   5.6523049E-07   5.3770771E-07   5.4459917E-07   4.9194836E-07   3.5540853E-07   4.2065040E-09  -8.0237703E-07  -2.3660562E-06  -5.8926294E-06  -1.3638090E-05  -3.3437442E-05  -7.6660494E-05  -1.4174369E-04  -1.9765149E-04  -1.8556627E-04  -1.3065145E-04  -7.6965647E-05  -4.3180902E-05  -2.3144990E-05  -1.3069241E-05  -7.7847890E-06  -4.7545923E-06  -2.2284644E-06   1.5614966E-06   3.6773283E-06   3.0994931E-06   0.0000000E+00   0.0000000E+00   0.0000000E+00   0.0000000E+00   0.0000000E+00   0.0000000E+00   0.0000000E+00   0.0000000E+00   0.0000000E+00   0.0000000E+00   0.0000000E+00   0.0000000E+00   0.0000000E+00   0.0000000E+00   0.0000000E+00   0.0000000E+00   0.0000000E+00   0.0000000E+00   0.0000000E+00   0.0000000E+00   0.0000000E+00   0.0000000E+00   0.0000000E+00   0.0000000E+00   0.0000000E+00   0.0000000E+00   0.0000000E+00   0.0000000E+00   0.0000000E+00   0.0000000E+00   0.0000000E+00   0.0000000E+00   0.0000000E+00   0.0000000E+00   0.0000000E+00   0.0000000E+00   0.0000000E+00   0.0000000E+00   0.0000000E+00   0.0000000E+00   0.0000000E+00   0.0000000E+00   0.0000000E+00   0.0000000E+00   0.0000000E+00   0.0000000E+00   0.0000000E+00   0.0000000E+00   0.0000000E+00   0.0000000E+00   0.0000000E+00   0.0000000E+00   0.0000000E+00   0.0000000E+00   0.0000000E+00   0.0000000E+00   0.0000000E+00   0.0000000E+00   0.0000000E+00   0.0000000E+00   0.0000000E+00   0.0000000E+00   0.0000000E+00   0.0000000E+00   0.0000000E+00
   0.0000000E+00   0.0000000E+00   0.0000000E+00   0.0000000E+00   1.0057222E-12   4.7023552E-10   1.8644805E-07   4.0936152E-07   5.4715724E-07   5.6462352E-07   5.3557994E-07   5.3832508E-07   4.7511548E-07   3.1724721E-07  -9.1550682E-08  -1.0508619E-06  -3.0026081E-06  -7.6725864E-06  -1.8735993E-05  -4.7612342E-05  -1.0605613E-04  -1.7592698E-04  -2.0111741E-04  -1.5326042E-04  -9.3914867E-05  -5.1480940E-05  -2.8074252E-05  -1.5041089E-05  -8.6515483E-06  -5.3123049E-06  -3.3204356E-06  -1.2777180E-06   2.3440884E-06   3.8368571E-06   3.1930774E-06   0.0000000E+00   0.0000000E+00   0.0000000E+00   0.0000000E+00   0.0000000E+00   0.0000000E+00   0.0000000E+00   0.0000000E+00   0.0000000E+00   0.0000000E+00   0.0000000E+00   0.0000000E+00   0.0000000E+00   0.0000000E+00   0.0000000E+00   0.0000000E+00   0.0000000E+00   0.0000000E+00   0.0000000E+00   0.0000000E+00   0.0000000E+00   0.0000000E+00   0.0000000E+00   0.0000000E+00   0.0000000E+00   0.0000000E+00   0.0000000E+00   0.0000000E+00   0.0000000E+00   0.0000000E+00   0.0000000E+00   0.0000000E+00   0.0000000E+00   0.0000000E+00   0.0000000E+00   0.0000000E+00   0.0000000E+00   0.0000000E+00   0.0000000E+00   0.0000000E+00   0.0000000E+00   0.0000000E+00   0.0000000E+00   0.0000000E+00   0.0000000E+00   0.0000000E+00   0.0000000E+00   0.0000000E+00   0.0000000E+00   0.0000000E+00   0.0000000E+00   0.0000000E+00   0.0000000E+00   0.0000000E+00   0.0000000E+00   0.0000000E+00   0.0000000E+00   0.0000000E+00   0.0000000E+00   0.0000000E+00   0.0000000E+00   0.0000000E+00   0.0000000E+00   0.0000000E+00   0.0000000E+00
   0.0000000E+00   0.0000000E+00   0.0000000E+00   0.0000000E+00   1.0085914E-12   4.7131837E-10   1.8677531E-07   4.1019123E-07   5.4745755E-07   5.6393617E-07   5.3319599E-07   5.3129497E-07   4.5600419E-07   2.7283943E-07  -2.0679698E-07  -1.3654497E-06  -3.8734443E-06  -1.0339559E-05  -2.6858184E-05  -6.9183792E-05  -1.4204433E-04  -1.9956140E-04  -1.8142635E-04  -1.1429919E-04  -6.3529507E-05  -3.3479624E-05  -1.8120494E-05  -9.8530800E-06  -5.8367787E-06  -3.7177031E-06  -2.3655707E-06  -5.9334650E-07   2.9426792E-06   3.8920161E-06   2.7495475E-06   0.0000000E+00   0.0000000E+00   0.0000000E+00   0.0000000E+00   0.0000000E+00   0.0000000E+00   0.0000000E+00   0.0000000E+00   0.0000000E+00   0.0000000E+00   0.0000000E+00   0.0000000E+00   0.0000000E+00   0.0000000E+00   0.0000000E+00   0.0000000E+00   0.0000000E+00   0.0000000E+00   0.0000000E+00   0.0000000E+00   0.0000000E+00   0.0000000E+00   0.0000000E+00   0.0000000E+00   0.0000000E+00   0.0000000E+00   0.0000000E+00   0.0000000E+00   0.0000000E+00   0.0000000E+00   0.0000000E+00   0.0000000E+00   0.0000000E+00   0.0000000E+00   0.0000000E+00   0.0000000E+00   0.0000000E+00   0.0000000E+00   0.0000000E+00   0.0000000E+00   0.0000000E+00   0.0000000E+00   0.0000000E+00   0.0000000E+00   0.0000000E+00   0.0000000E+00   0.0000000E+00   0.0000000E+00   0.0000000E+00   0.0000000E+00   0.0000000E+00   0.0000000E+00   0.0000000E+00   0.0000000E+00   0.0000000E+00   0.0000000E+00   0.0000000E+00   0.0000000E+00   0.0000000E+00   0.0000000E+00   0.0000000E+00   0.0000000E+00   0.0000000E+00   0.0000000E+00   0.0000000E+00
