   0.0000000E+00   0.0000000E+00   0.0000000E+00   0.0000000E+00   0.0000000E+00   0.0000000E+00   0.0000000E+00   0.0000000E+00   0.0000000E+00   0.0000000E+00   0.0000000E+00   0.0000000E+00   0.0000000E+00   0.0000000E+00   0.0000000E+00   0.0000000E+00   0.0000000E+00   0.0000000E+00   0.0000000E+00   0.0000000E+00   0.0000000E+00   0.0000000E+00   0.0000000E+00   0.0000000E+00   0.0000000E+00   0.0000000E+00   0.0000000E+00   0.0000000E+00   0.0000000E+00   0.0000000E+00   0.0000000E+00   0.0000000E+00   0.0000000E+00   0.0000000E+00   0.0000000E+00   0.0000000E+00   0.0000000E+00   0.0000000E+00   0.0000000E+00   0.0000000E+00   0.0000000E+00   0.0000000E+00   0.0000000E+00   0.0000000E+00   0.0000000E+00   0.0000000E+00   0.0000000E+00   0.0000000E+00   0.0000000E+00   0.0000000E+00   0.0000000E+00   0.0000000E+00   0.0000000E+00   0.0000000E+00   0.0000000E+00   0.0000000E+00   0.0000000E+00   0.0000000E+00   0.0000000E+00   0.0000000E+00   0.0000000E+00   0.0000000E+00   0.0000000E+00   0.0000000E+00   0.0000000E+00   0.0000000E+00   0.0000000E+00   0.0000000E+00   0.0000000E+00   0.0000000E+00   0.0000000E+00   0.0000000E+00   0.0000000E+00   0.0000000E+00   0.0000000E+00   0.0000000E+00   0.0000000E+00   0.0000000E+00   0.0000000E+00   0.0000000E+00   0.0000000E+00   0.0000000E+00   0.0000000E+00   0.0000000E+00   0.0000000E+00   0.0000000E+00   0.0000000E+00   0.0000000E+00   0.0000000E+00   0.0000000E+00   0.0000000E+00   0.0000000E+00   0.0000000E+00   0.0000000E+00   0.0000000E+00   0.0000000E+00   0.0000000E+00   0.0000000E+00   0.0000000E+00   0.0000000E+00
   0.0000000E+00   0.0000000E+00   0.0000000E+00   0.0000000E+00   0.0000000E+00   0.0000000E+00   0.0000000E+00   0.0000000E+00   0.0000000E+00   0.0000000E+00   0.0000000E+00   0.0000000E+00   0.0000000E+00   0.0000000E+00   0.0000000E+00   0.0000000E+00   0.0000000E+00   0.0000000E+00   0.0000000E+00   0.0000000E+00   0.0000000E+00   0.0000000E+00   0.0000000E+00   0.0000000E+00   0.0000000E+00   0.0000000E+00   0.0000000E+00   0.0000000E+00   0.0000000E+00   0.0000000E+00   0.0000000E+00   0.0000000E+00   0.0000000E+00   0.0000000E+00   0.0000000E+00   0.0000000E+00   0.0000000E+00   0.0000000E+00   0.0000000E+00   0.0000000E+00   0.0000000E+00   0.0000000E+00   0.0000000E+00   0.0000000E+00   0.0000000E+00   0.0000000E+00   0.0000000E+00   0.0000000E+00   0.0000000E+00   0.0000000E+00   0.0000000E+00   0.0000000E+00   0.0000000E+00   0.0000000E+00   0.0000000E+00   0.0000000E+00   0.0000000E+00   0.0000000E+00   0.0000000E+00   0.0000000E+00   0.0000000E+00   0.0000000E+00   0.0000000E+00   0.0000000E+00   0.0000000E+00   0.0000000E+00   0.0000000E+00   0.0000000E+00   0.0000000E+00   0.0000000E+00   0.0000000E+00   0.0000000E+00   0.0000000E+00   0.0000000E+00   0.0000000E+00   0.0000000E+00   0.0000000E+00   0.0000000E+00   0.0000000E+00   0.0000000E+00   0.0000000E+00   0.0000000E+00   0.0000000E+00   0.0000000E+00   0.0000000E+00   0.0000000E+00   0.0000000E+00   0.0000000E+00   0.0000000E+00   0.0000000E+00   0.0000000E+00   0.0000000E+00   0.0000000E+00   0.0000000E+00   0.0000000E+00   0.0000000E+00   0.0000000E+00   0.0000000E+00   0.0000000E+00   0.0000000E+00
   0.0000000E+00   0.0000000E+00   0.0000000E+00   0.0000000E+00   0.0000000E+00   0.0000000E+00   0.0000000E+00   0.0000000E+00   0.0000000E+00   0.0000000E+00   0.0000000E+00   0.0000000E+00   0.0000000E+00   0.0000000E+00   0.0000000E+00   0.0000000E+00   0.0000000E+00   0.0000000E+00   0.0000000E+00   0.0000000E+00   0.0000000E+00   0.0000000E+00   0.0000000E+00   0.0000000E+00   0.0000000E+00   0.0000000E+00   0.0000000E+00   0.0000000E+00   0.0000000E+00   0.0000000E+00   0.0000000E+00   0.0000000E+00   0.0000000E+00   0.0000000E+00   0.0000000E+00   0.0000000E+00   0.0000000E+00   0.0000000E+00   0.0000000E+00   0.0000000E+00   0.0000000E+00   0.0000000E+00   0.0000000E+00   0.0000000E+00   0.0000000E+00   0.0000000E+00   0.0000000E+00   0.0000000E+00   0.0000000E+00   0.0000000E+00   0.0000000E+00   0.0000000E+00   0.0000000E+00   0.0000000E+00   0.0000000E+00   0.0000000E+00   0.0000000E+00   0.0000000E+00   0.0000000E+00   0.0000000E+00   0.0000000E+00   0.0000000E+00   0.0000000E+00   0.0000000E+00   0.0000000E+00   0.0000000E+00   0.0000000E+00   0.0000000E+00   0.0000000E+00   0.0000000E+00   0.0000000E+00   0.0000000E+00   0.0000000E+00   0.0000000E+00   0.0000000E+00   0.0000000E+00   0.0000000E+00   0.0000000E+00   0.0000000E+00   0.0000000E+00   0.0000000E+00   0.0000000E+00   0.0000000E+00   0.0000000E+00   0.0000000E+00   0.0000000E+00   0.0000000E+00   0.0000000E+00   5.0238802E-12   6.9541906E-10   9.2406481E-08   1.0409109E-05   1.8358507E-05   2.9914363E-04   2.0701024E-03   2.8541514E-03   2.7092095E-03   2.5521559E-03   2.2492073E-03   2.2791426E-03
   0.0000000E+00   0.0000000E+00   0.0000000E+00   0.0000000E+00   0.0000000E+00   0.0000000E+00   0.0000000E+00   0.0000000E+00   0.0000000E+00   0.0000000E+00   0.0000000E+00   0.0000000E+00   0.0000000E+00   0.0000000E+00   0.0000000E+00   0.0000000E+00   0.0000000E+00   0.0000000E+00   0.0000000E+00   0.0000000E+00   0.0000000E+00   0.0000000E+00   0.0000000E+00   0.0000000E+00   0.0000000E+00   0.0000000E+00   0.0000000E+00   0.0000000E+00   0.0000000E+00   0.0000000E+00   0.0000000E+00   0.0000000E+00   0.0000000E+00   0.0000000E+00   0.0000000E+00   0.0000000E+00   0.0000000E+00   0.0000000E+00   0.0000000E+00   0.0000000E+00   0.0000000E+00   0.0000000E+00   0.0000000E+00   0.0000000E+00   0.0000000E+00   0.0000000E+00   0.0000000E+00   0.0000000E+00   0.0000000E+00   0.0000000E+00   0.0000000E+00   1.7330293E-11   2.1580557E-09   2.5882541E-09   3.1079570E-09   3.7367562E-09   4.4987738E-09   5.4237645E-09   6.5485120E-09   7.9185796E-09   9.5905301E-09   1.1634731E-08   1.4138926E-08   1.7212761E-08   2.0993586E-08   2.5653847E-08   3.1410583E-08   3.8537618E-08   4.7381274E-08   5.8380667E-08   7.2093997E-08   8.9232628E-08   1.1070551E-07   1.3767708E-07   1.7164291E-07   2.1452901E-07   2.6882213E-07   3.3774140E-07   4.2546463E-07   5.3742764E-07   6.8072052E-07   8.6461301E-07   1.1012526E-06   1.4065921E-06   1.8016240E-06   2.3140221E-06   2.9803264E-06   3.8488424E-06   4.9834939E-06   6.4695123E-06   8.4224284E-06   4.7938429E-06   2.2846496E-05   1.3030406E-04  -2.9806828E-04  -1.4761911E-03  -1.3908721E-03  -1.3083797E-03  -1.1933787E-03  -1.1209388E-03
   0.0000000E+00   0.0000000E+00   0.0000000E+00   0.0000000E+00   0.0000000E+00   0.0000000E+00   0.0000000E+00   0.0000000E+00   0.0000000E+00   0.0000000E+00   0.0000000E+00   0.0000000E+00   0.0000000E+00   0.0000000E+00   0.0000000E+00   0.0000000E+00   0.0000000E+00   0.0000000E+00   0.0000000E+00   0.0000000E+00   0.0000000E+00   0.0000000E+00   0.0000000E+00   0.0000000E+00   0.0000000E+00   0.0000000E+00   0.0000000E+00   0.0000000E+00   0.0000000E+00   0.0000000E+00   0.0000000E+00   0.0000000E+00   0.0000000E+00   0.0000000E+00   0.0000000E+00   0.0000000E+00   0.0000000E+00   0.0000000E+00   0.0000000E+00   0.0000000E+00   0.0000000E+00   0.0000000E+00   0.0000000E+00   0.0000000E+00   0.0000000E+00   0.0000000E+00   0.0000000E+00   0.0000000E+00   0.0000000E+00   0.0000000E+00   1.4391947E-11   1.8077070E-09   1.0576163E-09   1.2865232E-09   1.5641914E-09   1.9011321E-09   2.3104636E-09   2.6945515E-09   3.2647296E-09   3.9570760E-09   4.7986068E-09   5.8225824E-09   7.0700228E-09   8.5916207E-09   1.0450147E-08   1.2723494E-08   1.5508531E-08   1.8925995E-08   2.3126754E-08   2.8299755E-08   3.4682259E-08   4.2572974E-08   5.2348977E-08   6.4487622E-08   7.9594933E-08   9.8442534E-08   1.2201586E-07   1.5157730E-07   1.8874894E-07   2.3562177E-07   2.9489965E-07   3.7009002E-07   4.6575704E-07   5.8785844E-07   7.4419427E-07   9.4500689E-07   1.2037648E-06   1.5254099E-06   1.9347401E-06   2.4611484E-06   3.1900865E-06   4.2121874E-06   1.1988765E-05  -9.6431220E-05  -8.2194828E-04  -7.1351149E-04  -6.7895628E-04  -6.4197113E-04  -5.6216528E-04  -5.7476206E-04
   0.0000000E+00   0.0000000E+00   0.0000000E+00   0.0000000E+00   0.0000000E+00   0.0000000E+00   0.0000000E+00   0.0000000E+00   0.0000000E+00   0.0000000E+00   0.0000000E+00   0.0000000E+00   0.0000000E+00   0.0000000E+00   0.0000000E+00   0.0000000E+00   0.0000000E+00   0.0000000E+00   0.0000000E+00   0.0000000E+00   0.0000000E+00   0.0000000E+00   0.0000000E+00   0.0000000E+00   0.0000000E+00   0.0000000E+00   0.0000000E+00   0.0000000E+00   0.0000000E+00   0.0000000E+00   0.0000000E+00   0.0000000E+00   0.0000000E+00   0.0000000E+00   0.0000000E+00   0.0000000E+00   0.0000000E+00   0.0000000E+00   0.0000000E+00   0.0000000E+00   0.0000000E+00   0.0000000E+00   0.0000000E+00   0.0000000E+00   0.0000000E+00   0.0000000E+00   0.0000000E+00   0.0000000E+00   0.0000000E+00   0.0000000E+00   1.0112934E-11   8.7376051E-10   7.2516604E-10   8.8023849E-10   1.0673993E-09   1.2933711E-09   1.5683361E-09   1.9952970E-09   2.4227518E-09   2.9409735E-09   3.5697025E-09   4.3331574E-09   5.2611013E-09   6.3901755E-09   7.7655695E-09   9.4431023E-09   1.1491875E-08   1.3997544E-08   1.7066490E-08   2.0831065E-08   2.5456211E-08   3.1147831E-08   3.8163382E-08   4.6825331E-08   5.7538234E-08   7.0810444E-08   8.7281855E-08   1.0775927E-07   1.3326179E-07   1.6507906E-07   2.0484649E-07   2.5464254E-07   3.1711565E-07   3.9565040E-07   4.9458771E-07   6.1952039E-07   7.7783841E-07   9.9216504E-07   1.2734906E-06   1.6439382E-06   2.1879196E-06   2.4278258E-06  -5.4108091E-06  -1.1621157E-04  -4.5153481E-04  -3.4423592E-04  -3.3002018E-04  -3.1198346E-04  -2.6313990E-04  -2.9082652E-04
   0.0000000E+00   0.0000000E+00   0.0000000E+00   0.0000000E+00   0.0000000E+00   0.0000000E+00   0.0000000E+00   0.0000000E+00   0.0000000E+00   0.0000000E+00   0.0000000E+00   0.0000000E+00   0.0000000E+00   0.0000000E+00   0.0000000E+00   0.0000000E+00   0.0000000E+00   0.0000000E+00   0.0000000E+00   0.0000000E+00   0.0000000E+00   0.0000000E+00   0.0000000E+00   0.0000000E+00   0.0000000E+00   0.0000000E+00   0.0000000E+00   0.0000000E+00   0.0000000E+00   0.0000000E+00   0.0000000E+00   0.0000000E+00   0.0000000E+00   0.0000000E+00   0.0000000E+00   0.0000000E+00   0.0000000E+00   0.0000000E+00   0.0000000E+00   0.0000000E+00   0.0000000E+00   0.0000000E+00   0.0000000E+00   0.0000000E+00   0.0000000E+00   0.0000000E+00   0.0000000E+00   0.0000000E+00   0.0000000E+00   0.0000000E+00   1.2474472E-11   6.1951011E-10   6.1390631E-10   7.3771839E-10   8.8460900E-10   1.0596701E-09   1.2842830E-09   1.5216247E-09   1.8201033E-09   2.1651620E-09   2.0031343E-09   2.8792697E-09   3.4242411E-09   4.0849657E-09   4.8924722E-09   5.8874332E-09   7.1230120E-09   8.6685183E-09   1.0613912E-08   1.3075413E-08   1.6202414E-08   2.0186326E-08   2.5340910E-08   3.8354745E-08   4.0166082E-08   5.0744394E-08   6.4219179E-08   8.1351608E-08   1.0309235E-07   1.3062599E-07   1.6542670E-07   2.0932856E-07   2.6461535E-07   3.3413681E-07   4.2146286E-07   5.3109846E-07   6.6896615E-07   8.4557126E-07   1.0703970E-06   1.3610639E-06   1.8286760E-06   2.0342939E-06  -5.5058526E-06  -8.4119594E-05  -2.2836248E-04  -1.6587395E-04  -1.5989154E-04  -1.5064854E-04  -1.2285761E-04  -1.4619944E-04
   0.0000000E+00   0.0000000E+00   0.0000000E+00   0.0000000E+00   0.0000000E+00   0.0000000E+00   0.0000000E+00   0.0000000E+00   0.0000000E+00   0.0000000E+00   0.0000000E+00   0.0000000E+00   0.0000000E+00   0.0000000E+00   0.0000000E+00   0.0000000E+00   0.0000000E+00   0.0000000E+00   0.0000000E+00   0.0000000E+00   0.0000000E+00   0.0000000E+00   0.0000000E+00   0.0000000E+00   0.0000000E+00   0.0000000E+00   0.0000000E+00   0.0000000E+00   0.0000000E+00   0.0000000E+00   0.0000000E+00   0.0000000E+00   0.0000000E+00   0.0000000E+00   0.0000000E+00   0.0000000E+00   0.0000000E+00   0.0000000E+00   0.0000000E+00   0.0000000E+00   0.0000000E+00   0.0000000E+00   0.0000000E+00   0.0000000E+00   0.0000000E+00   0.0000000E+00   0.0000000E+00   0.0000000E+00   0.0000000E+00   0.0000000E+00   2.5116260E-11   4.7589316E-10  -4.2386875E-11  -2.6452612E-10  -6.2567840E-10  -7.4252521E-10  -7.7942525E-10  -6.8474182E-10  -6.6359546E-10  -6.2685229E-10  -2.5687147E-10   1.4434404E-09   1.7132796E-09   2.0438689E-09   2.4506646E-09   2.9532397E-09   3.5765997E-09   4.3529704E-09   5.3242766E-09   6.5455796E-09   8.0898230E-09   1.0056243E-08   1.2629275E-08   1.1220194E-08  -9.7735144E-09  -1.7552876E-08  -2.9579368E-08  -4.7660137E-08  -7.3871362E-08  -9.1109435E-08  -4.4691394E-08   1.1172810E-08   7.8857703E-08   1.6179690E-07   3.1431290E-07   3.7342005E-07   5.2900157E-07   7.1583185E-07   9.4627052E-07   1.2415931E-06   1.8378410E-06   9.1621649E-07  -4.1427134E-06  -5.0931903E-05  -1.2148861E-04  -7.9919839E-05  -7.7318378E-05  -7.2461007E-05  -5.7336274E-05  -7.3248579E-05
   0.0000000E+00   0.0000000E+00   0.0000000E+00   0.0000000E+00   0.0000000E+00   0.0000000E+00   0.0000000E+00   0.0000000E+00   0.0000000E+00   0.0000000E+00   0.0000000E+00   0.0000000E+00   0.0000000E+00   0.0000000E+00   0.0000000E+00   0.0000000E+00   0.0000000E+00   0.0000000E+00   0.0000000E+00   0.0000000E+00   0.0000000E+00   0.0000000E+00   0.0000000E+00   0.0000000E+00   0.0000000E+00   0.0000000E+00   0.0000000E+00   0.0000000E+00   0.0000000E+00   0.0000000E+00   0.0000000E+00   0.0000000E+00   0.0000000E+00   0.0000000E+00   0.0000000E+00   0.0000000E+00   0.0000000E+00   0.0000000E+00   0.0000000E+00   0.0000000E+00   0.0000000E+00   0.0000000E+00   0.0000000E+00   0.0000000E+00   0.0000000E+00   0.0000000E+00   0.0000000E+00   0.0000000E+00   0.0000000E+00   0.0000000E+00  -8.8914917E-12   9.3572702E-12   2.7416447E-10   4.0474366E-10   6.1913341E-10   7.2695105E-10   7.9750717E-10   8.5689000E-10   9.4824670E-10   1.0610585E-09   1.3906984E-09   3.4356276E-10   3.9680420E-10   4.6485055E-10   5.5160970E-10   6.6201500E-10   8.0248314E-10   9.8164599E-10   1.2115035E-09   1.5091970E-09   1.8997415E-09   2.4204068E-09   3.0516338E-09   1.6494186E-09   2.0373603E-08   2.7854107E-08   3.8589103E-08   5.3962122E-08   7.5960045E-08   9.7472011E-08   9.2107548E-08   9.1656972E-08   9.9983069E-08   2.0080849E-07   2.8019908E-08  -4.9656961E-07  -4.3880954E-07   2.7031346E-08   5.7601051E-07   8.4012692E-07   8.5697013E-07  -3.7380414E-06  -2.0135496E-06  -2.8145656E-05  -6.8494766E-05  -3.8519218E-05  -3.7343820E-05  -3.4768505E-05  -2.6773507E-05  -3.6631143E-05
   0.0000000E+00   0.0000000E+00   0.0000000E+00   0.0000000E+00   0.0000000E+00   0.0000000E+00   0.0000000E+00   0.0000000E+00   0.0000000E+00   0.0000000E+00   0.0000000E+00   0.0000000E+00   0.0000000E+00   0.0000000E+00   0.0000000E+00   0.0000000E+00   0.0000000E+00   0.0000000E+00   0.0000000E+00   0.0000000E+00   0.0000000E+00   0.0000000E+00   0.0000000E+00   0.0000000E+00   0.0000000E+00   0.0000000E+00   0.0000000E+00   0.0000000E+00   0.0000000E+00   0.0000000E+00   0.0000000E+00   0.0000000E+00   0.0000000E+00   0.0000000E+00   0.0000000E+00   0.0000000E+00   0.0000000E+00   0.0000000E+00   0.0000000E+00   0.0000000E+00   0.0000000E+00   0.0000000E+00   0.0000000E+00   0.0000000E+00   0.0000000E+00   0.0000000E+00   0.0000000E+00   0.0000000E+00   0.0000000E+00   0.0000000E+00   2.4813537E-12   2.1700450E-10   1.6699157E-10   2.5546726E-10   3.8866690E-10   4.4368800E-10   4.6639276E-10   4.5192788E-10   4.5449661E-10   4.5415016E-10   5.2397470E-10  -2.3013527E-10  -2.8678998E-10  -3.5424361E-10  -4.3506751E-10  -5.3243060E-10  -6.5014449E-10  -7.9263301E-10  -9.6478803E-10  -1.1715393E-09  -1.4170631E-09  -1.7052101E-09  -2.1013025E-09  -2.7702389E-09   8.0658307E-09   1.2469640E-08   1.8922648E-08   2.8211721E-08   4.1277882E-08   5.3585840E-08   4.9703260E-08   4.6809411E-08   4.7114554E-08  -6.0174670E-09  -1.9904314E-07   4.3924962E-07   4.9332868E-07   3.7878141E-07   1.1567392E-07  -1.9633555E-06  -1.6937427E-06   2.8368122E-06  -1.6149012E-06  -8.6852897E-06  -3.8395025E-05  -1.8574045E-05  -1.8022251E-05  -1.6657452E-05  -1.2515527E-05  -1.8299699E-05
   0.0000000E+00   0.0000000E+00   0.0000000E+00   0.0000000E+00   0.0000000E+00   0.0000000E+00   0.0000000E+00   0.0000000E+00   0.0000000E+00   0.0000000E+00   0.0000000E+00   0.0000000E+00   0.0000000E+00   0.0000000E+00   0.0000000E+00   0.0000000E+00   0.0000000E+00   0.0000000E+00   0.0000000E+00   0.0000000E+00   0.0000000E+00   0.0000000E+00   0.0000000E+00   0.0000000E+00   0.0000000E+00   0.0000000E+00   0.0000000E+00   0.0000000E+00   0.0000000E+00   0.0000000E+00   0.0000000E+00   0.0000000E+00   0.0000000E+00   0.0000000E+00   0.0000000E+00   0.0000000E+00   0.0000000E+00   0.0000000E+00   0.0000000E+00   0.0000000E+00   0.0000000E+00   0.0000000E+00   0.0000000E+00   0.0000000E+00   0.0000000E+00   0.0000000E+00   0.0000000E+00   0.0000000E+00   0.0000000E+00   0.0000000E+00   2.9293258E-12   1.2521931E-10   5.8456177E-11   9.5713527E-11   1.5017640E-10   1.5753686E-10   1.4224291E-10   9.7739560E-11   5.7165842E-11   5.6190868E-12  -5.4474151E-11  -3.5497852E-10  -4.3594164E-10  -5.3583871E-10  -6.5947359E-10  -8.1281504E-10  -1.0032685E-09  -1.2400088E-09  -1.5342653E-09  -1.8998194E-09  -2.3533335E-09  -2.9161342E-09  -3.6223655E-09  -4.0141526E-09  -8.3890211E-10   5.1188181E-10   2.8004401E-09   6.4579226E-09   1.1906726E-08   1.6558181E-08   1.2842015E-08   9.3159391E-09   6.6440755E-09   6.0662650E-08   7.4210575E-08  -4.3895605E-07  -5.8253613E-07  -8.7446415E-07  -1.2148291E-06   1.3326128E-06   1.1221235E-06  -9.8059184E-07  -5.1524962E-06  -2.0424106E-06  -2.0455411E-05  -8.9607729E-06  -8.6928949E-06  -7.9732445E-06  -5.8583105E-06  -9.1363127E-06
   0.0000000E+00   0.0000000E+00   0.0000000E+00   0.0000000E+00   0.0000000E+00   0.0000000E+00   0.0000000E+00   0.0000000E+00   0.0000000E+00   0.0000000E+00   0.0000000E+00   0.0000000E+00   0.0000000E+00   0.0000000E+00   0.0000000E+00   0.0000000E+00   0.0000000E+00   0.0000000E+00   0.0000000E+00   0.0000000E+00   0.0000000E+00   0.0000000E+00   0.0000000E+00   0.0000000E+00   0.0000000E+00   0.0000000E+00   0.0000000E+00   0.0000000E+00   0.0000000E+00   0.0000000E+00   0.0000000E+00   0.0000000E+00   0.0000000E+00   0.0000000E+00   0.0000000E+00   0.0000000E+00   0.0000000E+00   0.0000000E+00   0.0000000E+00   0.0000000E+00   0.0000000E+00   0.0000000E+00   0.0000000E+00   0.0000000E+00   0.0000000E+00   0.0000000E+00   0.0000000E+00   0.0000000E+00   0.0000000E+00   0.0000000E+00   1.5468332E-12   3.8334575E-11  -9.0937041E-12  -7.1403048E-12  -5.2798326E-12  -2.3585430E-11  -5.3123068E-11  -9.6835581E-11  -1.4368159E-10  -2.0128625E-10  -2.8501354E-10  -3.2412215E-10  -4.0383732E-10  -5.0437510E-10  -6.3113820E-10  -7.9086065E-10  -9.9195352E-10  -1.2449445E-09  -1.5628120E-09  -1.9619275E-09  -2.4626514E-09  -3.0903675E-09  -3.8600905E-09  -4.4978634E-09  -5.4711133E-09  -6.1963341E-09  -6.7817627E-09  -7.0412689E-09  -6.8112618E-09  -7.0699371E-09  -1.0388237E-08  -1.3919419E-08  -1.7870757E-08  -8.8025494E-08  -1.6477644E-07   3.9144962E-07   4.8311699E-07   5.5354718E-07   5.9809838E-07  -1.0283584E-06  -1.8613338E-06   1.2085945E-06   2.1398121E-06  -1.6025245E-06  -1.0584724E-05  -4.3249115E-06  -4.1914259E-06  -3.8145724E-06  -2.7461761E-06  -4.5597485E-06
   0.0000000E+00   0.0000000E+00   0.0000000E+00   0.0000000E+00   0.0000000E+00   0.0000000E+00   0.0000000E+00   0.0000000E+00   0.0000000E+00   0.0000000E+00   0.0000000E+00   0.0000000E+00   0.0000000E+00   0.0000000E+00   0.0000000E+00   0.0000000E+00   0.0000000E+00   0.0000000E+00   0.0000000E+00   0.0000000E+00   0.0000000E+00   0.0000000E+00   0.0000000E+00   0.0000000E+00   0.0000000E+00   0.0000000E+00   0.0000000E+00   0.0000000E+00   0.0000000E+00   0.0000000E+00   0.0000000E+00   0.0000000E+00   0.0000000E+00   0.0000000E+00   0.0000000E+00   0.0000000E+00   0.0000000E+00   0.0000000E+00   0.0000000E+00   0.0000000E+00   0.0000000E+00   0.0000000E+00   0.0000000E+00   0.0000000E+00   0.0000000E+00   0.0000000E+00   0.0000000E+00   0.0000000E+00   0.0000000E+00   0.0000000E+00   2.0935303E-13  -1.4289754E-11  -3.9401829E-11  -5.3396433E-11  -7.3950721E-11  -9.9039291E-11  -1.2860268E-10  -1.6382068E-10  -2.0646082E-10  -2.5945551E-10  -3.3228706E-10  -3.3456046E-10  -4.2509343E-10  -5.4019617E-10  -6.8617728E-10  -8.7087626E-10  -1.1040517E-09  -1.3978229E-09  -1.7669206E-09  -2.2298663E-09  -2.8093927E-09  -3.5329375E-09  -4.4219770E-09  -5.4572959E-09  -7.5960394E-09  -9.3696517E-09  -1.1449126E-08  -1.3812596E-08  -1.6427153E-08  -1.9346292E-08  -2.2727221E-08  -2.6486459E-08  -3.0920823E-08   7.9410070E-09   1.0085314E-07  -4.7345767E-07  -6.8609626E-07  -9.6370172E-07  -1.1701203E-06   1.0234415E-06   1.3118934E-06  -3.0315784E-06  -2.1878329E-06  -1.0298103E-05  -5.3824501E-06  -2.0882353E-06  -2.0204982E-06  -1.8246014E-06  -1.2892515E-06  -2.2751897E-06
   0.0000000E+00   0.0000000E+00   0.0000000E+00   0.0000000E+00   0.0000000E+00   0.0000000E+00   0.0000000E+00   0.0000000E+00   0.0000000E+00   0.0000000E+00   0.0000000E+00   0.0000000E+00   0.0000000E+00   0.0000000E+00   0.0000000E+00   0.0000000E+00   0.0000000E+00   0.0000000E+00   0.0000000E+00   0.0000000E+00   0.0000000E+00   0.0000000E+00   0.0000000E+00   0.0000000E+00   0.0000000E+00   0.0000000E+00   0.0000000E+00   0.0000000E+00   0.0000000E+00   0.0000000E+00   0.0000000E+00   0.0000000E+00   0.0000000E+00   0.0000000E+00   0.0000000E+00   0.0000000E+00   0.0000000E+00   0.0000000E+00   0.0000000E+00   0.0000000E+00   0.0000000E+00   0.0000000E+00   0.0000000E+00   0.0000000E+00   0.0000000E+00   0.0000000E+00   0.0000000E+00   0.0000000E+00   0.0000000E+00   0.0000000E+00  -5.8113307E-13  -3.8513265E-11  -5.1757099E-11  -7.0133392E-11  -9.5259106E-11  -1.2154615E-10  -1.5201547E-10  -1.8811935E-10  -2.3499469E-10  -2.9456743E-10  -3.7072098E-10  -4.3027276E-10  -5.5104388E-10  -7.0418205E-10  -8.9777308E-10  -1.1417958E-09  -1.4485806E-09  -1.8332231E-09  -2.3137328E-09  -2.9125231E-09  -3.6564909E-09  -4.5776001E-09  -5.7113589E-09  -7.1380151E-09  -9.3449550E-09  -1.1630087E-08  -1.4397401E-08  -1.7696991E-08  -2.1543940E-08  -2.5724919E-08  -2.9737137E-08  -3.3986261E-08  -3.8677094E-08  -9.5081830E-08  -2.2737639E-07   3.7553070E-07   5.0150743E-07   6.5070827E-07   7.6373203E-07  -1.7631064E-06  -1.0723978E-06   1.8313360E-06   1.1474339E-06   2.2111435E-06  -2.7073625E-06  -1.0086289E-06  -9.7386715E-07  -8.7275606E-07  -6.0618032E-07  -1.1351121E-06
   0.0000000E+00   0.0000000E+00   0.0000000E+00   0.0000000E+00   0.0000000E+00   0.0000000E+00   0.0000000E+00   0.0000000E+00   0.0000000E+00   0.0000000E+00   0.0000000E+00   0.0000000E+00   0.0000000E+00   0.0000000E+00   0.0000000E+00   0.0000000E+00   0.0000000E+00   0.0000000E+00   0.0000000E+00   0.0000000E+00   0.0000000E+00   0.0000000E+00   0.0000000E+00   0.0000000E+00   0.0000000E+00   0.0000000E+00   0.0000000E+00   0.0000000E+00   0.0000000E+00   0.0000000E+00   0.0000000E+00   0.0000000E+00   0.0000000E+00   0.0000000E+00   0.0000000E+00   0.0000000E+00   0.0000000E+00   0.0000000E+00   0.0000000E+00   0.0000000E+00   0.0000000E+00   0.0000000E+00   0.0000000E+00   0.0000000E+00   0.0000000E+00   0.0000000E+00   0.0000000E+00   0.0000000E+00   0.0000000E+00   0.0000000E+00  -9.7212060E-13  -5.0532804E-11  -6.2719517E-11  -8.3310255E-11  -1.1013526E-10  -1.4101492E-10  -1.7925737E-10  -2.2721065E-10  -2.8961933E-10  -3.6945688E-10  -4.7023330E-10  -5.9552319E-10  -7.6199907E-10  -9.7199859E-10  -1.2360658E-09  -1.5671243E-09  -1.9810444E-09  -2.4969735E-09  -3.1373830E-09  -3.9300936E-09  -4.9078390E-09  -6.1090750E-09  -7.5798674E-09  -9.4018118E-09  -1.1707448E-08  -1.4414200E-08  -1.7656209E-08  -2.1486288E-08  -2.5908932E-08  -3.0711913E-08  -3.5380694E-08  -3.9974907E-08  -4.4473424E-08  -5.2027578E-09   1.1622769E-07  -4.9128886E-07  -6.9153009E-07  -9.9493229E-07  -1.1598872E-06   1.2146299E-06   9.6964789E-07  -1.4735476E-06  -2.7028941E-06  -1.1699558E-07  -1.3520940E-06  -4.8732221E-07  -4.6937765E-07  -4.1752946E-07  -2.8543784E-07  -5.6627403E-07
   0.0000000E+00   0.0000000E+00   0.0000000E+00   0.0000000E+00   0.0000000E+00   0.0000000E+00   0.0000000E+00   0.0000000E+00   0.0000000E+00   0.0000000E+00   0.0000000E+00   0.0000000E+00   0.0000000E+00   0.0000000E+00   0.0000000E+00   0.0000000E+00   0.0000000E+00   0.0000000E+00   0.0000000E+00   0.0000000E+00   0.0000000E+00   0.0000000E+00   0.0000000E+00   0.0000000E+00   0.0000000E+00   0.0000000E+00   0.0000000E+00   0.0000000E+00   0.0000000E+00   0.0000000E+00   0.0000000E+00   0.0000000E+00   0.0000000E+00   0.0000000E+00   0.0000000E+00   0.0000000E+00   0.0000000E+00   0.0000000E+00   0.0000000E+00   0.0000000E+00   0.0000000E+00   0.0000000E+00   0.0000000E+00   0.0000000E+00   0.0000000E+00   0.0000000E+00   0.0000000E+00   0.0000000E+00   0.0000000E+00   1.0836981E-20  -1.2498756E-12  -6.2970525E-11  -8.0188002E-11  -1.0547033E-10  -1.3795742E-10  -1.7874968E-10  -2.3098315E-10  -2.9787672E-10  -3.8376610E-10  -4.9314630E-10  -6.3141464E-10  -8.1173857E-10  -1.0340581E-09  -1.3126851E-09  -1.6607578E-09  -2.0942896E-09  -2.6328673E-09  -3.2997214E-09  -4.1217127E-09  -5.1321565E-09  -6.3695222E-09  -7.8782234E-09  -9.7093693E-09  -1.1925514E-08  -1.4552388E-08  -1.7700295E-08  -2.1390933E-08  -2.5641821E-08  -3.0406049E-08  -3.5469217E-08  -4.0356930E-08  -4.4807525E-08  -4.8955766E-08  -9.7942497E-08  -2.5138368E-07   3.5685144E-07   4.8988261E-07   6.7727143E-07   7.8004945E-07  -1.1958177E-06  -1.9369309E-06   1.2758825E-06   1.0880912E-06  -5.4810971E-06  -6.7192997E-07  -2.3551642E-07  -2.2623372E-07  -1.9980202E-07  -1.3460181E-07  -2.8248448E-07
   0.0000000E+00   0.0000000E+00   0.0000000E+00   0.0000000E+00   0.0000000E+00   0.0000000E+00   0.0000000E+00   0.0000000E+00   0.0000000E+00   0.0000000E+00   0.0000000E+00   0.0000000E+00   0.0000000E+00   0.0000000E+00   0.0000000E+00   0.0000000E+00   0.0000000E+00   0.0000000E+00   0.0000000E+00   0.0000000E+00   0.0000000E+00   0.0000000E+00   0.0000000E+00   0.0000000E+00   0.0000000E+00   0.0000000E+00   0.0000000E+00   0.0000000E+00   0.0000000E+00   0.0000000E+00   0.0000000E+00   0.0000000E+00   0.0000000E+00   0.0000000E+00   0.0000000E+00   0.0000000E+00   0.0000000E+00   0.0000000E+00   0.0000000E+00   0.0000000E+00   0.0000000E+00   0.0000000E+00   0.0000000E+00   0.0000000E+00   0.0000000E+00   0.0000000E+00   0.0000000E+00   0.0000000E+00   0.0000000E+00   1.9276570E-20  -1.5940472E-12  -8.1495831E-11  -1.0636947E-10  -1.3955939E-10  -1.8217504E-10  -2.3694138E-10  -3.0711533E-10  -3.9660769E-10  -5.1003513E-10  -6.5308131E-10  -8.3275159E-10  -1.0607908E-09  -1.3410191E-09  -1.6888499E-09  -2.1192368E-09  -2.6503402E-09  -3.3043448E-09  -4.1068273E-09  -5.0869406E-09  -6.2811836E-09  -7.7306499E-09  -9.4814530E-09  -1.1583066E-08  -1.4083979E-08  -1.7008229E-08  -2.0444089E-08  -2.4379206E-08  -2.8779315E-08  -3.3529339E-08  -3.8367766E-08  -4.2829750E-08  -4.6692168E-08  -5.0398576E-08  -1.4048351E-08   1.2338211E-07  -5.0633969E-07  -7.1573174E-07  -1.0223705E-06  -1.0166776E-06   9.0112076E-07   1.0789172E-06  -2.4958024E-06  -2.3711748E-06   1.9506424E-06  -3.3272480E-07  -1.1385122E-07  -1.0905119E-07  -9.5646129E-08  -6.3562432E-08  -1.4091282E-07
   0.0000000E+00   0.0000000E+00   0.0000000E+00   0.0000000E+00   0.0000000E+00   0.0000000E+00   0.0000000E+00   0.0000000E+00   0.0000000E+00   0.0000000E+00   0.0000000E+00   0.0000000E+00   0.0000000E+00   0.0000000E+00   0.0000000E+00   0.0000000E+00   0.0000000E+00   0.0000000E+00   0.0000000E+00   0.0000000E+00   0.0000000E+00   0.0000000E+00   0.0000000E+00   0.0000000E+00   0.0000000E+00   0.0000000E+00   0.0000000E+00   0.0000000E+00   0.0000000E+00   0.0000000E+00   0.0000000E+00   0.0000000E+00   0.0000000E+00   0.0000000E+00   0.0000000E+00   0.0000000E+00   0.0000000E+00   0.0000000E+00   0.0000000E+00   0.0000000E+00   0.0000000E+00   0.0000000E+00   0.0000000E+00   0.0000000E+00   0.0000000E+00   0.0000000E+00   0.0000000E+00   0.0000000E+00   1.8404294E-20   4.3187992E-20  -2.0669592E-12  -1.0740676E-10  -1.4109733E-10  -1.8446489E-10  -2.3980112E-10  -3.1030581E-10  -3.9944595E-10  -5.1145699E-10  -6.5124550E-10  -8.2485052E-10  -1.0396143E-09  -1.3046284E-09  -1.6286134E-09  -2.0247255E-09  -2.5076818E-09  -3.0953706E-09  -3.8096779E-09  -4.6740856E-09  -5.7152416E-09  -6.9669155E-09  -8.4651921E-09  -1.0248120E-08  -1.2351925E-08  -1.4807592E-08  -1.7637818E-08  -2.0867637E-08  -2.4460769E-08  -2.8343710E-08  -3.2373979E-08  -3.6307846E-08  -3.9832408E-08  -4.3206668E-08  -4.7615419E-08  -9.5788259E-08  -2.6805549E-07   3.2652977E-07   4.5219630E-07   6.5751021E-07   6.2863978E-07  -1.9400052E-06  -1.5018629E-06   1.3298642E-06   1.1584196E-06   5.3967824E-07  -1.6430930E-07  -5.5050375E-08  -5.2573093E-08  -4.5805397E-08  -3.0056551E-08  -7.0290909E-08
   0.0000000E+00   0.0000000E+00   0.0000000E+00   0.0000000E+00   0.0000000E+00   0.0000000E+00   0.0000000E+00   0.0000000E+00   0.0000000E+00   0.0000000E+00   0.0000000E+00   0.0000000E+00   0.0000000E+00   0.0000000E+00   0.0000000E+00   0.0000000E+00   0.0000000E+00   0.0000000E+00   0.0000000E+00   0.0000000E+00   0.0000000E+00   0.0000000E+00   0.0000000E+00   0.0000000E+00   0.0000000E+00   0.0000000E+00   0.0000000E+00   0.0000000E+00   0.0000000E+00   0.0000000E+00   0.0000000E+00   0.0000000E+00   0.0000000E+00   0.0000000E+00   0.0000000E+00   0.0000000E+00   0.0000000E+00   0.0000000E+00   0.0000000E+00   0.0000000E+00   0.0000000E+00   0.0000000E+00   0.0000000E+00   0.0000000E+00   0.0000000E+00   0.0000000E+00   0.0000000E+00   0.0000000E+00   3.2001747E-20   9.7712345E-20  -2.6582976E-12  -1.3974365E-10  -1.8243974E-10  -2.3631749E-10  -3.0391362E-10  -3.8818584E-10  -4.9236820E-10  -6.2027805E-10  -7.7623996E-10  -9.6537189E-10  -1.1937292E-09  -1.4679529E-09  -1.7964709E-09  -2.1887931E-09  -2.6562725E-09  -3.2128600E-09  -3.8754391E-09  -4.6572568E-09  -5.5752345E-09  -6.6493588E-09  -7.8966966E-09  -9.3295442E-09  -1.0950749E-08  -1.2757042E-08  -1.4744523E-08  -1.6893674E-08  -1.9166970E-08  -2.1537259E-08  -2.3998055E-08  -2.6574032E-08  -2.9446117E-08  -3.3735191E-08  -4.0980233E-08  -1.0944804E-08   1.1485515E-07  -5.1235537E-07  -7.2564467E-07  -1.0407955E-06  -1.2811286E-06   1.0703815E-06   8.7895421E-07  -2.0721172E-06  -1.8784413E-06  -1.5896585E-06  -8.0965563E-08  -2.6624781E-08  -2.5349841E-08  -2.1946605E-08  -1.4231313E-08  -3.5062545E-08
   0.0000000E+00   0.0000000E+00   0.0000000E+00   0.0000000E+00   0.0000000E+00   0.0000000E+00   0.0000000E+00   0.0000000E+00   0.0000000E+00   0.0000000E+00   0.0000000E+00   0.0000000E+00   0.0000000E+00   0.0000000E+00   0.0000000E+00   0.0000000E+00   0.0000000E+00   0.0000000E+00   0.0000000E+00   0.0000000E+00   0.0000000E+00   0.0000000E+00   0.0000000E+00   0.0000000E+00   0.0000000E+00   0.0000000E+00   0.0000000E+00   0.0000000E+00   0.0000000E+00   0.0000000E+00   0.0000000E+00   0.0000000E+00   0.0000000E+00   0.0000000E+00   0.0000000E+00   0.0000000E+00   0.0000000E+00   0.0000000E+00   0.0000000E+00   0.0000000E+00   0.0000000E+00   0.0000000E+00   0.0000000E+00   0.0000000E+00   0.0000000E+00   0.0000000E+00   0.0000000E+00   2.5471726E-20   7.3604108E-20   2.4437686E-19  -3.3004122E-12  -1.7516007E-10  -2.2513046E-10  -2.8653463E-10  -3.6129988E-10  -4.5145385E-10  -5.5917049E-10  -6.8688610E-10  -8.3713453E-10  -1.0129100E-09  -1.2175646E-09  -1.4543686E-09  -1.7279825E-09  -2.0430213E-09  -2.4044315E-09  -2.8186893E-09  -3.2915886E-09  -3.8132293E-09  -4.3836992E-09  -4.9902997E-09  -5.6087242E-09  -6.1993353E-09  -6.7079600E-09  -7.0884631E-09  -7.3237212E-09  -7.4280764E-09  -7.4990893E-09  -7.7738216E-09  -8.6536378E-09  -1.0692514E-08  -1.4743825E-08  -2.2531811E-08  -3.5117125E-08  -9.5846310E-08  -2.7013436E-07   2.8468932E-07   4.0462396E-07   5.9753620E-07   6.7584466E-07  -1.1690886E-06  -1.8301286E-06   1.1606445E-06   5.9109868E-07  -5.3568701E-06  -3.9826254E-08  -1.2879944E-08  -1.2225913E-08  -1.0520441E-08  -6.7467716E-09  -1.7489807E-08
   0.0000000E+00   0.0000000E+00   0.0000000E+00   0.0000000E+00   0.0000000E+00   0.0000000E+00   0.0000000E+00   0.0000000E+00   0.0000000E+00   0.0000000E+00   0.0000000E+00   0.0000000E+00   0.0000000E+00   0.0000000E+00   0.0000000E+00   0.0000000E+00   0.0000000E+00   0.0000000E+00   0.0000000E+00   0.0000000E+00   0.0000000E+00   0.0000000E+00   0.0000000E+00   0.0000000E+00   0.0000000E+00   0.0000000E+00   0.0000000E+00   0.0000000E+00   0.0000000E+00   0.0000000E+00   0.0000000E+00   0.0000000E+00   0.0000000E+00   0.0000000E+00   0.0000000E+00   0.0000000E+00   0.0000000E+00   0.0000000E+00   0.0000000E+00   0.0000000E+00   0.0000000E+00   0.0000000E+00   0.0000000E+00   0.0000000E+00   0.0000000E+00   0.0000000E+00   0.0000000E+00   4.2667553E-20   1.9321314E-19   7.4331763E-19  -3.8568111E-12  -2.0657454E-10  -2.5875710E-10  -3.2018418E-10  -3.9155901E-10  -4.7348475E-10  -5.6651150E-10  -6.7145278E-10  -7.8874901E-10  -9.1940583E-10  -1.0641295E-09  -1.2232477E-09  -1.3980230E-09  -1.5882414E-09  -1.7922884E-09  -2.0067159E-09  -2.2166384E-09  -2.3707090E-09  -2.4467601E-09  -2.3738818E-09  -2.0749935E-09  -1.4746897E-09  -5.3108046E-10   7.0637451E-10   2.0808164E-09   3.3523935E-09   4.1598982E-09   4.0552313E-09   2.5088058E-09  -1.1315484E-09  -7.9118889E-09  -1.9509015E-08  -3.5804469E-08  -1.7303440E-08   9.3410598E-08  -5.2590360E-07  -7.4373986E-07  -1.0410007E-06  -9.3335444E-07   7.5222994E-07   9.0471940E-07  -2.1235130E-06  -2.4132671E-06   6.4980094E-07  -1.9561071E-08  -6.2322458E-09  -5.8978658E-09  -5.0457607E-09  -3.2023644E-09  -8.7241867E-09
   0.0000000E+00   0.0000000E+00   0.0000000E+00   0.0000000E+00   0.0000000E+00   0.0000000E+00   0.0000000E+00   0.0000000E+00   0.0000000E+00   0.0000000E+00   0.0000000E+00   0.0000000E+00   0.0000000E+00   0.0000000E+00   0.0000000E+00   0.0000000E+00   0.0000000E+00   0.0000000E+00   0.0000000E+00   0.0000000E+00   0.0000000E+00   0.0000000E+00   0.0000000E+00   0.0000000E+00   0.0000000E+00   0.0000000E+00   0.0000000E+00   0.0000000E+00   0.0000000E+00   0.0000000E+00   0.0000000E+00   0.0000000E+00   0.0000000E+00   0.0000000E+00   0.0000000E+00   0.0000000E+00   0.0000000E+00   0.0000000E+00   0.0000000E+00   0.0000000E+00   0.0000000E+00   0.0000000E+00   0.0000000E+00   0.0000000E+00   0.0000000E+00   0.0000000E+00   3.1945134E-20   1.1779631E-19   6.9335303E-19   2.8220131E-18  -4.1302387E-12  -2.2313866E-10  -2.6920374E-10  -3.1995356E-10  -3.7373685E-10  -2.6706862E-10  -4.7798548E-10  -5.4245664E-10  -6.0930333E-10  -6.8188849E-10  -7.6050977E-10  -8.4544605E-10  -9.3821684E-10  -1.0313516E-09  -1.1093704E-09  -1.1450130E-09  -1.1388225E-09  -2.8132876E-09  -1.1398843E-09  -5.1654647E-10   1.3377847E-08  -1.1183801E-09  -1.9193653E-09  -3.0230822E-09  -4.4697890E-09  -6.1963683E-09  -8.1792226E-09  -1.0294987E-08  -1.2431989E-08  -1.4937187E-08  -2.0551976E-08  -3.0328021E-08  -4.4658449E-08  -1.1010162E-07  -3.0140055E-07   2.5891606E-07   3.8264952E-07   5.9204979E-07   5.1245837E-07  -1.8154541E-06  -1.4477642E-06   1.0257413E-06   7.8751793E-07  -2.1977096E-06  -9.5954062E-09  -3.0163316E-09  -2.8459493E-09  -2.4213220E-09  -1.5217676E-09  -4.3517496E-09
   0.0000000E+00   0.0000000E+00   0.0000000E+00   0.0000000E+00   0.0000000E+00   0.0000000E+00   0.0000000E+00   0.0000000E+00   0.0000000E+00   0.0000000E+00   0.0000000E+00   0.0000000E+00   0.0000000E+00   0.0000000E+00   0.0000000E+00   0.0000000E+00   0.0000000E+00   0.0000000E+00   0.0000000E+00   0.0000000E+00   0.0000000E+00   0.0000000E+00   0.0000000E+00   0.0000000E+00   0.0000000E+00   0.0000000E+00   0.0000000E+00   0.0000000E+00   0.0000000E+00   0.0000000E+00   0.0000000E+00   0.0000000E+00   0.0000000E+00   0.0000000E+00   0.0000000E+00   0.0000000E+00   0.0000000E+00   0.0000000E+00   0.0000000E+00   0.0000000E+00   0.0000000E+00   0.0000000E+00   0.0000000E+00   0.0000000E+00   0.0000000E+00   0.0000000E+00   7.2243493E-20   5.2639525E-19   3.4485755E-18   1.2458750E-17   4.2542244E-11  -2.0819338E-10  -2.3992014E-10  -2.7103825E-10  -2.7607189E-10  -6.1907052E-10  -1.0999944E-09  -1.3283455E-09  -1.6391677E-09  -2.0827453E-09  -2.7162086E-09  -3.6276637E-09  -4.9519473E-09  -6.8763284E-09  -9.6980681E-09  -1.3897641E-08  -1.8315102E-08  -2.3768763E-08  -7.5717237E-09  -8.7654710E-09  -1.4284796E-08  -1.3685805E-08  -1.5095875E-08  -1.6772351E-08  -1.8684522E-08  -2.0825217E-08  -2.3333346E-08  -2.6205608E-08  -2.9488113E-08  -3.3395995E-08  -3.7954802E-08  -4.4670919E-08  -5.5134986E-08  -4.3174982E-08   1.0113015E-07  -5.8032253E-07  -7.9946744E-07  -8.2002532E-07  -1.2230907E-06   9.2252498E-07   7.7473442E-07  -1.8739648E-06  -1.7820913E-06  -5.1359584E-06  -4.7017106E-09  -1.4602241E-09  -1.3736855E-09  -1.1625624E-09  -7.2395023E-10  -2.1707116E-09
   0.0000000E+00   0.0000000E+00   0.0000000E+00   0.0000000E+00   0.0000000E+00   0.0000000E+00   0.0000000E+00   0.0000000E+00   0.0000000E+00   0.0000000E+00   0.0000000E+00   0.0000000E+00   0.0000000E+00   0.0000000E+00   0.0000000E+00   0.0000000E+00   0.0000000E+00   0.0000000E+00   0.0000000E+00   0.0000000E+00   0.0000000E+00   0.0000000E+00   0.0000000E+00   0.0000000E+00   0.0000000E+00   0.0000000E+00   0.0000000E+00   0.0000000E+00   0.0000000E+00   0.0000000E+00   0.0000000E+00   0.0000000E+00   0.0000000E+00   0.0000000E+00   0.0000000E+00   0.0000000E+00   0.0000000E+00   0.0000000E+00   0.0000000E+00   0.0000000E+00   0.0000000E+00   0.0000000E+00   0.0000000E+00   0.0000000E+00   0.0000000E+00   7.5874887E-20   4.5199692E-19   3.5659049E-18   1.9992545E-17   5.6819195E-17  -5.8298900E-11  -5.4002319E-10  -6.2483158E-10  -7.3274192E-10  -8.9866836E-10  -8.7782781E-10   7.5089379E-11   1.0724453E-10   1.4458969E-10   1.7349751E-10   1.9636733E-10  -3.4592419E-11   4.7468134E-11  -2.6519517E-10   3.7684664E-11   8.9407359E-10   3.1709593E-09   4.5116830E-09  -1.7980343E-08  -8.0175848E-09  -1.9389578E-08  -1.1259148E-08  -1.7501190E-08  -2.3174199E-08  -3.0557565E-08  -2.6715732E-08  -3.9622712E-08  -3.8914191E-08  -3.9898715E-08  -4.2726022E-08  -4.6530943E-08  -5.2524868E-08  -6.1315461E-08  -1.1276781E-07  -4.0584095E-07   2.6825603E-07   4.0502536E-07   4.6291436E-07   6.0455056E-07  -8.5766112E-07  -1.4361694E-06   8.8140223E-07   3.9696258E-07  -4.0497002E-06  -2.3016060E-09  -7.0707917E-10  -6.6325884E-10  -5.5849630E-10  -3.4477254E-10  -1.0827794E-09
   0.0000000E+00   0.0000000E+00   0.0000000E+00   0.0000000E+00   0.0000000E+00   0.0000000E+00   0.0000000E+00   0.0000000E+00   0.0000000E+00   0.0000000E+00   0.0000000E+00   0.0000000E+00   0.0000000E+00   0.0000000E+00   0.0000000E+00   0.0000000E+00   0.0000000E+00   0.0000000E+00   0.0000000E+00   0.0000000E+00   0.0000000E+00   0.0000000E+00   0.0000000E+00   0.0000000E+00   0.0000000E+00   0.0000000E+00   0.0000000E+00   0.0000000E+00   0.0000000E+00   0.0000000E+00   0.0000000E+00   0.0000000E+00   0.0000000E+00   0.0000000E+00   0.0000000E+00   0.0000000E+00   0.0000000E+00   0.0000000E+00   0.0000000E+00   0.0000000E+00   0.0000000E+00   0.0000000E+00   0.0000000E+00   0.0000000E+00   4.3406716E-20   3.8213503E-19   3.3194934E-18   2.1840169E-17   9.7545902E-17   2.2217121E-16   7.2771563E-12   6.8086474E-11   8.6081656E-11   1.0468169E-10   1.1201738E-10   5.6709807E-11  -8.1981394E-10  -1.4151416E-09  -2.0581827E-09  -2.4264999E-09  -2.3379547E-09  -4.0342556E-09  -4.0830921E-09  -4.2779629E-09  -3.1533773E-09  -3.1435012E-09  -1.8928810E-09  -8.2846302E-10  -1.8566896E-08  -6.3716740E-08  -2.8087172E-08  -1.0118588E-07  -3.3782761E-08  -4.4194909E-08  -5.7056806E-08  -3.3775560E-08  -3.6202273E-08  -4.1034586E-08  -5.3336784E-08  -5.0575480E-08  -5.1460020E-08  -5.6197393E-08  -6.4382803E-08  -6.4619321E-08   1.4717040E-07  -7.0528381E-07  -5.9297730E-07  -7.9217818E-07  -5.4078237E-07   5.9847292E-07   7.1257477E-07  -1.6251889E-06  -1.8412960E-06  -3.0564747E-06  -1.1257448E-09  -3.4247363E-10  -3.2034692E-10  -2.6845143E-10  -1.6436218E-10  -5.4010418E-10
   0.0000000E+00   0.0000000E+00   0.0000000E+00   0.0000000E+00   0.0000000E+00   0.0000000E+00   0.0000000E+00   0.0000000E+00   0.0000000E+00   0.0000000E+00   0.0000000E+00   0.0000000E+00   0.0000000E+00   0.0000000E+00   0.0000000E+00   0.0000000E+00   0.0000000E+00   0.0000000E+00   0.0000000E+00   0.0000000E+00   0.0000000E+00   0.0000000E+00   0.0000000E+00   0.0000000E+00   0.0000000E+00   0.0000000E+00   0.0000000E+00   0.0000000E+00   0.0000000E+00   0.0000000E+00   0.0000000E+00   0.0000000E+00   0.0000000E+00   0.0000000E+00   0.0000000E+00   0.0000000E+00   0.0000000E+00   0.0000000E+00   0.0000000E+00   0.0000000E+00   0.0000000E+00   0.0000000E+00   0.0000000E+00   0.0000000E+00   2.0907281E-19   2.3434736E-18   1.6383174E-17   8.4119742E-17   2.9074832E-16   5.1490371E-16   1.6192464E-11  -9.4955384E-11  -1.8741256E-10  -3.7517170E-10  -4.1448692E-10  -1.4477383E-09  -8.4266016E-10  -6.7524814E-10  -2.3203377E-09  -2.5818179E-09  -8.4162926E-09  -4.0048462E-09  -4.4314019E-09  -4.4226929E-09  -1.5207355E-08  -1.0327343E-08  -1.3143240E-08  -9.5892521E-09  -1.1108970E-08   2.0773059E-11  -2.5732946E-08   2.3562385E-10  -3.6765030E-08  -4.7594778E-08  -6.0871464E-08  -5.9135719E-08  -7.8821259E-08   1.8503187E-08  -1.1049983E-07  -1.4561121E-08  -6.1296397E-08  -6.2321249E-08  -6.8799942E-08  -1.0476565E-07  -5.8978554E-07   2.8532068E-07   2.7829810E-07   3.7520942E-07   3.2396653E-07  -1.3073294E-06  -1.1705343E-06   6.6541406E-07   1.3676132E-07  -2.2775744E-06  -5.5020821E-10  -1.6591793E-10  -1.5468003E-10  -1.2604338E-10  -6.5040972E-12  -2.6941074E-10
   0.0000000E+00   0.0000000E+00   0.0000000E+00   0.0000000E+00   0.0000000E+00   0.0000000E+00   0.0000000E+00   0.0000000E+00   0.0000000E+00   0.0000000E+00   0.0000000E+00   0.0000000E+00   0.0000000E+00   0.0000000E+00   0.0000000E+00   0.0000000E+00   0.0000000E+00   0.0000000E+00   0.0000000E+00   0.0000000E+00   0.0000000E+00   0.0000000E+00   0.0000000E+00   0.0000000E+00   0.0000000E+00   0.0000000E+00   0.0000000E+00   0.0000000E+00   0.0000000E+00   0.0000000E+00   0.0000000E+00   0.0000000E+00   0.0000000E+00   0.0000000E+00   0.0000000E+00   0.0000000E+00   0.0000000E+00   0.0000000E+00   0.0000000E+00   0.0000000E+00   0.0000000E+00   0.0000000E+00   0.0000000E+00   1.2667622E-19   1.3562750E-18   1.2853501E-17   7.4099415E-17   3.1234869E-16   8.8547368E-16   1.3419814E-15  -2.4828894E-11  -1.4571488E-09  -1.6350029E-09  -1.8200157E-09  -2.0120787E-09  -2.0657975E-09  -2.2357760E-09  -1.8466664E-09  -1.8208838E-09  -2.0485906E-09  -4.8803076E-11  -2.4720852E-09  -3.2949139E-09  -3.4660965E-09  -5.0543594E-11  -4.6299728E-09  -6.6065216E-09  -8.9323757E-09  -5.3639564E-09  -3.2598352E-10  -1.5089386E-08  -4.8236498E-10  -2.9096100E-08  -3.5737962E-08  -4.3777849E-08  -6.3878325E-08  -8.1155193E-08  -4.2724508E-07  -2.4764208E-07  -5.2592252E-08  -1.0265121E-07  -7.7031686E-08  -8.0126853E-08  -9.0946855E-08   1.6892390E-07  -2.9026972E-07  -5.8361604E-07  -6.5337298E-07  -9.9419162E-07   5.1647390E-07   5.3656476E-07  -1.1712826E-06  -2.1869178E-06  -1.6951436E-06  -2.6153085E-10  -4.3440299E-12  -4.1767323E-12  -1.5895850E-12  -6.1036185E-12  -1.3438541E-10
   0.0000000E+00   0.0000000E+00   0.0000000E+00   0.0000000E+00   0.0000000E+00   0.0000000E+00   0.0000000E+00   0.0000000E+00   0.0000000E+00   0.0000000E+00   0.0000000E+00   0.0000000E+00   0.0000000E+00   0.0000000E+00   0.0000000E+00   0.0000000E+00   0.0000000E+00   0.0000000E+00   0.0000000E+00   0.0000000E+00   0.0000000E+00   0.0000000E+00   0.0000000E+00   0.0000000E+00   0.0000000E+00   0.0000000E+00   0.0000000E+00   0.0000000E+00   0.0000000E+00   0.0000000E+00   0.0000000E+00   0.0000000E+00   0.0000000E+00   0.0000000E+00   0.0000000E+00   0.0000000E+00   0.0000000E+00   0.0000000E+00   0.0000000E+00   0.0000000E+00   0.0000000E+00   0.0000000E+00   5.4236540E-20   7.1429584E-19   8.1092246E-18   6.4488423E-17   3.1174497E-16   1.0814000E-15   2.3868692E-15   2.3805027E-15  -1.4398859E-11  -5.6664051E-10  -6.3859545E-10  -6.8879330E-10  -8.5979451E-10  -6.3234312E-10  -1.1158160E-09  -1.3878044E-09  -1.0466479E-09  -1.2693929E-09  -2.4683457E-11  -1.0870236E-09  -1.4849468E-09  -2.1817161E-09  -9.1178752E-11  -2.0114188E-09  -3.1362120E-09  -6.3029071E-09  -2.4622797E-09  -3.1792496E-10  -7.3167614E-09  -5.5184263E-10  -1.4970672E-08  -1.8586784E-08  -2.3453687E-08  -5.2948590E-08  -6.6408354E-08  -5.0459099E-09  -1.0885882E-07  -1.5555679E-07  -3.6582367E-07  -4.7830886E-09  -1.0231645E-07  -2.3974826E-07  -1.7314393E-07   8.5428560E-08   1.0646465E-07   1.5985803E-07   1.8094534E-07  -9.3051250E-07  -1.1239428E-06   3.0692533E-07  -9.5457435E-06  -1.2656873E-06  -1.2475751E-10  -4.1548249E-12  -3.8534293E-12  -1.7508797E-12  -5.7347777E-12  -1.5889543E-13
   0.0000000E+00   0.0000000E+00   0.0000000E+00   0.0000000E+00   0.0000000E+00   0.0000000E+00   0.0000000E+00   0.0000000E+00   0.0000000E+00   0.0000000E+00   0.0000000E+00   0.0000000E+00   0.0000000E+00   0.0000000E+00   0.0000000E+00   0.0000000E+00   0.0000000E+00   0.0000000E+00   0.0000000E+00   0.0000000E+00   0.0000000E+00   0.0000000E+00   0.0000000E+00   0.0000000E+00   0.0000000E+00   0.0000000E+00   0.0000000E+00   0.0000000E+00   0.0000000E+00   0.0000000E+00   0.0000000E+00   0.0000000E+00   0.0000000E+00   0.0000000E+00   0.0000000E+00   0.0000000E+00   0.0000000E+00   0.0000000E+00   0.0000000E+00   0.0000000E+00   0.0000000E+00   1.9811210E-20   3.6934191E-19   4.6487865E-18   4.4996137E-17   3.0181330E-16   1.2026693E-15   3.0734154E-15   2.5680154E-15  -4.5328176E-15  -8.4463018E-12  -1.8640421E-10  -2.2647838E-10  -2.5390939E-10  -3.3931769E-10  -1.9864191E-10  -4.3752085E-10  -8.1889467E-10  -4.2020376E-10  -5.9844046E-10  -1.1376708E-11  -4.5485324E-10  -6.3685546E-10  -1.0717767E-09  -7.9988360E-13  -8.5564156E-10  -1.4315858E-09  -3.2847169E-09  -1.0932516E-09  -2.2145095E-10  -3.4019347E-09  -4.1849652E-10  -7.3735409E-09  -9.2887813E-09  -1.2248683E-08  -3.5962557E-08  -4.6571788E-08  -8.0588718E-09  -5.0856638E-08  -1.8047558E-07  -2.1519917E-07  -5.3146681E-07  -7.2734315E-07  -9.2148019E-07  -4.1292347E-07  -9.0026396E-07  -1.0097618E-06  -8.7955118E-07  -8.8372599E-07   2.2895382E-07   2.9299517E-07  -1.8398481E-06  -4.5582660E-06  -1.3709199E-06   6.0620597E-12  -3.9643306E-12  -3.5828901E-12  -1.8761034E-12  -5.3945520E-12  -1.5872058E-13
   0.0000000E+00   0.0000000E+00   0.0000000E+00   0.0000000E+00   0.0000000E+00   0.0000000E+00   0.0000000E+00   0.0000000E+00   0.0000000E+00   0.0000000E+00   0.0000000E+00   0.0000000E+00   0.0000000E+00   0.0000000E+00   0.0000000E+00   0.0000000E+00   0.0000000E+00   0.0000000E+00   0.0000000E+00   0.0000000E+00   0.0000000E+00   0.0000000E+00   0.0000000E+00   0.0000000E+00   0.0000000E+00   0.0000000E+00   0.0000000E+00   0.0000000E+00   0.0000000E+00   0.0000000E+00   0.0000000E+00   0.0000000E+00   0.0000000E+00   0.0000000E+00   0.0000000E+00   0.0000000E+00   0.0000000E+00   0.0000000E+00   0.0000000E+00   0.0000000E+00   5.4927947E-21   1.7295307E-19   2.6198648E-18   2.8273248E-17   2.3207313E-16   1.2688312E-15   3.5504002E-15   1.5702348E-15  -6.2531043E-15   0.0000000E+00   0.0000000E+00  -9.5967977E-11  -1.8826033E-11  -2.0199483E-11  -3.3643217E-11  -1.5360779E-11  -1.6510661E-10  -3.7368514E-10  -1.6029916E-10  -2.3025093E-10  -4.9385773E-12  -1.8423303E-10  -2.6343772E-10  -4.3729301E-10  -1.4894537E-11  -3.5889827E-10  -6.3376321E-10  -1.4532752E-09  -4.7484378E-10  -1.3298417E-10  -1.5376908E-09  -2.6910127E-10  -3.5305685E-09  -4.5215534E-09  -6.2381313E-09  -1.8761536E-08  -2.4897778E-08  -5.6802234E-09  -2.5658119E-08  -1.5338372E-07  -1.2407959E-07  -3.0858655E-07  -3.8649486E-07  -4.6397898E-07  -4.8901126E-07  -8.1789108E-07  -9.7212956E-07  -1.3746778E-06  -2.4761716E-06   1.3649505E-07  -2.2018651E-06  -1.3077991E-07  -2.5511779E-06  -1.5743776E-06   4.9521043E-12  -3.7778019E-12  -3.3547351E-12  -1.9711147E-12  -5.0802539E-12  -1.5854521E-13
   0.0000000E+00   0.0000000E+00   0.0000000E+00   0.0000000E+00   0.0000000E+00   0.0000000E+00   0.0000000E+00   0.0000000E+00   0.0000000E+00   0.0000000E+00   0.0000000E+00   0.0000000E+00   0.0000000E+00   0.0000000E+00   0.0000000E+00   0.0000000E+00   0.0000000E+00   0.0000000E+00   0.0000000E+00   0.0000000E+00   0.0000000E+00   0.0000000E+00   0.0000000E+00   0.0000000E+00   0.0000000E+00   0.0000000E+00   0.0000000E+00   0.0000000E+00   0.0000000E+00   0.0000000E+00   0.0000000E+00   0.0000000E+00   0.0000000E+00   0.0000000E+00   0.0000000E+00   0.0000000E+00   0.0000000E+00   0.0000000E+00   0.0000000E+00   0.0000000E+00   5.3834236E-20   1.3380222E-18   1.7357068E-17   1.5866851E-16   1.0437181E-15   3.7581213E-15  -8.2256497E-16  -6.1476368E-15   0.0000000E+00   0.0000000E+00   0.0000000E+00  -3.0439195E-12  -1.3501985E-11  -1.7967676E-11  -2.8365404E-11  -8.5134670E-11  -1.4318372E-11  -1.3641016E-10  -1.0601079E-11  -1.9782608E-11  -3.1155628E-13  -1.2658106E-11  -2.0702823E-11  -1.7533582E-10  -1.8305491E-11  -1.4912477E-10  -2.7455888E-10  -6.2519534E-10  -1.9949452E-10  -3.1252221E-12  -6.8199185E-10  -1.5775856E-10  -1.6578743E-09  -2.1626538E-09  -3.1172964E-09  -9.2971497E-09  -1.2590949E-08  -3.3460956E-09  -1.3738959E-08  -1.0260934E-07  -7.0431454E-08  -1.7187649E-07  -1.9946508E-07  -2.3402013E-07  -4.2607152E-07  -5.0680853E-07  -7.2382488E-07  -1.1130206E-06  -1.3617533E-06  -3.7714442E-06  -4.9752271E-06  -2.8479283E-06  -1.3620845E-06  -6.6351856E-07   3.9563621E-12  -3.5985041E-12  -3.1606881E-12  -2.0408582E-12  -4.7894904E-12  -1.5836956E-13
   0.0000000E+00   0.0000000E+00   0.0000000E+00   0.0000000E+00   0.0000000E+00   0.0000000E+00   0.0000000E+00   0.0000000E+00   0.0000000E+00   0.0000000E+00   0.0000000E+00   0.0000000E+00   0.0000000E+00   0.0000000E+00   0.0000000E+00   0.0000000E+00   0.0000000E+00   0.0000000E+00   0.0000000E+00   0.0000000E+00   0.0000000E+00   0.0000000E+00   0.0000000E+00   0.0000000E+00   0.0000000E+00   0.0000000E+00   0.0000000E+00   0.0000000E+00   0.0000000E+00   0.0000000E+00   0.0000000E+00   0.0000000E+00   0.0000000E+00   0.0000000E+00   0.0000000E+00   0.0000000E+00   0.0000000E+00   0.0000000E+00   0.0000000E+00   0.0000000E+00   4.5478106E-19   9.5675225E-18   1.0495276E-16   7.5536207E-16   2.8538137E-15  -5.0113662E-15  -4.3366079E-15   0.0000000E+00   0.0000000E+00   0.0000000E+00   0.0000000E+00   0.0000000E+00  -8.7324231E-11  -1.3144808E-11  -2.3660622E-11   0.0000000E+00  -8.6078346E-11  -7.9100830E-11  -8.8058283E-11  -1.6390255E-11  -3.1312871E-12  -8.8759824E-12  -1.8652897E-11  -1.6180123E-11  -1.2023742E-11  -1.0370526E-11  -1.1408027E-10  -2.6132355E-10  -9.2465124E-12  -1.1264532E-11  -2.9415018E-10  -1.5829142E-12  -7.6810486E-10  -1.0224275E-09  -1.5367811E-09  -4.5341619E-09  -6.2669909E-09  -1.8535284E-09  -7.4493918E-09  -5.4411309E-08  -3.9419007E-08  -9.2794508E-08  -1.0089805E-07  -1.1910778E-07  -3.0241569E-07  -2.8345434E-07  -4.0799790E-07  -6.5628632E-07  -7.6062065E-07  -2.2656457E-06  -2.3538989E-06  -2.8446061E-06  -7.0481383E-07  -2.8283554E-07   3.0688494E-12  -3.4283223E-12  -2.9941423E-12  -2.0895054E-12  -4.5201247E-12  -1.5819384E-13
   0.0000000E+00   0.0000000E+00   0.0000000E+00   0.0000000E+00   0.0000000E+00   0.0000000E+00   0.0000000E+00   0.0000000E+00   0.0000000E+00   0.0000000E+00   0.0000000E+00   0.0000000E+00   0.0000000E+00   0.0000000E+00   0.0000000E+00   0.0000000E+00   0.0000000E+00   0.0000000E+00   0.0000000E+00   0.0000000E+00   0.0000000E+00   0.0000000E+00   0.0000000E+00   0.0000000E+00   0.0000000E+00   0.0000000E+00   0.0000000E+00   0.0000000E+00   0.0000000E+00   0.0000000E+00   0.0000000E+00   0.0000000E+00   0.0000000E+00   0.0000000E+00   0.0000000E+00   0.0000000E+00   0.0000000E+00   0.0000000E+00   0.0000000E+00   0.0000000E+00   3.4958435E-18   6.1460578E-17   5.2160474E-16   1.9078312E-15  -4.1843190E-15  -3.9754292E-16   0.0000000E+00   0.0000000E+00   0.0000000E+00   0.0000000E+00   0.0000000E+00   0.0000000E+00   0.0000000E+00  -8.9367208E-11  -1.6848849E-11   0.0000000E+00   0.0000000E+00   0.0000000E+00  -1.3879902E-12  -9.9932250E-11   0.0000000E+00  -9.4510795E-11  -1.9154739E-11  -1.1882412E-11  -9.9451600E-11  -9.4110733E-11  -8.3225447E-11  -1.5789623E-11  -9.3805189E-12  -1.3536743E-11  -1.2614293E-10  -1.1334216E-11  -3.5262818E-10  -4.7975945E-10  -7.5024054E-10  -2.1874236E-09  -3.0820775E-09  -1.0038440E-09  -4.0513624E-09  -2.8402026E-08  -2.1764404E-08  -4.8922438E-08  -5.0381626E-08  -6.0866654E-08  -1.7350762E-07  -1.5408833E-07  -2.2424456E-07  -3.7434924E-07  -4.2669515E-07  -1.2751274E-06  -1.1398500E-06  -2.4069120E-06  -3.5792493E-07  -1.2176203E-07   2.2823664E-12  -3.2681958E-12  -2.8498183E-12  -2.1205763E-12  -4.2702469E-12  -1.5801813E-13
   0.0000000E+00   0.0000000E+00   0.0000000E+00   0.0000000E+00   0.0000000E+00   0.0000000E+00   0.0000000E+00   0.0000000E+00   0.0000000E+00   0.0000000E+00   0.0000000E+00   0.0000000E+00   0.0000000E+00   0.0000000E+00   0.0000000E+00   0.0000000E+00   0.0000000E+00   0.0000000E+00   0.0000000E+00   0.0000000E+00   0.0000000E+00   0.0000000E+00   0.0000000E+00   0.0000000E+00   0.0000000E+00   0.0000000E+00   0.0000000E+00   0.0000000E+00   0.0000000E+00   0.0000000E+00   0.0000000E+00   0.0000000E+00   0.0000000E+00   0.0000000E+00   0.0000000E+00   0.0000000E+00   0.0000000E+00   0.0000000E+00   0.0000000E+00   0.0000000E+00   2.3645974E-17   3.1201075E-16   1.1162244E-15  -2.8556248E-15   0.0000000E+00   0.0000000E+00   0.0000000E+00   0.0000000E+00   0.0000000E+00   0.0000000E+00   0.0000000E+00   0.0000000E+00   0.0000000E+00   0.0000000E+00  -9.0468293E-11   0.0000000E+00   0.0000000E+00   0.0000000E+00   0.0000000E+00   0.0000000E+00   0.0000000E+00  -4.9935891E-13  -1.6629649E-11  -9.7280232E-11   0.0000000E+00   0.0000000E+00  -3.4662304E-13  -1.4745797E-11  -9.3556508E-12  -1.1787411E-11  -2.3556330E-12  -1.4662965E-11  -1.6091631E-10  -2.2409670E-10  -3.6368536E-10  -1.0476301E-09  -1.5033281E-09  -5.3923133E-10  -2.2006643E-09  -1.4692635E-08  -1.1859704E-08  -2.5326575E-08  -2.4959080E-08  -3.1118716E-08  -9.1760796E-08  -8.2156753E-08  -1.2120478E-07  -2.0903228E-07  -2.3830053E-07  -6.8853228E-07  -5.6913211E-07  -1.8634881E-06  -1.7955962E-07  -5.2876537E-08   1.5890866E-12  -3.1184248E-12  -2.7234944E-12  -2.1370401E-12  -4.0381466E-12  -1.5784250E-13
   0.0000000E+00   0.0000000E+00   0.0000000E+00   0.0000000E+00   0.0000000E+00   0.0000000E+00   0.0000000E+00   0.0000000E+00   0.0000000E+00   0.0000000E+00   0.0000000E+00   0.0000000E+00   0.0000000E+00   0.0000000E+00   0.0000000E+00   0.0000000E+00   0.0000000E+00   0.0000000E+00   0.0000000E+00   0.0000000E+00   0.0000000E+00   0.0000000E+00   0.0000000E+00   0.0000000E+00   0.0000000E+00   0.0000000E+00   0.0000000E+00   0.0000000E+00   0.0000000E+00   0.0000000E+00   0.0000000E+00   0.0000000E+00   0.0000000E+00   0.0000000E+00   0.0000000E+00   0.0000000E+00   0.0000000E+00   0.0000000E+00   0.0000000E+00   0.0000000E+00   1.1805471E-16   4.6398199E-16  -1.7631824E-15   0.0000000E+00   0.0000000E+00   0.0000000E+00   0.0000000E+00   0.0000000E+00   0.0000000E+00   0.0000000E+00   0.0000000E+00   0.0000000E+00   0.0000000E+00   0.0000000E+00   0.0000000E+00   0.0000000E+00   0.0000000E+00   0.0000000E+00   0.0000000E+00   0.0000000E+00   0.0000000E+00  -2.8812469E-12  -1.1881493E-11   0.0000000E+00   0.0000000E+00   0.0000000E+00  -3.2830265E-13  -1.3711627E-11  -1.2097914E-11  -8.4411384E-12  -1.9169293E-12  -1.3099137E-11  -5.2375487E-12  -9.7446469E-12  -1.7541148E-10  -4.9938764E-10  -7.2954498E-10  -2.8901553E-10  -1.1921858E-09  -7.5646724E-09  -6.3820957E-09  -1.2928967E-08  -1.2309925E-08  -1.5912137E-08  -4.7748543E-08  -4.3225612E-08  -6.4797383E-08  -1.1506105E-07  -1.3182530E-07  -3.6187237E-07  -2.9450183E-07  -1.3737543E-06  -8.9322583E-08  -2.3139481E-08   9.8098298E-13  -2.9788884E-12  -2.6117927E-12  -2.1414023E-12  -3.8222875E-12  -1.5766701E-13
   0.0000000E+00   0.0000000E+00   0.0000000E+00   0.0000000E+00   0.0000000E+00   0.0000000E+00   0.0000000E+00   0.0000000E+00   0.0000000E+00   0.0000000E+00   0.0000000E+00   0.0000000E+00   0.0000000E+00   0.0000000E+00   0.0000000E+00   0.0000000E+00   0.0000000E+00   0.0000000E+00   0.0000000E+00   0.0000000E+00   0.0000000E+00   0.0000000E+00   0.0000000E+00   0.0000000E+00   0.0000000E+00   0.0000000E+00   0.0000000E+00   0.0000000E+00   0.0000000E+00   0.0000000E+00   0.0000000E+00   0.0000000E+00   0.0000000E+00   0.0000000E+00   0.0000000E+00   0.0000000E+00   0.0000000E+00   0.0000000E+00   0.0000000E+00   0.0000000E+00   3.7965013E-17  -8.4855168E-16   0.0000000E+00   0.0000000E+00   0.0000000E+00   0.0000000E+00   0.0000000E+00   0.0000000E+00   0.0000000E+00   0.0000000E+00   0.0000000E+00   0.0000000E+00   0.0000000E+00   0.0000000E+00   0.0000000E+00   0.0000000E+00   0.0000000E+00   0.0000000E+00   0.0000000E+00   0.0000000E+00   0.0000000E+00   0.0000000E+00  -8.9136677E-11   0.0000000E+00   0.0000000E+00   0.0000000E+00  -3.1187843E-13  -1.2778630E-11  -1.2831379E-11  -7.0351034E-12  -1.2498365E-12  -1.1693275E-11  -5.2100724E-12  -9.1557326E-12  -6.1094125E-12  -2.3738247E-10  -3.5313355E-10  -1.5495424E-10  -6.4404321E-10  -3.8861758E-09  -3.3946614E-09  -6.5296404E-09  -6.0588401E-09  -8.1356086E-09  -2.4568987E-08  -2.2537192E-08  -3.4401658E-08  -6.2689310E-08  -7.2090351E-08  -1.8689042E-07  -1.5842402E-07  -9.8656585E-07  -4.4163521E-08  -1.0195778E-08   4.5009995E-13  -2.8510185E-12  -2.6042625E-12  -5.5671015E-12  -5.0984106E-14  -1.5749165E-13
   0.0000000E+00   0.0000000E+00   0.0000000E+00   0.0000000E+00   0.0000000E+00   0.0000000E+00   0.0000000E+00   0.0000000E+00   0.0000000E+00   0.0000000E+00   0.0000000E+00   0.0000000E+00   0.0000000E+00   0.0000000E+00   0.0000000E+00   0.0000000E+00   0.0000000E+00   0.0000000E+00   0.0000000E+00   0.0000000E+00   0.0000000E+00   0.0000000E+00   0.0000000E+00   0.0000000E+00   0.0000000E+00   0.0000000E+00   0.0000000E+00   0.0000000E+00   0.0000000E+00   0.0000000E+00   0.0000000E+00   0.0000000E+00   0.0000000E+00   0.0000000E+00   0.0000000E+00   0.0000000E+00   0.0000000E+00   0.0000000E+00   0.0000000E+00   0.0000000E+00  -1.8367564E-16   0.0000000E+00   0.0000000E+00   0.0000000E+00   0.0000000E+00   0.0000000E+00   0.0000000E+00   0.0000000E+00   0.0000000E+00   0.0000000E+00   0.0000000E+00   0.0000000E+00   0.0000000E+00   0.0000000E+00   0.0000000E+00   0.0000000E+00   0.0000000E+00   0.0000000E+00   0.0000000E+00   0.0000000E+00   0.0000000E+00   0.0000000E+00   0.0000000E+00   0.0000000E+00   0.0000000E+00   0.0000000E+00  -3.4428837E-13  -1.4844797E-11  -8.3102015E-12  -9.3012167E-11  -1.1298902E-12  -1.0440467E-11  -5.1177855E-12  -8.7620111E-12  -8.6727648E-12  -1.1249757E-10  -1.6184784E-10  -2.2801409E-12  -3.4708980E-10  -1.9947237E-09  -1.7865976E-09  -3.2708272E-09  -2.9808398E-09  -4.1585042E-09  -1.2543797E-08  -1.1679854E-08  -1.8188803E-08  -3.3887286E-08  -3.8971475E-08  -9.5494762E-08  -8.8712710E-08  -6.9961465E-07  -2.1736273E-08  -4.5201847E-09  -1.6215665E-14  -2.9179476E-12  -7.5091496E-12  -9.9647991E-11  -9.9956356E-11  -1.5731646E-13
   0.0000000E+00   0.0000000E+00   0.0000000E+00   0.0000000E+00   0.0000000E+00   0.0000000E+00   0.0000000E+00   0.0000000E+00   0.0000000E+00   0.0000000E+00   0.0000000E+00   0.0000000E+00   0.0000000E+00   0.0000000E+00   0.0000000E+00   0.0000000E+00   0.0000000E+00   0.0000000E+00   0.0000000E+00   0.0000000E+00   0.0000000E+00   0.0000000E+00   0.0000000E+00   0.0000000E+00   0.0000000E+00   0.0000000E+00   0.0000000E+00   0.0000000E+00   0.0000000E+00   0.0000000E+00   0.0000000E+00   0.0000000E+00   0.0000000E+00   0.0000000E+00   0.0000000E+00   0.0000000E+00   0.0000000E+00   0.0000000E+00   0.0000000E+00   0.0000000E+00   0.0000000E+00   0.0000000E+00   0.0000000E+00   0.0000000E+00   0.0000000E+00   0.0000000E+00   0.0000000E+00   0.0000000E+00   0.0000000E+00   0.0000000E+00   0.0000000E+00   0.0000000E+00   0.0000000E+00   0.0000000E+00   0.0000000E+00   0.0000000E+00   0.0000000E+00   0.0000000E+00   0.0000000E+00   0.0000000E+00   0.0000000E+00   0.0000000E+00   0.0000000E+00   0.0000000E+00   0.0000000E+00   0.0000000E+00  -3.7834669E-13  -1.3185204E-11  -9.1853337E-11   0.0000000E+00  -1.6228366E-12  -9.3289482E-12  -4.9875685E-12  -8.4435505E-12  -9.0568178E-12   3.3306702E-13   7.0353419E-12  -1.0794132E-11  -1.8670192E-10  -1.0235616E-09  -9.3140906E-10  -1.6283003E-09  -1.4674986E-09  -2.1248900E-09  -6.3699708E-09  -6.0300884E-09  -9.5954977E-09  -1.8199438E-08  -2.0848114E-08  -4.8533231E-08  -5.1688335E-08  -4.9387666E-07  -1.0660812E-08  -2.0151156E-09  -4.5490597E-13  -3.1813350E-12  -6.8122500E-12   0.0000000E+00   0.0000000E+00  -1.5714143E-13
   0.0000000E+00   0.0000000E+00   0.0000000E+00   0.0000000E+00   0.0000000E+00   0.0000000E+00   0.0000000E+00   0.0000000E+00   0.0000000E+00   0.0000000E+00   0.0000000E+00   0.0000000E+00   0.0000000E+00   0.0000000E+00   0.0000000E+00   0.0000000E+00   0.0000000E+00   0.0000000E+00   0.0000000E+00   0.0000000E+00   0.0000000E+00   0.0000000E+00   0.0000000E+00   0.0000000E+00   0.0000000E+00   0.0000000E+00   0.0000000E+00   0.0000000E+00   0.0000000E+00   0.0000000E+00   0.0000000E+00   0.0000000E+00   0.0000000E+00   0.0000000E+00   0.0000000E+00   0.0000000E+00   0.0000000E+00   0.0000000E+00   0.0000000E+00   0.0000000E+00   0.0000000E+00   0.0000000E+00   0.0000000E+00   0.0000000E+00   0.0000000E+00   0.0000000E+00   0.0000000E+00   0.0000000E+00   0.0000000E+00   0.0000000E+00   0.0000000E+00   0.0000000E+00   0.0000000E+00   0.0000000E+00   0.0000000E+00   0.0000000E+00   0.0000000E+00   0.0000000E+00   0.0000000E+00   0.0000000E+00   0.0000000E+00   0.0000000E+00   0.0000000E+00   0.0000000E+00   0.0000000E+00   0.0000000E+00  -2.7415114E-12  -9.2531486E-12   0.0000000E+00   0.0000000E+00  -9.4014817E-11  -8.3457737E-12  -4.8347255E-12  -8.0831548E-12  -7.7476194E-12   1.6034541E-13   4.4950996E-12  -1.3919286E-11  -1.0028194E-10  -5.2510363E-10  -4.8153181E-10  -8.0686685E-10  -7.2346262E-10  -1.0853791E-09  -3.2230678E-09  -3.1065996E-09  -5.0572928E-09  -9.7191162E-09  -1.1054480E-08  -2.4646376E-08  -3.1270559E-08  -3.4873179E-07  -5.2145332E-09  -9.0289098E-10  -1.1179313E-12  -9.0498312E-12  -9.8740488E-11   0.0000000E+00   0.0000000E+00  -1.5696658E-13
   0.0000000E+00   0.0000000E+00   0.0000000E+00   0.0000000E+00   0.0000000E+00   0.0000000E+00   0.0000000E+00   0.0000000E+00   0.0000000E+00   0.0000000E+00   0.0000000E+00   0.0000000E+00   0.0000000E+00   0.0000000E+00   0.0000000E+00   0.0000000E+00   0.0000000E+00   0.0000000E+00   0.0000000E+00   0.0000000E+00   0.0000000E+00   0.0000000E+00   0.0000000E+00   0.0000000E+00   0.0000000E+00   0.0000000E+00   0.0000000E+00   0.0000000E+00   0.0000000E+00   0.0000000E+00   0.0000000E+00   0.0000000E+00   0.0000000E+00   0.0000000E+00   0.0000000E+00   0.0000000E+00   0.0000000E+00   0.0000000E+00   0.0000000E+00   0.0000000E+00   0.0000000E+00   0.0000000E+00   0.0000000E+00   0.0000000E+00   0.0000000E+00   0.0000000E+00   0.0000000E+00   0.0000000E+00   0.0000000E+00   0.0000000E+00   0.0000000E+00   0.0000000E+00   0.0000000E+00   0.0000000E+00   0.0000000E+00   0.0000000E+00   0.0000000E+00   0.0000000E+00   0.0000000E+00   0.0000000E+00   0.0000000E+00   0.0000000E+00   0.0000000E+00   0.0000000E+00   0.0000000E+00   0.0000000E+00   0.0000000E+00  -9.4670008E-11   0.0000000E+00   0.0000000E+00  -4.9017817E-12  -2.9516786E-12  -4.6665558E-12  -7.6901749E-12  -7.0729789E-12   4.5420769E-13   2.2290106E-12  -1.1381939E-11   8.2755357E-13  -2.6926847E-10  -2.4714261E-10  -3.9847373E-10  -3.5731121E-10  -5.5422239E-10  -1.6269714E-09  -1.5990931E-09  -2.6649463E-09  -5.1642148E-09  -5.8208758E-09  -1.2560887E-08  -1.9576866E-08  -2.4700361E-07  -2.5451421E-09  -4.0647113E-10  -3.4727642E-12  -6.5608014E-12   0.0000000E+00   0.0000000E+00   0.0000000E+00  -1.5679190E-13
   0.0000000E+00   0.0000000E+00   0.0000000E+00   0.0000000E+00   0.0000000E+00   0.0000000E+00   0.0000000E+00   0.0000000E+00   0.0000000E+00   0.0000000E+00   0.0000000E+00   0.0000000E+00   0.0000000E+00   0.0000000E+00   0.0000000E+00   0.0000000E+00   0.0000000E+00   0.0000000E+00   0.0000000E+00   0.0000000E+00   0.0000000E+00   0.0000000E+00   0.0000000E+00   0.0000000E+00   0.0000000E+00   0.0000000E+00   0.0000000E+00   0.0000000E+00   0.0000000E+00   0.0000000E+00   0.0000000E+00   0.0000000E+00   0.0000000E+00   0.0000000E+00   0.0000000E+00   0.0000000E+00   0.0000000E+00   0.0000000E+00   0.0000000E+00   0.0000000E+00   0.0000000E+00   0.0000000E+00   0.0000000E+00   0.0000000E+00   0.0000000E+00   0.0000000E+00   0.0000000E+00   0.0000000E+00   0.0000000E+00   0.0000000E+00   0.0000000E+00   0.0000000E+00   0.0000000E+00   0.0000000E+00   0.0000000E+00   0.0000000E+00   0.0000000E+00   0.0000000E+00   0.0000000E+00   0.0000000E+00   0.0000000E+00   0.0000000E+00   0.0000000E+00   0.0000000E+00   0.0000000E+00   0.0000000E+00   0.0000000E+00   0.0000000E+00   0.0000000E+00   0.0000000E+00   0.0000000E+00  -9.5176762E-11  -3.2502996E-12  -7.2877754E-12  -6.4357200E-12   6.3490234E-13   5.0470581E-13  -9.7246881E-12  -3.5468471E-12  -1.3797226E-10  -1.2605009E-10  -1.9631685E-10  -1.7683978E-10  -2.8292302E-10  -8.2013202E-10  -8.2320767E-10  -1.4045994E-09  -2.7315985E-09  -3.0501914E-09  -6.4538228E-09  -1.2630211E-08  -1.7577563E-07  -1.2401635E-09  -1.8420797E-10  -9.1979402E-12  -9.8893525E-11   0.0000000E+00   0.0000000E+00   0.0000000E+00  -1.5661741E-13
   0.0000000E+00   0.0000000E+00   0.0000000E+00   0.0000000E+00   0.0000000E+00   0.0000000E+00   0.0000000E+00   0.0000000E+00   0.0000000E+00   0.0000000E+00   0.0000000E+00   0.0000000E+00   0.0000000E+00   0.0000000E+00   0.0000000E+00   0.0000000E+00   0.0000000E+00   0.0000000E+00   0.0000000E+00   0.0000000E+00   0.0000000E+00   0.0000000E+00   0.0000000E+00   0.0000000E+00   0.0000000E+00   0.0000000E+00   0.0000000E+00   0.0000000E+00   0.0000000E+00   0.0000000E+00   0.0000000E+00   0.0000000E+00   0.0000000E+00   0.0000000E+00   0.0000000E+00   0.0000000E+00   0.0000000E+00   0.0000000E+00   0.0000000E+00   0.0000000E+00   0.0000000E+00   0.0000000E+00   0.0000000E+00   0.0000000E+00   0.0000000E+00   0.0000000E+00   0.0000000E+00   0.0000000E+00   0.0000000E+00   0.0000000E+00   0.0000000E+00   0.0000000E+00   0.0000000E+00   0.0000000E+00   0.0000000E+00   0.0000000E+00   0.0000000E+00   0.0000000E+00   0.0000000E+00   0.0000000E+00   0.0000000E+00   0.0000000E+00   0.0000000E+00   0.0000000E+00   0.0000000E+00   0.0000000E+00   0.0000000E+00   0.0000000E+00   0.0000000E+00   0.0000000E+00   0.0000000E+00  -1.9410680E-12  -1.2915447E-12  -6.8623575E-12  -5.2704533E-12   1.2637177E-13  -8.2965107E-13  -8.4928236E-12  -2.8171922E-12   4.9025211E-12   2.0817768E-12  -2.4757327E-12  -7.6339794E-12  -1.4439963E-10  -4.1314083E-10  -4.2414153E-10  -7.4058409E-10  -1.4391319E-09  -1.5942365E-09  -3.3596905E-09  -8.3608276E-09  -1.2579046E-07  -5.9683358E-10  -6.7923596E-12  -8.4507731E-12   0.0000000E+00   0.0000000E+00   0.0000000E+00   0.0000000E+00  -1.5644308E-13
   0.0000000E+00   0.0000000E+00   0.0000000E+00   0.0000000E+00   0.0000000E+00   0.0000000E+00   0.0000000E+00   0.0000000E+00   0.0000000E+00   0.0000000E+00   0.0000000E+00   0.0000000E+00   0.0000000E+00   0.0000000E+00   0.0000000E+00   0.0000000E+00   0.0000000E+00   0.0000000E+00   0.0000000E+00   0.0000000E+00   0.0000000E+00   0.0000000E+00   0.0000000E+00   0.0000000E+00   0.0000000E+00   0.0000000E+00   0.0000000E+00   0.0000000E+00   0.0000000E+00   0.0000000E+00   0.0000000E+00   0.0000000E+00   0.0000000E+00   0.0000000E+00   0.0000000E+00   0.0000000E+00   0.0000000E+00   0.0000000E+00   0.0000000E+00   0.0000000E+00   0.0000000E+00   0.0000000E+00   0.0000000E+00   0.0000000E+00   0.0000000E+00   0.0000000E+00   0.0000000E+00   0.0000000E+00   0.0000000E+00   0.0000000E+00   0.0000000E+00   0.0000000E+00   0.0000000E+00   0.0000000E+00   0.0000000E+00   0.0000000E+00   0.0000000E+00   0.0000000E+00   0.0000000E+00   0.0000000E+00   0.0000000E+00   0.0000000E+00   0.0000000E+00   0.0000000E+00   0.0000000E+00   0.0000000E+00   0.0000000E+00   0.0000000E+00   0.0000000E+00   0.0000000E+00   0.0000000E+00   0.0000000E+00  -9.5440204E-11  -6.4413804E-12  -4.7739759E-12   1.7346767E-13  -1.8572025E-12  -7.4188026E-12  -2.1540040E-12   4.7101281E-12   1.5479158E-12  -3.1758465E-12  -6.6791282E-12  -2.3106825E-12  -2.0809975E-10  -2.1883403E-10  -3.9061673E-10  -7.5566869E-10  -8.3327273E-10  -1.7816663E-09  -5.6556608E-09  -9.0567632E-08  -2.8777428E-10  -6.4850907E-12  -7.7806147E-12   0.0000000E+00   0.0000000E+00   0.0000000E+00   0.0000000E+00  -1.5626895E-13
   0.0000000E+00   0.0000000E+00   0.0000000E+00   0.0000000E+00   0.0000000E+00   0.0000000E+00   0.0000000E+00   0.0000000E+00   0.0000000E+00   0.0000000E+00   0.0000000E+00   0.0000000E+00   0.0000000E+00   0.0000000E+00   0.0000000E+00   0.0000000E+00   0.0000000E+00   0.0000000E+00   0.0000000E+00   0.0000000E+00   0.0000000E+00   0.0000000E+00   0.0000000E+00   0.0000000E+00   0.0000000E+00   0.0000000E+00   0.0000000E+00   0.0000000E+00   0.0000000E+00   0.0000000E+00   0.0000000E+00   0.0000000E+00   0.0000000E+00   0.0000000E+00   0.0000000E+00   0.0000000E+00   0.0000000E+00   0.0000000E+00   0.0000000E+00   0.0000000E+00   0.0000000E+00   0.0000000E+00   0.0000000E+00   0.0000000E+00   0.0000000E+00   0.0000000E+00   0.0000000E+00   0.0000000E+00   0.0000000E+00   0.0000000E+00   0.0000000E+00   0.0000000E+00   0.0000000E+00   0.0000000E+00   0.0000000E+00   0.0000000E+00   0.0000000E+00   0.0000000E+00   0.0000000E+00   0.0000000E+00   0.0000000E+00   0.0000000E+00   0.0000000E+00   0.0000000E+00   0.0000000E+00   0.0000000E+00   0.0000000E+00   0.0000000E+00   0.0000000E+00   0.0000000E+00   0.0000000E+00   0.0000000E+00  -1.9602943E-13  -6.0342768E-12  -4.3148783E-12   1.6311345E-13  -2.6344794E-12  -6.4755740E-12  -1.5552559E-12   4.4500822E-12   1.0188370E-12  -3.6548642E-12  -6.0857877E-12  -4.8540148E-12  -1.0485867E-10  -1.1310761E-10  -2.0608568E-10  -3.9577616E-10  -4.3684967E-10  -9.6799346E-10  -3.8955341E-09  -6.5618345E-08  -1.3920638E-10  -6.1833494E-12  -7.1779041E-12   0.0000000E+00   0.0000000E+00   0.0000000E+00   0.0000000E+00  -1.5609499E-13
   0.0000000E+00   0.0000000E+00   0.0000000E+00   0.0000000E+00   0.0000000E+00   0.0000000E+00   0.0000000E+00   0.0000000E+00   0.0000000E+00   0.0000000E+00   0.0000000E+00   0.0000000E+00   0.0000000E+00   0.0000000E+00   0.0000000E+00   0.0000000E+00   0.0000000E+00   0.0000000E+00   0.0000000E+00   0.0000000E+00   0.0000000E+00   0.0000000E+00   0.0000000E+00   0.0000000E+00   0.0000000E+00   0.0000000E+00   0.0000000E+00   0.0000000E+00   0.0000000E+00   0.0000000E+00   0.0000000E+00   0.0000000E+00   0.0000000E+00   0.0000000E+00   0.0000000E+00   0.0000000E+00   0.0000000E+00   0.0000000E+00   0.0000000E+00   0.0000000E+00   0.0000000E+00   0.0000000E+00   0.0000000E+00   0.0000000E+00   0.0000000E+00   0.0000000E+00   0.0000000E+00   0.0000000E+00   0.0000000E+00   0.0000000E+00   0.0000000E+00   0.0000000E+00   0.0000000E+00   0.0000000E+00   0.0000000E+00   0.0000000E+00   0.0000000E+00   0.0000000E+00   0.0000000E+00   0.0000000E+00   0.0000000E+00   0.0000000E+00   0.0000000E+00   0.0000000E+00   0.0000000E+00   0.0000000E+00   0.0000000E+00   0.0000000E+00   0.0000000E+00   0.0000000E+00   0.0000000E+00   0.0000000E+00  -2.3600699E-13  -7.4865504E-12  -1.9750716E-12   1.1021842E-13  -3.2078357E-12  -5.6417692E-12  -1.0196107E-12   4.1288119E-12   5.1806335E-13  -3.9804275E-12  -5.6421916E-12  -4.4141648E-12   1.1884735E-12   3.7563388E-13  -1.0875080E-10  -2.0696031E-10  -2.3053268E-10  -5.4175786E-10  -2.7240976E-09  -4.7841599E-08   5.5972974E-12  -5.8899535E-12  -6.6344634E-12   0.0000000E+00   0.0000000E+00   0.0000000E+00   0.0000000E+00  -1.5592122E-13
   0.0000000E+00   0.0000000E+00   0.0000000E+00   0.0000000E+00   0.0000000E+00   0.0000000E+00   0.0000000E+00   0.0000000E+00   0.0000000E+00   0.0000000E+00   0.0000000E+00   0.0000000E+00   0.0000000E+00   0.0000000E+00   0.0000000E+00   0.0000000E+00   0.0000000E+00   0.0000000E+00   0.0000000E+00   0.0000000E+00   0.0000000E+00   0.0000000E+00   0.0000000E+00   0.0000000E+00   0.0000000E+00   0.0000000E+00   0.0000000E+00   0.0000000E+00   0.0000000E+00   0.0000000E+00   0.0000000E+00   0.0000000E+00   0.0000000E+00   0.0000000E+00   0.0000000E+00   0.0000000E+00   0.0000000E+00   0.0000000E+00   0.0000000E+00   0.0000000E+00   0.0000000E+00   0.0000000E+00   0.0000000E+00   0.0000000E+00   0.0000000E+00   0.0000000E+00   0.0000000E+00   0.0000000E+00   0.0000000E+00   0.0000000E+00   0.0000000E+00   0.0000000E+00   0.0000000E+00   0.0000000E+00   0.0000000E+00   0.0000000E+00   0.0000000E+00   0.0000000E+00   0.0000000E+00   0.0000000E+00   0.0000000E+00   0.0000000E+00   0.0000000E+00   0.0000000E+00   0.0000000E+00   0.0000000E+00   0.0000000E+00   0.0000000E+00   0.0000000E+00   0.0000000E+00   0.0000000E+00   0.0000000E+00  -2.5376869E-13  -8.1582475E-12  -4.3946628E-13   2.7490236E-14  -5.2144083E-12  -3.2826860E-12  -5.4602655E-13   3.7562349E-12   5.8568710E-14  -4.1896447E-12  -5.2341144E-12  -4.0096012E-12   1.1497573E-12   6.0813442E-13   1.1240997E-12  -1.0819378E-10  -1.2297742E-10  -3.1372974E-10  -1.9294806E-09  -3.5102477E-08   4.5300473E-12  -5.6067546E-12  -6.1432678E-12   0.0000000E+00   0.0000000E+00   0.0000000E+00   0.0000000E+00  -1.5574761E-13
   0.0000000E+00   0.0000000E+00   0.0000000E+00   0.0000000E+00   0.0000000E+00   0.0000000E+00   0.0000000E+00   0.0000000E+00   0.0000000E+00   0.0000000E+00   0.0000000E+00   0.0000000E+00   0.0000000E+00   0.0000000E+00   0.0000000E+00   0.0000000E+00   0.0000000E+00   0.0000000E+00   0.0000000E+00   0.0000000E+00   0.0000000E+00   0.0000000E+00   0.0000000E+00   0.0000000E+00   0.0000000E+00   0.0000000E+00   0.0000000E+00   0.0000000E+00   0.0000000E+00   0.0000000E+00   0.0000000E+00   0.0000000E+00   0.0000000E+00   0.0000000E+00   0.0000000E+00   0.0000000E+00   0.0000000E+00   0.0000000E+00   0.0000000E+00   0.0000000E+00   0.0000000E+00   0.0000000E+00   0.0000000E+00   0.0000000E+00   0.0000000E+00   0.0000000E+00   0.0000000E+00   0.0000000E+00   0.0000000E+00   0.0000000E+00   0.0000000E+00   0.0000000E+00   0.0000000E+00   0.0000000E+00   0.0000000E+00   0.0000000E+00   0.0000000E+00   0.0000000E+00   0.0000000E+00   0.0000000E+00   0.0000000E+00   0.0000000E+00   0.0000000E+00   0.0000000E+00   0.0000000E+00   0.0000000E+00   0.0000000E+00   0.0000000E+00   0.0000000E+00   0.0000000E+00   0.0000000E+00   0.0000000E+00  -3.2269523E-12  -4.4722425E-12  -9.6491676E-11  -2.9913111E-13  -6.3832117E-12  -1.4718638E-12  -1.3342035E-13   3.3439332E-12  -3.5285997E-13  -4.3077326E-12  -4.8582839E-12  -3.6394503E-12   1.1232796E-12   6.5177909E-13   1.6406131E-12   7.3441453E-12   6.0743316E-12  -1.8848559E-10  -1.3818076E-09  -2.5916661E-08   3.5704447E-12  -5.3349027E-12  -5.6982604E-12   0.0000000E+00   0.0000000E+00   0.0000000E+00   0.0000000E+00  -1.5557419E-13
   0.0000000E+00   0.0000000E+00   0.0000000E+00   0.0000000E+00   0.0000000E+00   0.0000000E+00   0.0000000E+00   0.0000000E+00   0.0000000E+00   0.0000000E+00   0.0000000E+00   0.0000000E+00   0.0000000E+00   0.0000000E+00   0.0000000E+00   0.0000000E+00   0.0000000E+00   0.0000000E+00   0.0000000E+00   0.0000000E+00   0.0000000E+00   0.0000000E+00   0.0000000E+00   0.0000000E+00   0.0000000E+00   0.0000000E+00   0.0000000E+00   0.0000000E+00   0.0000000E+00   0.0000000E+00   0.0000000E+00   0.0000000E+00   0.0000000E+00   0.0000000E+00   0.0000000E+00   0.0000000E+00   0.0000000E+00   0.0000000E+00   0.0000000E+00   0.0000000E+00   0.0000000E+00   0.0000000E+00   0.0000000E+00   0.0000000E+00   0.0000000E+00   0.0000000E+00   0.0000000E+00   0.0000000E+00   0.0000000E+00   0.0000000E+00   0.0000000E+00   0.0000000E+00   0.0000000E+00   0.0000000E+00   0.0000000E+00   0.0000000E+00   0.0000000E+00   0.0000000E+00   0.0000000E+00   0.0000000E+00   0.0000000E+00   0.0000000E+00   0.0000000E+00   0.0000000E+00   0.0000000E+00   0.0000000E+00   0.0000000E+00   0.0000000E+00   0.0000000E+00   0.0000000E+00   0.0000000E+00   0.0000000E+00   0.0000000E+00  -9.6839779E-11   4.2728272E-14  -5.9141895E-13  -1.0685976E-11  -9.3888973E-11   2.1958009E-13   2.9039247E-12  -7.1365456E-13  -4.3549647E-12  -4.5117352E-12  -3.3004335E-12   1.1039088E-12   7.3183576E-13   2.1648085E-12   6.8900562E-12  -6.9502596E-13  -1.1752831E-10  -9.9920472E-10  -1.9252047E-08   2.7114682E-12  -5.0750311E-12  -5.2942034E-12   0.0000000E+00   0.0000000E+00   0.0000000E+00   0.0000000E+00  -1.5540095E-13
   0.0000000E+00   0.0000000E+00   0.0000000E+00   0.0000000E+00   0.0000000E+00   0.0000000E+00   0.0000000E+00   0.0000000E+00   0.0000000E+00   0.0000000E+00   0.0000000E+00   0.0000000E+00   0.0000000E+00   0.0000000E+00   0.0000000E+00   0.0000000E+00   0.0000000E+00   0.0000000E+00   0.0000000E+00   0.0000000E+00   0.0000000E+00   0.0000000E+00   0.0000000E+00   0.0000000E+00   0.0000000E+00   0.0000000E+00   0.0000000E+00   0.0000000E+00   0.0000000E+00   0.0000000E+00   0.0000000E+00   0.0000000E+00   0.0000000E+00   0.0000000E+00   0.0000000E+00   0.0000000E+00   0.0000000E+00   0.0000000E+00   0.0000000E+00   0.0000000E+00   0.0000000E+00   0.0000000E+00   0.0000000E+00   0.0000000E+00   0.0000000E+00   0.0000000E+00   0.0000000E+00   0.0000000E+00   0.0000000E+00   0.0000000E+00   0.0000000E+00   0.0000000E+00   0.0000000E+00   0.0000000E+00   0.0000000E+00   0.0000000E+00   0.0000000E+00   0.0000000E+00   0.0000000E+00   0.0000000E+00   0.0000000E+00   0.0000000E+00   0.0000000E+00   0.0000000E+00   0.0000000E+00   0.0000000E+00   0.0000000E+00   0.0000000E+00   0.0000000E+00   0.0000000E+00   0.0000000E+00   0.0000000E+00   0.0000000E+00   0.0000000E+00   2.1101705E-14  -1.0536769E-12  -9.8243228E-12   4.1795652E-14   5.1480857E-13   2.4478043E-12  -1.0241546E-12  -4.3475740E-12  -4.1917472E-12  -2.9894975E-12   1.0926507E-12   8.4457284E-13   2.6114310E-12   5.8430526E-12  -4.5141248E-12  -7.5919368E-11  -7.2880924E-10  -1.4387123E-08   1.8491519E-12  -8.3845673E-12  -1.2259545E-12   0.0000000E+00   0.0000000E+00   0.0000000E+00   0.0000000E+00  -1.5522789E-13
   0.0000000E+00   0.0000000E+00   0.0000000E+00   0.0000000E+00   0.0000000E+00   0.0000000E+00   0.0000000E+00   0.0000000E+00   0.0000000E+00   0.0000000E+00   0.0000000E+00   0.0000000E+00   0.0000000E+00   0.0000000E+00   0.0000000E+00   0.0000000E+00   0.0000000E+00   0.0000000E+00   0.0000000E+00   0.0000000E+00   0.0000000E+00   0.0000000E+00   0.0000000E+00   0.0000000E+00   0.0000000E+00   0.0000000E+00   0.0000000E+00   0.0000000E+00   0.0000000E+00   0.0000000E+00   0.0000000E+00   0.0000000E+00   0.0000000E+00   0.0000000E+00   0.0000000E+00   0.0000000E+00   0.0000000E+00   0.0000000E+00   0.0000000E+00   0.0000000E+00   0.0000000E+00   0.0000000E+00   0.0000000E+00   0.0000000E+00   0.0000000E+00   0.0000000E+00   0.0000000E+00   0.0000000E+00   0.0000000E+00   0.0000000E+00   0.0000000E+00   0.0000000E+00   0.0000000E+00   0.0000000E+00   0.0000000E+00   0.0000000E+00   0.0000000E+00   0.0000000E+00   0.0000000E+00   0.0000000E+00   0.0000000E+00   0.0000000E+00   0.0000000E+00   0.0000000E+00   0.0000000E+00   0.0000000E+00   0.0000000E+00   0.0000000E+00   0.0000000E+00   0.0000000E+00   0.0000000E+00   0.0000000E+00   0.0000000E+00   0.0000000E+00  -6.7503257E-13  -7.4861867E-13  -9.0430684E-12   6.4998293E-14   7.5463068E-13   1.9861873E-12  -1.2865881E-12  -4.2985099E-12  -3.8958346E-12  -2.7037426E-12   1.0903705E-12   9.8220683E-13   2.9418735E-12   4.8569768E-12   2.9191558E-12   2.2807223E-10   3.9904973E-09  -1.5600126E-08   8.3558524E-13  -8.4140169E-12  -9.9211847E-11   0.0000000E+00   0.0000000E+00   0.0000000E+00   0.0000000E+00  -1.5505502E-13
   0.0000000E+00   0.0000000E+00   0.0000000E+00   0.0000000E+00   0.0000000E+00   0.0000000E+00   0.0000000E+00   0.0000000E+00   0.0000000E+00   0.0000000E+00   0.0000000E+00   0.0000000E+00   0.0000000E+00   0.0000000E+00   0.0000000E+00   0.0000000E+00   0.0000000E+00   0.0000000E+00   0.0000000E+00   0.0000000E+00   0.0000000E+00   0.0000000E+00   0.0000000E+00   0.0000000E+00   0.0000000E+00   0.0000000E+00   0.0000000E+00   0.0000000E+00   0.0000000E+00   0.0000000E+00   0.0000000E+00   0.0000000E+00   0.0000000E+00   0.0000000E+00   0.0000000E+00   0.0000000E+00   0.0000000E+00   0.0000000E+00   0.0000000E+00   0.0000000E+00   0.0000000E+00   0.0000000E+00   0.0000000E+00   0.0000000E+00   0.0000000E+00   0.0000000E+00   0.0000000E+00   0.0000000E+00   0.0000000E+00   0.0000000E+00   0.0000000E+00   0.0000000E+00   0.0000000E+00   0.0000000E+00   0.0000000E+00   0.0000000E+00   0.0000000E+00   0.0000000E+00   0.0000000E+00   0.0000000E+00   0.0000000E+00   0.0000000E+00   0.0000000E+00   0.0000000E+00   0.0000000E+00   0.0000000E+00   0.0000000E+00   0.0000000E+00   0.0000000E+00   0.0000000E+00   0.0000000E+00   0.0000000E+00   0.0000000E+00   0.0000000E+00  -6.8620478E-13  -3.9871833E-13  -8.3339620E-12   8.3986644E-14   9.4191560E-13   1.5283585E-12  -1.5043526E-12  -4.2180708E-12  -3.6217336E-12  -2.4404513E-12   1.0975973E-12   1.1368286E-12   3.2144209E-12   5.5010584E-12   2.6876803E-11   1.9532001E-10  -1.3407189E-09  -1.8065325E-08  -2.0657651E-14  -7.5950574E-12   0.0000000E+00   0.0000000E+00   0.0000000E+00   0.0000000E+00   0.0000000E+00  -1.5488232E-13
