   0.0000000E+00   0.0000000E+00   0.0000000E+00   0.0000000E+00   0.0000000E+00   0.0000000E+00   0.0000000E+00   0.0000000E+00   0.0000000E+00   0.0000000E+00   0.0000000E+00   0.0000000E+00   0.0000000E+00   0.0000000E+00   0.0000000E+00   0.0000000E+00   0.0000000E+00   0.0000000E+00   0.0000000E+00   0.0000000E+00   0.0000000E+00   0.0000000E+00   0.0000000E+00   0.0000000E+00   0.0000000E+00   0.0000000E+00   0.0000000E+00   0.0000000E+00   0.0000000E+00   0.0000000E+00   0.0000000E+00   0.0000000E+00   0.0000000E+00   0.0000000E+00   0.0000000E+00   0.0000000E+00   0.0000000E+00   0.0000000E+00   0.0000000E+00   0.0000000E+00   0.0000000E+00   0.0000000E+00   0.0000000E+00   0.0000000E+00   0.0000000E+00   0.0000000E+00   0.0000000E+00   0.0000000E+00   0.0000000E+00   0.0000000E+00   0.0000000E+00   0.0000000E+00   0.0000000E+00   0.0000000E+00   0.0000000E+00   0.0000000E+00   0.0000000E+00   0.0000000E+00   0.0000000E+00   0.0000000E+00   0.0000000E+00   0.0000000E+00   0.0000000E+00   0.0000000E+00   0.0000000E+00   0.0000000E+00   0.0000000E+00   0.0000000E+00   0.0000000E+00   0.0000000E+00   0.0000000E+00   0.0000000E+00   0.0000000E+00   0.0000000E+00   0.0000000E+00   0.0000000E+00   0.0000000E+00   0.0000000E+00   0.0000000E+00   0.0000000E+00   0.0000000E+00   0.0000000E+00   0.0000000E+00   0.0000000E+00   0.0000000E+00   0.0000000E+00   0.0000000E+00   0.0000000E+00   0.0000000E+00   0.0000000E+00   0.0000000E+00   0.0000000E+00   0.0000000E+00   0.0000000E+00   0.0000000E+00   0.0000000E+00   0.0000000E+00   0.0000000E+00   0.0000000E+00   0.0000000E+00
   0.0000000E+00   0.0000000E+00   0.0000000E+00   0.0000000E+00   0.0000000E+00   0.0000000E+00   0.0000000E+00   0.0000000E+00   0.0000000E+00   0.0000000E+00   0.0000000E+00   0.0000000E+00   0.0000000E+00   0.0000000E+00   0.0000000E+00   0.0000000E+00   0.0000000E+00   0.0000000E+00   0.0000000E+00   0.0000000E+00   0.0000000E+00   0.0000000E+00   0.0000000E+00   0.0000000E+00   0.0000000E+00   0.0000000E+00   0.0000000E+00   0.0000000E+00   0.0000000E+00   0.0000000E+00   0.0000000E+00   0.0000000E+00   0.0000000E+00   0.0000000E+00   0.0000000E+00   0.0000000E+00   0.0000000E+00   0.0000000E+00   0.0000000E+00   0.0000000E+00   0.0000000E+00   0.0000000E+00   0.0000000E+00   0.0000000E+00   0.0000000E+00   0.0000000E+00   0.0000000E+00   0.0000000E+00   0.0000000E+00   0.0000000E+00   0.0000000E+00   0.0000000E+00   0.0000000E+00   0.0000000E+00   0.0000000E+00   0.0000000E+00   0.0000000E+00   0.0000000E+00   0.0000000E+00   0.0000000E+00   0.0000000E+00   0.0000000E+00   0.0000000E+00   0.0000000E+00   0.0000000E+00   0.0000000E+00   0.0000000E+00   0.0000000E+00   0.0000000E+00   0.0000000E+00   0.0000000E+00   0.0000000E+00   0.0000000E+00   0.0000000E+00   0.0000000E+00   0.0000000E+00   0.0000000E+00   0.0000000E+00   0.0000000E+00   0.0000000E+00   0.0000000E+00   0.0000000E+00   0.0000000E+00   0.0000000E+00   0.0000000E+00   0.0000000E+00   0.0000000E+00   0.0000000E+00   0.0000000E+00   0.0000000E+00   0.0000000E+00   0.0000000E+00   0.0000000E+00   0.0000000E+00   0.0000000E+00   0.0000000E+00   0.0000000E+00   0.0000000E+00   0.0000000E+00   0.0000000E+00
   0.0000000E+00   0.0000000E+00   0.0000000E+00   0.0000000E+00   0.0000000E+00   0.0000000E+00   0.0000000E+00   0.0000000E+00   0.0000000E+00   0.0000000E+00   0.0000000E+00   0.0000000E+00   0.0000000E+00   0.0000000E+00   0.0000000E+00   0.0000000E+00   0.0000000E+00   0.0000000E+00   0.0000000E+00   0.0000000E+00   0.0000000E+00   0.0000000E+00   0.0000000E+00   0.0000000E+00   0.0000000E+00   0.0000000E+00   0.0000000E+00   0.0000000E+00   0.0000000E+00   0.0000000E+00   0.0000000E+00   0.0000000E+00   0.0000000E+00   0.0000000E+00   0.0000000E+00   0.0000000E+00   0.0000000E+00   0.0000000E+00   0.0000000E+00   0.0000000E+00   0.0000000E+00   0.0000000E+00   0.0000000E+00   0.0000000E+00   0.0000000E+00   0.0000000E+00   0.0000000E+00   0.0000000E+00   0.0000000E+00   0.0000000E+00   0.0000000E+00   0.0000000E+00   0.0000000E+00   0.0000000E+00   0.0000000E+00   0.0000000E+00   0.0000000E+00   0.0000000E+00   0.0000000E+00   0.0000000E+00   0.0000000E+00   0.0000000E+00   0.0000000E+00   0.0000000E+00   0.0000000E+00   0.0000000E+00   0.0000000E+00   0.0000000E+00   0.0000000E+00   0.0000000E+00   0.0000000E+00   0.0000000E+00   0.0000000E+00   0.0000000E+00   0.0000000E+00   0.0000000E+00   0.0000000E+00   0.0000000E+00   0.0000000E+00   0.0000000E+00   0.0000000E+00   0.0000000E+00   0.0000000E+00   0.0000000E+00   0.0000000E+00   0.0000000E+00   0.0000000E+00   0.0000000E+00   0.0000000E+00   0.0000000E+00   0.0000000E+00   0.0000000E+00   0.0000000E+00   0.0000000E+00   0.0000000E+00   0.0000000E+00   0.0000000E+00   0.0000000E+00   0.0000000E+00   0.0000000E+00
   0.0000000E+00   0.0000000E+00   0.0000000E+00   0.0000000E+00   0.0000000E+00   0.0000000E+00   0.0000000E+00   0.0000000E+00   0.0000000E+00   0.0000000E+00   0.0000000E+00   0.0000000E+00   0.0000000E+00   0.0000000E+00   0.0000000E+00   0.0000000E+00   0.0000000E+00   0.0000000E+00   0.0000000E+00   0.0000000E+00   0.0000000E+00   0.0000000E+00   0.0000000E+00   0.0000000E+00   0.0000000E+00   0.0000000E+00   0.0000000E+00   0.0000000E+00   0.0000000E+00   0.0000000E+00   0.0000000E+00   0.0000000E+00   0.0000000E+00   0.0000000E+00   0.0000000E+00   0.0000000E+00   0.0000000E+00   0.0000000E+00   0.0000000E+00   0.0000000E+00   0.0000000E+00   0.0000000E+00   0.0000000E+00   0.0000000E+00   0.0000000E+00   0.0000000E+00   0.0000000E+00   0.0000000E+00   0.0000000E+00   0.0000000E+00   0.0000000E+00   0.0000000E+00   0.0000000E+00   0.0000000E+00   0.0000000E+00   0.0000000E+00   0.0000000E+00   0.0000000E+00   0.0000000E+00   0.0000000E+00   0.0000000E+00   0.0000000E+00   0.0000000E+00   0.0000000E+00   0.0000000E+00   0.0000000E+00   0.0000000E+00   0.0000000E+00   0.0000000E+00   0.0000000E+00   0.0000000E+00   0.0000000E+00   0.0000000E+00   0.0000000E+00   0.0000000E+00   0.0000000E+00   0.0000000E+00   0.0000000E+00   0.0000000E+00   0.0000000E+00   0.0000000E+00   0.0000000E+00   0.0000000E+00   0.0000000E+00   0.0000000E+00   0.0000000E+00   0.0000000E+00   0.0000000E+00   1.5283894E-11   1.0990332E-09   3.6702147E-08   3.3937673E-07   4.8815868E-06   1.8380884E-04   1.0514891E-03   1.4220977E-03   1.3498922E-03   1.2693724E-03   1.0945321E-03   1.1417784E-03
   0.0000000E+00   0.0000000E+00   0.0000000E+00   0.0000000E+00   0.0000000E+00   0.0000000E+00   0.0000000E+00   0.0000000E+00   0.0000000E+00   0.0000000E+00   0.0000000E+00   0.0000000E+00   0.0000000E+00   0.0000000E+00   0.0000000E+00   0.0000000E+00   0.0000000E+00   0.0000000E+00   0.0000000E+00   0.0000000E+00   0.0000000E+00   0.0000000E+00   0.0000000E+00   0.0000000E+00   0.0000000E+00   0.0000000E+00   0.0000000E+00   0.0000000E+00   0.0000000E+00   0.0000000E+00   0.0000000E+00   0.0000000E+00   0.0000000E+00   0.0000000E+00   0.0000000E+00   0.0000000E+00   0.0000000E+00   0.0000000E+00   0.0000000E+00   0.0000000E+00   0.0000000E+00   0.0000000E+00   0.0000000E+00   0.0000000E+00   0.0000000E+00   0.0000000E+00   0.0000000E+00   0.0000000E+00   0.0000000E+00   0.0000000E+00   0.0000000E+00   0.0000000E+00   8.5150338E-11   1.0427433E-10   1.3095865E-10   1.6442857E-10   2.0713638E-10   3.7212572E-10   4.7223164E-10   5.9780675E-10   7.5520112E-10   9.5234076E-10   1.1991184E-09   1.5078806E-09   1.8940349E-09   2.3768050E-09   2.9801674E-09   3.7340158E-09   4.6755955E-09   5.8512777E-09   7.3187287E-09   9.1495638E-09   1.1432561E-08   1.4277513E-08   1.7819797E-08   2.2225690E-08   2.7698382E-08   3.4484508E-08   4.2880682E-08   5.3239052E-08   6.5969694E-08   8.1535738E-08   1.0043280E-07   1.2313546E-07   1.4998220E-07   1.8172346E-07   2.1606454E-07   2.6189991E-07   3.1092208E-07   3.4690305E-07   3.5991644E-07   9.7691350E-07   2.1016765E-05   3.0239197E-04   9.2621462E-04   6.8265555E-04   6.5327587E-04   6.1209028E-04   4.8623374E-04   5.8378553E-04
   0.0000000E+00   0.0000000E+00   0.0000000E+00   0.0000000E+00   0.0000000E+00   0.0000000E+00   0.0000000E+00   0.0000000E+00   0.0000000E+00   0.0000000E+00   0.0000000E+00   0.0000000E+00   0.0000000E+00   0.0000000E+00   0.0000000E+00   0.0000000E+00   0.0000000E+00   0.0000000E+00   0.0000000E+00   0.0000000E+00   0.0000000E+00   0.0000000E+00   0.0000000E+00   0.0000000E+00   0.0000000E+00   0.0000000E+00   0.0000000E+00   0.0000000E+00   0.0000000E+00   0.0000000E+00   0.0000000E+00   0.0000000E+00   0.0000000E+00   0.0000000E+00   0.0000000E+00   0.0000000E+00   0.0000000E+00   0.0000000E+00   0.0000000E+00   0.0000000E+00   0.0000000E+00   0.0000000E+00   0.0000000E+00   0.0000000E+00   0.0000000E+00   0.0000000E+00   0.0000000E+00   0.0000000E+00   0.0000000E+00   0.0000000E+00   3.1238308E-12   1.2262616E-10   2.6882455E-10   4.7154630E-10   5.9955430E-10   7.6002443E-10   9.6392783E-10   1.2541023E-09   1.5811282E-09   1.9892654E-09   2.4981184E-09   3.1319760E-09   3.9209271E-09   4.9022395E-09   6.1220651E-09   7.6375510E-09   9.5194412E-09   1.1855286E-08   1.4753404E-08   1.8347730E-08   2.2803771E-08   2.8325870E-08   3.5166007E-08   4.3634422E-08   5.4112256E-08   6.7066388E-08   8.3066411E-08   1.0280327E-07   1.2710809E-07   1.5696790E-07   1.9353074E-07   2.3808445E-07   2.9197489E-07   3.5639147E-07   4.3188663E-07   5.1737209E-07   6.0969893E-07   6.9571939E-07   7.3940271E-07   6.8865216E-07   5.9384689E-07   2.9830671E-06   5.1007257E-05   3.0986685E-04   5.2328251E-04   3.2391067E-04   3.1158954E-04   2.8721770E-04   1.9900034E-04   2.9561709E-04
   0.0000000E+00   0.0000000E+00   0.0000000E+00   0.0000000E+00   0.0000000E+00   0.0000000E+00   0.0000000E+00   0.0000000E+00   0.0000000E+00   0.0000000E+00   0.0000000E+00   0.0000000E+00   0.0000000E+00   0.0000000E+00   0.0000000E+00   0.0000000E+00   0.0000000E+00   0.0000000E+00   0.0000000E+00   0.0000000E+00   0.0000000E+00   0.0000000E+00   0.0000000E+00   0.0000000E+00   0.0000000E+00   0.0000000E+00   0.0000000E+00   0.0000000E+00   0.0000000E+00   0.0000000E+00   0.0000000E+00   0.0000000E+00   0.0000000E+00   0.0000000E+00   0.0000000E+00   0.0000000E+00   0.0000000E+00   0.0000000E+00   0.0000000E+00   0.0000000E+00   0.0000000E+00   0.0000000E+00   0.0000000E+00   0.0000000E+00   0.0000000E+00   0.0000000E+00   0.0000000E+00   0.0000000E+00   0.0000000E+00   0.0000000E+00   7.1485682E-12   4.1516074E-10   8.8233021E-10   1.1544876E-09   1.4752930E-09   1.8788120E-09   2.3920315E-09   3.1227765E-09   3.9516217E-09   4.9865361E-09   6.2758030E-09   7.8783575E-09   9.8660120E-09   1.2326146E-08   1.5364968E-08   1.9111473E-08   2.3722302E-08   2.9387660E-08   3.6338626E-08   4.4856087E-08   5.5281763E-08   6.8031660E-08   8.3612470E-08   1.0264135E-07   1.2586943E-07   1.5420926E-07   1.8876560E-07   2.3086808E-07   2.8210115E-07   3.4432193E-07   4.1964461E-07   5.1034664E-07   6.1860226E-07   7.4584585E-07   8.9139127E-07   1.0496323E-06   1.2045631E-06   1.3233295E-06   1.3396161E-06   1.1946000E-06   1.1893188E-06   5.7798434E-06   5.6958659E-05   2.9574984E-04   2.9642117E-04   1.5011204E-04   1.4455547E-04   1.2794498E-04   6.4635591E-05   1.4891247E-04
   0.0000000E+00   0.0000000E+00   0.0000000E+00   0.0000000E+00   0.0000000E+00   0.0000000E+00   0.0000000E+00   0.0000000E+00   0.0000000E+00   0.0000000E+00   0.0000000E+00   0.0000000E+00   0.0000000E+00   0.0000000E+00   0.0000000E+00   0.0000000E+00   0.0000000E+00   0.0000000E+00   0.0000000E+00   0.0000000E+00   0.0000000E+00   0.0000000E+00   0.0000000E+00   0.0000000E+00   0.0000000E+00   0.0000000E+00   0.0000000E+00   0.0000000E+00   0.0000000E+00   0.0000000E+00   0.0000000E+00   0.0000000E+00   0.0000000E+00   0.0000000E+00   0.0000000E+00   0.0000000E+00   0.0000000E+00   0.0000000E+00   0.0000000E+00   0.0000000E+00   0.0000000E+00   0.0000000E+00   0.0000000E+00   0.0000000E+00   0.0000000E+00   0.0000000E+00   0.0000000E+00   0.0000000E+00   0.0000000E+00   0.0000000E+00   1.7828161E-11   9.3489982E-10   2.2780227E-09   3.0976466E-09   4.1685850E-09   5.1615889E-09   6.2853585E-09   7.6200166E-09   9.2551895E-09   1.1233449E-08   1.3307390E-08   1.3004082E-08   1.6246242E-08   2.0268754E-08   2.5256419E-08   3.1437370E-08   3.9092946E-08   4.8569682E-08   6.0293800E-08   7.4788574E-08   9.2695124E-08   1.1479907E-07   1.4219896E-07   1.8092847E-07   2.5894784E-07   3.2626255E-07   4.1188136E-07   5.2078155E-07   6.5877776E-07   8.1300846E-07   9.3409102E-07   1.0815779E-06   1.2583155E-06   1.4649971E-06   1.6970130E-06   1.9385695E-06   2.1533274E-06   2.2799256E-06   2.2280767E-06   2.0059431E-06   2.3070386E-06   1.0386285E-05   6.8803260E-05   2.8449536E-04   1.7668394E-04   6.6095439E-05   6.3173611E-05   5.0253922E-05   2.4032179E-06   7.4835931E-05
   0.0000000E+00   0.0000000E+00   0.0000000E+00   0.0000000E+00   0.0000000E+00   0.0000000E+00   0.0000000E+00   0.0000000E+00   0.0000000E+00   0.0000000E+00   0.0000000E+00   0.0000000E+00   0.0000000E+00   0.0000000E+00   0.0000000E+00   0.0000000E+00   0.0000000E+00   0.0000000E+00   0.0000000E+00   0.0000000E+00   0.0000000E+00   0.0000000E+00   0.0000000E+00   0.0000000E+00   0.0000000E+00   0.0000000E+00   0.0000000E+00   0.0000000E+00   0.0000000E+00   0.0000000E+00   0.0000000E+00   0.0000000E+00   0.0000000E+00   0.0000000E+00   0.0000000E+00   0.0000000E+00   0.0000000E+00   0.0000000E+00   0.0000000E+00   0.0000000E+00   0.0000000E+00   0.0000000E+00   0.0000000E+00   0.0000000E+00   0.0000000E+00   0.0000000E+00   0.0000000E+00   0.0000000E+00   0.0000000E+00   0.0000000E+00   4.0373215E-11   2.0870847E-09   2.5718063E-09   3.2575682E-09   4.0427008E-09   5.1087459E-09   6.4942083E-09   8.2901641E-09   1.0470288E-08   1.3173935E-08   1.6248910E-08   2.0955374E-08   2.6293637E-08   3.2955434E-08   4.1262616E-08   5.1608843E-08   6.3978824E-08   5.5707154E-08   6.8994026E-08   8.5328772E-08   1.0537182E-07   1.2992173E-07   1.6025645E-07   2.0183077E-07   2.4301937E-07   2.9978827E-07   3.6903975E-07   4.5316335E-07   5.5451670E-07   6.7686574E-07   8.3838239E-07   1.5365354E-06   1.8619644E-06   2.2249085E-06   2.6542702E-06   3.8573216E-06   4.2880456E-06   4.1817152E-06   3.9221222E-06   3.6086421E-06   4.6434770E-06   2.1239568E-05   8.1662431E-05   2.7844281E-04   1.0336774E-04   2.5487208E-05   2.3534869E-05   1.2339950E-05  -2.6005166E-05   3.7575162E-05
   0.0000000E+00   0.0000000E+00   0.0000000E+00   0.0000000E+00   0.0000000E+00   0.0000000E+00   0.0000000E+00   0.0000000E+00   0.0000000E+00   0.0000000E+00   0.0000000E+00   0.0000000E+00   0.0000000E+00   0.0000000E+00   0.0000000E+00   0.0000000E+00   0.0000000E+00   0.0000000E+00   0.0000000E+00   0.0000000E+00   0.0000000E+00   0.0000000E+00   0.0000000E+00   0.0000000E+00   0.0000000E+00   0.0000000E+00   0.0000000E+00   0.0000000E+00   0.0000000E+00   0.0000000E+00   0.0000000E+00   0.0000000E+00   0.0000000E+00   0.0000000E+00   0.0000000E+00   0.0000000E+00   0.0000000E+00   0.0000000E+00   0.0000000E+00   0.0000000E+00   0.0000000E+00   0.0000000E+00   0.0000000E+00   0.0000000E+00   0.0000000E+00   0.0000000E+00   0.0000000E+00   0.0000000E+00   0.0000000E+00   0.0000000E+00   5.0396159E-11   2.6119813E-09   3.7918895E-09   4.8839275E-09   6.2122600E-09   7.9628641E-09   1.0228912E-08   1.3113413E-08   1.2143373E-08   1.5400662E-08   1.9168898E-08   2.4399473E-08   3.0816029E-08   3.8861916E-08   4.8932410E-08   6.1490091E-08   7.6278582E-08   8.6729464E-08   1.0806232E-07   1.3434880E-07   1.6663745E-07   2.0618850E-07   2.5499202E-07   3.1877289E-07   3.8914118E-07   4.7724859E-07   5.8331125E-07   7.1022021E-07   8.6061243E-07   1.0374322E-06   1.2643013E-06   1.6755091E-06   1.9754352E-06   2.3723085E-06   3.7189270E-06   4.3761115E-06   4.6231353E-06   4.6639275E-06   4.5757251E-06   8.6517248E-06   1.0394486E-05   1.7475095E-05   9.7697208E-05   2.6766077E-04   5.4434295E-05   5.8426017E-06   4.1769013E-06  -6.2770614E-06  -3.8586451E-05   1.8865716E-05
   0.0000000E+00   0.0000000E+00   0.0000000E+00   0.0000000E+00   0.0000000E+00   0.0000000E+00   0.0000000E+00   0.0000000E+00   0.0000000E+00   0.0000000E+00   0.0000000E+00   0.0000000E+00   0.0000000E+00   0.0000000E+00   0.0000000E+00   0.0000000E+00   0.0000000E+00   0.0000000E+00   0.0000000E+00   0.0000000E+00   0.0000000E+00   0.0000000E+00   0.0000000E+00   0.0000000E+00   0.0000000E+00   0.0000000E+00   0.0000000E+00   0.0000000E+00   0.0000000E+00   0.0000000E+00   0.0000000E+00   0.0000000E+00   0.0000000E+00   0.0000000E+00   0.0000000E+00   0.0000000E+00   0.0000000E+00   0.0000000E+00   0.0000000E+00   0.0000000E+00   0.0000000E+00   0.0000000E+00   0.0000000E+00   0.0000000E+00   0.0000000E+00   0.0000000E+00   0.0000000E+00   0.0000000E+00   0.0000000E+00   4.8309581E-12   2.2216218E-10   4.0519113E-09   5.8638907E-09   5.5879519E-09   7.2588908E-09   9.4513037E-09   1.2321588E-08   1.6003044E-08   1.9097804E-08   2.4553001E-08   3.1079285E-08   3.9247606E-08   5.0334069E-08   6.4415694E-08   8.2242174E-08   1.0466130E-07   1.3111381E-07   1.5018135E-07   1.8882677E-07   2.3653833E-07   2.9512603E-07   3.6671420E-07   4.5463850E-07   5.6782733E-07   7.0402837E-07   8.6124589E-07   1.0478137E-06   1.2670216E-06   1.5207083E-06   1.8061936E-06   2.1496205E-06   2.7729266E-06   3.1728505E-06   3.6394013E-06   4.1945282E-06   6.1115156E-06   7.3193783E-06   7.6508013E-06   8.2675379E-06   5.4057723E-06   7.7025234E-06   2.7499189E-05   1.2522287E-04   2.6115178E-04   2.5119361E-05  -3.6756162E-06  -5.3416611E-06  -1.5546178E-05  -4.3766297E-05   9.4770676E-06
   0.0000000E+00   0.0000000E+00   0.0000000E+00   0.0000000E+00   0.0000000E+00   0.0000000E+00   0.0000000E+00   0.0000000E+00   0.0000000E+00   0.0000000E+00   0.0000000E+00   0.0000000E+00   0.0000000E+00   0.0000000E+00   0.0000000E+00   0.0000000E+00   0.0000000E+00   0.0000000E+00   0.0000000E+00   0.0000000E+00   0.0000000E+00   0.0000000E+00   0.0000000E+00   0.0000000E+00   0.0000000E+00   0.0000000E+00   0.0000000E+00   0.0000000E+00   0.0000000E+00   0.0000000E+00   0.0000000E+00   0.0000000E+00   0.0000000E+00   0.0000000E+00   0.0000000E+00   0.0000000E+00   0.0000000E+00   0.0000000E+00   0.0000000E+00   0.0000000E+00   0.0000000E+00   0.0000000E+00   0.0000000E+00   0.0000000E+00   0.0000000E+00   0.0000000E+00   0.0000000E+00   0.0000000E+00   0.0000000E+00   7.2592297E-12   3.7168135E-10   4.5994364E-09   7.0042359E-09   8.7732941E-09   1.1716945E-08   1.5598074E-08   2.0768281E-08   2.7501285E-08   3.3499742E-08   4.3997989E-08   5.6816162E-08   7.2563523E-08   9.4378677E-08   1.2236571E-07   1.5809808E-07   2.0330565E-07   2.5694317E-07   3.0019228E-07   3.8015901E-07   4.7895963E-07   6.0014236E-07   7.4776602E-07   9.2805652E-07   1.1562889E-06   1.4310119E-06   1.7418710E-06   2.1039775E-06   2.5195607E-06   2.9864555E-06   3.4934401E-06   4.0778918E-06   5.0598269E-06   5.6023018E-06   6.1707865E-06   7.6407496E-06   7.2017519E-06   8.8793786E-06   7.4647128E-06   6.6024254E-06   9.7430002E-06   1.4309545E-05   2.9733188E-05   1.3227155E-04   2.5623533E-04   8.4367502E-06  -8.2982506E-06  -1.0088233E-05  -2.0278461E-05  -4.5487661E-05   4.7653098E-06
   0.0000000E+00   0.0000000E+00   0.0000000E+00   0.0000000E+00   0.0000000E+00   0.0000000E+00   0.0000000E+00   0.0000000E+00   0.0000000E+00   0.0000000E+00   0.0000000E+00   0.0000000E+00   0.0000000E+00   0.0000000E+00   0.0000000E+00   0.0000000E+00   0.0000000E+00   0.0000000E+00   0.0000000E+00   0.0000000E+00   0.0000000E+00   0.0000000E+00   0.0000000E+00   0.0000000E+00   0.0000000E+00   0.0000000E+00   0.0000000E+00   0.0000000E+00   0.0000000E+00   0.0000000E+00   0.0000000E+00   0.0000000E+00   0.0000000E+00   0.0000000E+00   0.0000000E+00   0.0000000E+00   0.0000000E+00   0.0000000E+00   0.0000000E+00   0.0000000E+00   0.0000000E+00   0.0000000E+00   0.0000000E+00   0.0000000E+00   0.0000000E+00   0.0000000E+00   0.0000000E+00   0.0000000E+00   0.0000000E+00   1.3547123E-11   6.5818917E-10   7.6157853E-09   1.1881534E-08   1.5308073E-08   2.0889827E-08   2.8372698E-08   3.8500996E-08   5.1848573E-08   6.4849878E-08   8.6657053E-08   1.1387893E-07   1.4788250E-07   1.9496854E-07   2.5593053E-07   3.3435236E-07   4.3406820E-07   5.5304758E-07   6.5872473E-07   8.3911050E-07   1.0617900E-06   1.3341099E-06   1.6641660E-06   2.0640350E-06   2.5609204E-06   3.1498953E-06   3.8058461E-06   4.5514707E-06   5.3807553E-06   6.2752069E-06   7.1983063E-06   8.1995086E-06   9.7227485E-06   1.0328315E-05   1.0654844E-05   1.0738356E-05   1.2198388E-05   1.2581831E-05   1.0879879E-05   1.0563521E-05   8.0285308E-06   1.1721861E-05   4.3788896E-05   1.5648214E-04   2.5366186E-04  -8.9631283E-07  -1.0551633E-05  -1.2519296E-05  -2.2795388E-05  -4.5597972E-05   2.3993239E-06
   0.0000000E+00   0.0000000E+00   0.0000000E+00   0.0000000E+00   0.0000000E+00   0.0000000E+00   0.0000000E+00   0.0000000E+00   0.0000000E+00   0.0000000E+00   0.0000000E+00   0.0000000E+00   0.0000000E+00   0.0000000E+00   0.0000000E+00   0.0000000E+00   0.0000000E+00   0.0000000E+00   0.0000000E+00   0.0000000E+00   0.0000000E+00   0.0000000E+00   0.0000000E+00   0.0000000E+00   0.0000000E+00   0.0000000E+00   0.0000000E+00   0.0000000E+00   0.0000000E+00   0.0000000E+00   0.0000000E+00   0.0000000E+00   0.0000000E+00   0.0000000E+00   0.0000000E+00   0.0000000E+00   0.0000000E+00   0.0000000E+00   0.0000000E+00   0.0000000E+00   0.0000000E+00   0.0000000E+00   0.0000000E+00   0.0000000E+00   0.0000000E+00   0.0000000E+00   0.0000000E+00   0.0000000E+00   0.0000000E+00   2.7905622E-11   1.2714840E-09   1.3905154E-08   2.1879902E-08   2.9017707E-08   4.0450697E-08   5.6091118E-08   7.7615383E-08   1.0635549E-07   1.3665409E-07   1.8572977E-07   2.4827190E-07   3.2787779E-07   4.3793131E-07   5.8163272E-07   7.6774040E-07   1.0053399E-06   1.2901659E-06   1.5633361E-06   2.0006282E-06   2.5390052E-06   3.1940549E-06   3.9819688E-06   4.9261107E-06   6.0750026E-06   7.4085897E-06   8.8619090E-06   1.0461096E-05   1.2165075E-05   1.3898644E-05   1.5548900E-05   1.7158687E-05   1.9296089E-05   1.9454586E-05   1.8943339E-05   2.0836836E-05   1.5859545E-05   1.5339507E-05   1.0897085E-05   9.1117236E-06   1.3254722E-05   1.7978928E-05   4.5379096E-05   1.6902128E-04   2.2119476E-04  -6.1402416E-06  -1.1657338E-05  -1.3825223E-05  -2.4216830E-05  -4.4964778E-05   1.2101149E-06
   0.0000000E+00   0.0000000E+00   0.0000000E+00   0.0000000E+00   0.0000000E+00   0.0000000E+00   0.0000000E+00   0.0000000E+00   0.0000000E+00   0.0000000E+00   0.0000000E+00   0.0000000E+00   0.0000000E+00   0.0000000E+00   0.0000000E+00   0.0000000E+00   0.0000000E+00   0.0000000E+00   0.0000000E+00   0.0000000E+00   0.0000000E+00   0.0000000E+00   0.0000000E+00   0.0000000E+00   0.0000000E+00   0.0000000E+00   0.0000000E+00   0.0000000E+00   0.0000000E+00   0.0000000E+00   0.0000000E+00   0.0000000E+00   0.0000000E+00   0.0000000E+00   0.0000000E+00   0.0000000E+00   0.0000000E+00   0.0000000E+00   0.0000000E+00   0.0000000E+00   0.0000000E+00   0.0000000E+00   0.0000000E+00   0.0000000E+00   0.0000000E+00   0.0000000E+00   0.0000000E+00   0.0000000E+00   0.0000000E+00   6.4301731E-11   2.6845959E-09   2.7414488E-08   4.3514611E-08   5.9417626E-08   8.4623309E-08   1.1982421E-07   1.6908743E-07   2.3578703E-07   3.1104113E-07   4.2985613E-07   5.8425132E-07   7.8442230E-07   1.0611682E-06   1.4254472E-06   1.9000752E-06   2.5078023E-06   3.2386138E-06   3.9822535E-06   5.1131824E-06   6.4985970E-06   8.1709395E-06   1.0160380E-05   1.2508491E-05   1.5295158E-05   1.8439785E-05   2.1760383E-05   2.5251426E-05   2.8744867E-05   3.1985444E-05   3.4644105E-05   3.6689733E-05   3.8749822E-05   3.6601446E-05   3.2804339E-05   3.1015323E-05   2.5790527E-05   2.0075664E-05   1.4478972E-05   1.3132588E-05   1.0833417E-05   1.7149740E-05   5.9563077E-05   1.8800252E-04   2.0256553E-04  -9.1520496E-06  -1.2206966E-05  -1.4582953E-05  -2.5083868E-05  -4.3996708E-05   6.1160489E-07
   0.0000000E+00   0.0000000E+00   0.0000000E+00   0.0000000E+00   0.0000000E+00   0.0000000E+00   0.0000000E+00   0.0000000E+00   0.0000000E+00   0.0000000E+00   0.0000000E+00   0.0000000E+00   0.0000000E+00   0.0000000E+00   0.0000000E+00   0.0000000E+00   0.0000000E+00   0.0000000E+00   0.0000000E+00   0.0000000E+00   0.0000000E+00   0.0000000E+00   0.0000000E+00   0.0000000E+00   0.0000000E+00   0.0000000E+00   0.0000000E+00   0.0000000E+00   0.0000000E+00   0.0000000E+00   0.0000000E+00   0.0000000E+00   0.0000000E+00   0.0000000E+00   0.0000000E+00   0.0000000E+00   0.0000000E+00   0.0000000E+00   0.0000000E+00   0.0000000E+00   0.0000000E+00   0.0000000E+00   0.0000000E+00   0.0000000E+00   0.0000000E+00   0.0000000E+00   0.0000000E+00   0.0000000E+00   8.6668658E-12   3.3425060E-10   6.1903793E-09   5.7999554E-08   9.2974616E-08   1.3073112E-07   1.9035025E-07   2.7539028E-07   3.9649316E-07   5.6292788E-07   7.6198523E-07   1.0709225E-06   1.4798630E-06   2.0195544E-06   2.7667897E-06   3.7576692E-06   5.0551012E-06   6.7184169E-06   8.7204708E-06   1.0851022E-05   1.3955460E-05   1.7726508E-05   2.2223579E-05   2.7487160E-05   3.3567158E-05   4.0551571E-05   4.8125516E-05   5.5747907E-05   6.3223102E-05   6.9968301E-05   7.5212505E-05   7.8097037E-05   7.8418088E-05   7.6809789E-05   6.6944398E-05   5.4852313E-05   5.1081399E-05   3.1536594E-05   2.2550417E-05   1.4274380E-05   1.1756711E-05   1.5461148E-05   2.4627625E-05   6.4635053E-05   1.9488329E-04   1.8436933E-04  -1.0951172E-05  -1.2487577E-05  -1.5072260E-05  -2.5658952E-05  -4.2886899E-05   3.0988696E-07
   0.0000000E+00   0.0000000E+00   0.0000000E+00   0.0000000E+00   0.0000000E+00   0.0000000E+00   0.0000000E+00   0.0000000E+00   0.0000000E+00   0.0000000E+00   0.0000000E+00   0.0000000E+00   0.0000000E+00   0.0000000E+00   0.0000000E+00   0.0000000E+00   0.0000000E+00   0.0000000E+00   0.0000000E+00   0.0000000E+00   0.0000000E+00   0.0000000E+00   0.0000000E+00   0.0000000E+00   0.0000000E+00   0.0000000E+00   0.0000000E+00   0.0000000E+00   0.0000000E+00   0.0000000E+00   0.0000000E+00   0.0000000E+00   0.0000000E+00   0.0000000E+00   0.0000000E+00   0.0000000E+00   0.0000000E+00   0.0000000E+00   0.0000000E+00   0.0000000E+00   0.0000000E+00   0.0000000E+00   0.0000000E+00   0.0000000E+00   0.0000000E+00   0.0000000E+00   0.0000000E+00   0.0000000E+00   2.6117329E-11   9.9871578E-10   1.5565663E-08   1.3127456E-07   2.1302384E-07   3.0861855E-07   4.5995941E-07   6.8062570E-07   1.0006181E-06   1.4474189E-06   2.0095401E-06   2.8725970E-06   4.0348573E-06   5.5939336E-06   7.7565337E-06   1.0640771E-05   1.4427234E-05   1.9271973E-05   2.5087909E-05   3.1479707E-05   4.0433875E-05   5.1156770E-05   6.3700623E-05   7.8020814E-05   9.4032162E-05   1.1159026E-04   1.2951859E-04   1.4617847E-04   1.6064312E-04   1.7116820E-04   1.7578976E-04   1.7276649E-04   1.6207117E-04   1.4508006E-04   1.1492922E-04   8.4261592E-05   6.6387220E-05   4.0789004E-05   2.6503567E-05   1.7619755E-05   1.5402324E-05   1.3766255E-05   2.3254939E-05   7.9978257E-05   2.0654607E-04   1.4919107E-04  -1.2087919E-05  -1.2638787E-05  -1.5428899E-05  -2.6070333E-05  -4.1726948E-05   1.5747968E-07
   0.0000000E+00   0.0000000E+00   0.0000000E+00   0.0000000E+00   0.0000000E+00   0.0000000E+00   0.0000000E+00   0.0000000E+00   0.0000000E+00   0.0000000E+00   0.0000000E+00   0.0000000E+00   0.0000000E+00   0.0000000E+00   0.0000000E+00   0.0000000E+00   0.0000000E+00   0.0000000E+00   0.0000000E+00   0.0000000E+00   0.0000000E+00   0.0000000E+00   0.0000000E+00   0.0000000E+00   0.0000000E+00   0.0000000E+00   0.0000000E+00   0.0000000E+00   0.0000000E+00   0.0000000E+00   0.0000000E+00   0.0000000E+00   0.0000000E+00   0.0000000E+00   0.0000000E+00   0.0000000E+00   0.0000000E+00   0.0000000E+00   0.0000000E+00   0.0000000E+00   0.0000000E+00   0.0000000E+00   0.0000000E+00   0.0000000E+00   0.0000000E+00   0.0000000E+00   0.0000000E+00   0.0000000E+00   9.8737130E-11   3.2056762E-09   4.2669431E-08   3.1817834E-07   5.2419966E-07   7.8318516E-07   1.1964025E-06   1.8125723E-06   2.7224212E-06   4.0131636E-06   5.7095585E-06   8.2952338E-06   1.1828345E-05   1.6629803E-05   2.3288585E-05   3.2183769E-05   4.3831758E-05   5.8611033E-05   7.6189644E-05   9.5867625E-05   1.2228457E-04   1.5312684E-04   1.8804615E-04   2.2628372E-04   2.6678349E-04   3.0797519E-04   3.4587865E-04   3.7594023E-04   3.9533488E-04   4.0015185E-04   3.8710976E-04   3.5484118E-04   3.0636520E-04   2.4748506E-04   1.7660834E-04   1.1564555E-04   8.2222934E-05   4.2779939E-05   2.6689029E-05   1.6693237E-05   1.3868911E-05   1.8716577E-05   3.0129231E-05   8.3802210E-05   2.0393870E-04   1.2695124E-04  -1.2857562E-05  -1.2728680E-05  -1.5718755E-05  -2.6381493E-05  -4.0560393E-05   8.0307792E-08
   0.0000000E+00   0.0000000E+00   0.0000000E+00   0.0000000E+00   0.0000000E+00   0.0000000E+00   0.0000000E+00   0.0000000E+00   0.0000000E+00   0.0000000E+00   0.0000000E+00   0.0000000E+00   0.0000000E+00   0.0000000E+00   0.0000000E+00   0.0000000E+00   0.0000000E+00   0.0000000E+00   0.0000000E+00   0.0000000E+00   0.0000000E+00   0.0000000E+00   0.0000000E+00   0.0000000E+00   0.0000000E+00   0.0000000E+00   0.0000000E+00   0.0000000E+00   0.0000000E+00   0.0000000E+00   0.0000000E+00   0.0000000E+00   0.0000000E+00   0.0000000E+00   0.0000000E+00   0.0000000E+00   0.0000000E+00   0.0000000E+00   0.0000000E+00   0.0000000E+00   0.0000000E+00   0.0000000E+00   0.0000000E+00   0.0000000E+00   0.0000000E+00   0.0000000E+00   0.0000000E+00   2.0670334E-11   6.2290190E-10   1.1232278E-08   1.2768429E-07   8.2880280E-07   1.3899333E-06   2.1430130E-06   3.3577480E-06   5.2081214E-06   7.9845067E-06   1.1977481E-05   1.7414921E-05   2.5635887E-05   3.6965233E-05   5.2450658E-05   7.3772215E-05   1.0203160E-04   1.3852377E-04   1.8383154E-04   2.3649135E-04   2.9525839E-04   3.6967703E-04   4.5228805E-04   5.4003682E-04   6.2857423E-04   7.1266067E-04   7.8576128E-04   8.3784008E-04   8.6038845E-04   8.4977236E-04   8.0313726E-04   7.2132208E-04   6.1014877E-04   4.8208516E-04   3.5213566E-04   2.2907094E-04   1.3564341E-04   8.3451967E-05   4.6293546E-05   2.8300448E-05   1.9247369E-05   1.7033077E-05   1.5703994E-05   2.9386285E-05   9.6881173E-05   2.0392836E-04   1.0775075E-04  -1.3418606E-05  -1.2790553E-05  -1.5973757E-05  -2.6624570E-05  -3.9407892E-05   4.1119598E-08
   0.0000000E+00   0.0000000E+00   0.0000000E+00   0.0000000E+00   0.0000000E+00   0.0000000E+00   0.0000000E+00   0.0000000E+00   0.0000000E+00   0.0000000E+00   0.0000000E+00   0.0000000E+00   0.0000000E+00   0.0000000E+00   0.0000000E+00   0.0000000E+00   0.0000000E+00   0.0000000E+00   0.0000000E+00   0.0000000E+00   0.0000000E+00   0.0000000E+00   0.0000000E+00   0.0000000E+00   0.0000000E+00   0.0000000E+00   0.0000000E+00   0.0000000E+00   0.0000000E+00   0.0000000E+00   0.0000000E+00   0.0000000E+00   0.0000000E+00   0.0000000E+00   0.0000000E+00   0.0000000E+00   0.0000000E+00   0.0000000E+00   0.0000000E+00   0.0000000E+00   0.0000000E+00   0.0000000E+00   0.0000000E+00   0.0000000E+00   0.0000000E+00   0.0000000E+00   0.0000000E+00   1.1338452E-10   3.0089504E-09   4.3384148E-08   4.1763604E-07   2.3287821E-06   3.9799388E-06   6.3271659E-06   1.0152741E-05   1.6077203E-05   2.5051824E-05   3.8049009E-05   5.6152898E-05   8.3085761E-05   1.2002443E-04   1.6998734E-04   2.3703325E-04   3.2320753E-04   4.3003613E-04   5.5579701E-04   6.9360819E-04   8.3945406E-04   1.0046167E-03   1.1659203E-03   1.3101593E-03   1.4236037E-03   1.4942596E-03   1.5130810E-03   1.4750836E-03   1.3845862E-03   1.2525169E-03   1.0912152E-03   9.1272156E-04   7.2731392E-04   5.4514816E-04   3.7809374E-04   2.3739686E-04   1.3476273E-04   7.8517754E-05   4.2919404E-05   2.5980386E-05   1.7177488E-05   1.4467328E-05   1.9219116E-05   3.6075668E-05   9.8762241E-05   1.9411730E-04   9.1530004E-05  -1.3856592E-05  -1.2840722E-05  -1.6209313E-05  -2.6816435E-05  -3.8279137E-05   2.1152701E-08
   0.0000000E+00   0.0000000E+00   0.0000000E+00   0.0000000E+00   0.0000000E+00   0.0000000E+00   0.0000000E+00   0.0000000E+00   0.0000000E+00   0.0000000E+00   0.0000000E+00   0.0000000E+00   0.0000000E+00   0.0000000E+00   0.0000000E+00   0.0000000E+00   0.0000000E+00   0.0000000E+00   0.0000000E+00   0.0000000E+00   0.0000000E+00   0.0000000E+00   0.0000000E+00   0.0000000E+00   0.0000000E+00   0.0000000E+00   0.0000000E+00   0.0000000E+00   0.0000000E+00   0.0000000E+00   0.0000000E+00   0.0000000E+00   0.0000000E+00   0.0000000E+00   0.0000000E+00   0.0000000E+00   0.0000000E+00   0.0000000E+00   0.0000000E+00   0.0000000E+00   0.0000000E+00   0.0000000E+00   0.0000000E+00   0.0000000E+00   0.0000000E+00   0.0000000E+00   3.9988259E-11   9.5541852E-10   1.5755253E-08   1.8520903E-07   1.4895669E-06   7.0580068E-06   1.2264985E-05   2.0013300E-05   3.2683223E-05   5.2391446E-05   8.2081380E-05   1.2464794E-04   1.8379510E-04   2.6843202E-04   3.8045473E-04   5.2476610E-04   7.0510892E-04   9.1714546E-04   1.1511061E-03   1.3875845E-03   1.6002784E-03   1.7715424E-03   1.8898993E-03   1.9099934E-03   1.7734522E-03   1.4907095E-03   1.2274596E-03   9.9819503E-04   8.1694813E-04   6.8702496E-04   5.9898401E-04   5.4144731E-04   5.0021464E-04   4.5904101E-04   3.8238004E-04   2.8946082E-04   1.9513397E-04   1.1468610E-04   6.7427616E-05   3.9243892E-05   2.5604440E-05   1.8622972E-05   1.6443055E-05   1.6703896E-05   3.4605400E-05   1.0850807E-04   1.8741650E-04   6.0026952E-05  -1.4218128E-05  -1.2887174E-05  -1.6432754E-05  -2.6966476E-05  -3.7178506E-05   1.0939420E-08
   0.0000000E+00   0.0000000E+00   0.0000000E+00   0.0000000E+00   0.0000000E+00   0.0000000E+00   0.0000000E+00   0.0000000E+00   0.0000000E+00   0.0000000E+00   0.0000000E+00   0.0000000E+00   0.0000000E+00   0.0000000E+00   0.0000000E+00   0.0000000E+00   0.0000000E+00   0.0000000E+00   0.0000000E+00   0.0000000E+00   0.0000000E+00   0.0000000E+00   0.0000000E+00   0.0000000E+00   0.0000000E+00   0.0000000E+00   0.0000000E+00   0.0000000E+00   0.0000000E+00   0.0000000E+00   0.0000000E+00   0.0000000E+00   0.0000000E+00   0.0000000E+00   0.0000000E+00   0.0000000E+00   0.0000000E+00   0.0000000E+00   0.0000000E+00   0.0000000E+00   0.0000000E+00   0.0000000E+00   0.0000000E+00   0.0000000E+00   0.0000000E+00   8.8341305E-12   3.4664160E-10   7.0276331E-09   9.0675854E-08   8.6549755E-07   5.7225925E-06   2.2844244E-05   4.0018378E-05   6.6191125E-05   1.0811931E-04   1.7046799E-04   2.6396778E-04   3.9037107E-04   5.5672048E-04   7.7271886E-04   1.0272259E-03   1.3070060E-03   1.5855242E-03   1.8175731E-03   1.9510308E-03   1.9217484E-03   1.6292912E-03   1.2473620E-03   8.2437671E-04   4.7623451E-04   2.5639168E-04   2.6749889E-04   2.4745468E-04   2.3372007E-04   2.2919294E-04   2.3202940E-04   2.3669812E-04   2.4167637E-04   2.4089133E-04   2.2992118E-04   2.1669714E-04   1.8616868E-04   1.3986055E-04   8.9886504E-05   5.4358730E-05   3.2789372E-05   2.1615482E-05   1.5548652E-05   1.3744065E-05   2.0235822E-05   4.0150713E-05   1.0706468E-04   1.6927211E-04   1.8433147E-05  -1.4528975E-05  -1.2933792E-05  -1.6647469E-05  -2.7080356E-05  -3.6107776E-05   5.6915690E-09
   0.0000000E+00   0.0000000E+00   0.0000000E+00   0.0000000E+00   0.0000000E+00   0.0000000E+00   0.0000000E+00   0.0000000E+00   0.0000000E+00   0.0000000E+00   0.0000000E+00   0.0000000E+00   0.0000000E+00   0.0000000E+00   0.0000000E+00   0.0000000E+00   0.0000000E+00   0.0000000E+00   0.0000000E+00   0.0000000E+00   0.0000000E+00   0.0000000E+00   0.0000000E+00   0.0000000E+00   0.0000000E+00   0.0000000E+00   0.0000000E+00   0.0000000E+00   0.0000000E+00   0.0000000E+00   0.0000000E+00   0.0000000E+00   0.0000000E+00   0.0000000E+00   0.0000000E+00   0.0000000E+00   0.0000000E+00   0.0000000E+00   0.0000000E+00   0.0000000E+00   0.0000000E+00   0.0000000E+00   0.0000000E+00   0.0000000E+00   4.0731958E-12   2.2722381E-10   4.1694719E-09   5.5157290E-08   5.6088794E-07   4.2529737E-06   2.2497476E-05   7.6142605E-05   1.3166173E-04   2.1455273E-04   3.3864731E-04   5.1291450E-04   7.6157507E-04   1.0432536E-03   1.3551180E-03   1.6647005E-03   1.8974468E-03   1.9687270E-03   1.7487140E-03   1.1704117E-03   6.4215419E-04   2.2333827E-04   5.5448199E-05   3.7009104E-05   2.3853945E-05   2.2889790E-05   8.6421525E-05   1.6857390E-05   2.4964542E-05   3.5867015E-05   4.9908442E-05   6.7243403E-05   8.7606350E-05   1.0765590E-04   1.2429865E-04   1.3328533E-04   1.3590229E-04   1.1921746E-04   9.3370218E-05   6.4487089E-05   4.2153650E-05   2.8531353E-05   2.0606769E-05   1.6206173E-05   1.5505655E-05   1.6720318E-05   3.8930248E-05   1.1287696E-04   1.5669785E-04   3.0092333E-06  -1.4803668E-05  -1.2982414E-05  -1.6854923E-05  -2.7161846E-05  -3.5067442E-05   2.9811220E-09
   0.0000000E+00   0.0000000E+00   0.0000000E+00   0.0000000E+00   0.0000000E+00   0.0000000E+00   0.0000000E+00   0.0000000E+00   0.0000000E+00   0.0000000E+00   0.0000000E+00   0.0000000E+00   0.0000000E+00   0.0000000E+00   0.0000000E+00   0.0000000E+00   0.0000000E+00   0.0000000E+00   0.0000000E+00   0.0000000E+00   0.0000000E+00   0.0000000E+00   0.0000000E+00   0.0000000E+00   0.0000000E+00   0.0000000E+00   0.0000000E+00   0.0000000E+00   0.0000000E+00   0.0000000E+00   0.0000000E+00   0.0000000E+00   0.0000000E+00   0.0000000E+00   0.0000000E+00   0.0000000E+00   0.0000000E+00   0.0000000E+00   0.0000000E+00   0.0000000E+00   0.0000000E+00   0.0000000E+00   0.0000000E+00   3.3759733E-12   1.7772064E-10   3.0456631E-09   3.9805627E-08   4.1346911E-07   3.3615318E-06   2.0579040E-05   8.8948800E-05   2.4766292E-04   4.0286581E-04   6.1575498E-04   8.9810498E-04   1.2508876E-03   1.6660688E-03   1.9903777E-03   2.0592075E-03   1.5496272E-03   9.0327731E-04   3.4723961E-04   2.9945770E-05   1.4480890E-05   1.2818386E-05   1.5977059E-05   2.8847415E-05   1.8644638E-05   4.8716777E-07   2.4946921E-05  -4.9324326E-06   2.0367785E-05   4.0066848E-06   3.0338724E-06   3.3562201E-06   5.3588769E-06   1.2732426E-05   2.8969111E-05   4.6485125E-05   6.2463012E-05   7.3773655E-05   7.0223687E-05   5.8514212E-05   4.4507033E-05   3.2724722E-05   2.2624439E-05   1.6650272E-05   1.3386177E-05   1.2431293E-05   1.9112784E-05   4.3937667E-05   1.0904208E-04   1.3853253E-04  -5.4234838E-06  -1.5050648E-05  -1.3033849E-05  -1.7055634E-05  -2.7213735E-05  -3.4057346E-05   1.5730039E-09
   0.0000000E+00   0.0000000E+00   0.0000000E+00   0.0000000E+00   0.0000000E+00   0.0000000E+00   0.0000000E+00   0.0000000E+00   0.0000000E+00   0.0000000E+00   0.0000000E+00   0.0000000E+00   0.0000000E+00   0.0000000E+00   0.0000000E+00   0.0000000E+00   0.0000000E+00   0.0000000E+00   0.0000000E+00   0.0000000E+00   0.0000000E+00   0.0000000E+00   0.0000000E+00   0.0000000E+00   0.0000000E+00   0.0000000E+00   0.0000000E+00   0.0000000E+00   0.0000000E+00   0.0000000E+00   0.0000000E+00   0.0000000E+00   0.0000000E+00   0.0000000E+00   0.0000000E+00   0.0000000E+00   0.0000000E+00   0.0000000E+00   0.0000000E+00   0.0000000E+00   0.0000000E+00   0.0000000E+00   0.0000000E+00   1.3187472E-10   2.1541093E-09   2.7747477E-08   2.9167725E-07   2.4717685E-06   1.6431870E-05   8.2110906E-05   2.9093548E-04   6.7939400E-04   1.0646731E-03   1.5263731E-03   1.9636154E-03   2.1269943E-03   1.4932111E-03   7.2085264E-04   1.5130224E-04   1.4413032E-05   1.8771816E-05   2.4880641E-05   2.1355876E-05   8.8892521E-06   1.2472543E-05   1.4309207E-05   2.2221906E-05   1.1178877E-05   4.2766073E-06   8.6054915E-06  -2.1015114E-06   5.2267833E-06  -4.2260376E-06  -5.7148368E-06  -5.3736103E-06  -4.5523475E-06  -3.1467882E-06  -2.7878018E-06   1.5187651E-06   1.5579377E-05   2.8848644E-05   3.3375698E-05   3.2346521E-05   2.8827710E-05   2.4161500E-05   1.9995994E-05   1.5926007E-05   1.4006165E-05   1.3454413E-05   1.7125640E-05   4.2720589E-05   1.1170973E-04   1.2576133E-04  -9.3420549E-06  -1.5275014E-05  -1.3088379E-05  -1.7249673E-05  -2.7238260E-05  -3.3077009E-05   8.3666685E-10
   0.0000000E+00   0.0000000E+00   0.0000000E+00   0.0000000E+00   0.0000000E+00   0.0000000E+00   0.0000000E+00   0.0000000E+00   0.0000000E+00   0.0000000E+00   0.0000000E+00   0.0000000E+00   0.0000000E+00   0.0000000E+00   0.0000000E+00   0.0000000E+00   0.0000000E+00   0.0000000E+00   0.0000000E+00   0.0000000E+00   0.0000000E+00   0.0000000E+00   0.0000000E+00   0.0000000E+00   0.0000000E+00   0.0000000E+00   0.0000000E+00   0.0000000E+00   0.0000000E+00   0.0000000E+00   0.0000000E+00   0.0000000E+00   0.0000000E+00   0.0000000E+00   0.0000000E+00   0.0000000E+00   0.0000000E+00   0.0000000E+00   0.0000000E+00   0.0000000E+00   0.0000000E+00   0.0000000E+00   1.0213939E-10   1.6164148E-09   2.0923713E-08   2.2529743E-07   1.9992717E-06   1.4280939E-05   7.9448524E-05   3.2749426E-04   9.3501346E-04   1.7253952E-03   2.1232730E-03   1.7636366E-03   8.7378023E-04   1.6862994E-04   1.3427065E-05   1.9973697E-05   1.7108514E-05   1.4840014E-05   1.6175802E-05   1.9754563E-05   1.3686767E-05   9.1517795E-06   8.5846114E-06   1.0304701E-05   1.4604312E-05   5.2419205E-06   2.5737315E-06  -1.5922520E-06  -3.3400352E-06  -6.6017947E-06  -1.0877518E-05  -1.2692200E-05  -1.3093634E-05  -1.3100597E-05  -1.9988407E-05  -1.0747621E-05  -3.9366892E-06  -9.2115588E-06  -3.4029037E-07   7.7158011E-06   1.3607929E-05   1.7744322E-05   1.9051551E-05   1.5784615E-05   1.3225457E-05   1.1748630E-05   1.1727684E-05   1.9821286E-05   4.7090951E-05   1.0697486E-04   1.0933594E-04  -1.1357135E-05  -1.5480011E-05  -1.3146019E-05  -1.7436905E-05  -2.7237345E-05  -3.2125852E-05   4.4883011E-10
   0.0000000E+00   0.0000000E+00   0.0000000E+00   0.0000000E+00   0.0000000E+00   0.0000000E+00   0.0000000E+00   0.0000000E+00   0.0000000E+00   0.0000000E+00   0.0000000E+00   0.0000000E+00   0.0000000E+00   0.0000000E+00   0.0000000E+00   0.0000000E+00   0.0000000E+00   0.0000000E+00   0.0000000E+00   0.0000000E+00   0.0000000E+00   0.0000000E+00   0.0000000E+00   0.0000000E+00   0.0000000E+00   0.0000000E+00   0.0000000E+00   0.0000000E+00   0.0000000E+00   0.0000000E+00   0.0000000E+00   0.0000000E+00   0.0000000E+00   0.0000000E+00   0.0000000E+00   0.0000000E+00   0.0000000E+00   0.0000000E+00   0.0000000E+00   0.0000000E+00   0.0000000E+00   8.0011262E-11   1.2840912E-09   1.6908940E-08   1.8692981E-07   1.7295225E-06   1.3102779E-05   7.8488694E-05   3.5336256E-04   1.0943406E-03   1.9809597E-03   1.3560356E-03   4.0251584E-04   1.1570654E-05   1.4255535E-05   1.3584510E-05   1.3413920E-05   1.8244642E-05   1.2629313E-05   1.2397317E-05   1.2971099E-05   1.4245804E-05   7.9625361E-06   7.1614609E-06   5.3126928E-06   6.8052454E-06   7.5713933E-06   8.3448151E-07  -8.4665356E-07  -7.1801592E-06  -7.0355968E-06  -1.4531401E-05  -1.6179560E-05  -1.8335468E-05  -1.9932440E-05  -2.0371546E-05  -2.3062463E-05  -1.7357150E-05  -1.5031770E-05  -2.2777005E-05  -1.0086075E-05  -8.7920735E-06   1.0592984E-06   9.9655035E-06   1.3946980E-05   1.4231598E-05   1.3012269E-05   1.2248515E-05   1.2961980E-05   1.7882187E-05   4.6512680E-05   1.0634099E-04   8.9366549E-05  -1.2539353E-05  -1.5667836E-05  -1.3206714E-05  -1.7617176E-05  -2.7212765E-05  -3.1202952E-05   2.4294136E-10
   0.0000000E+00   0.0000000E+00   0.0000000E+00   0.0000000E+00   0.0000000E+00   0.0000000E+00   0.0000000E+00   0.0000000E+00   0.0000000E+00   0.0000000E+00   0.0000000E+00   0.0000000E+00   0.0000000E+00   0.0000000E+00   0.0000000E+00   0.0000000E+00   0.0000000E+00   0.0000000E+00   0.0000000E+00   0.0000000E+00   0.0000000E+00   0.0000000E+00   0.0000000E+00   0.0000000E+00   0.0000000E+00   0.0000000E+00   0.0000000E+00   0.0000000E+00   0.0000000E+00   0.0000000E+00   0.0000000E+00   0.0000000E+00   0.0000000E+00   0.0000000E+00   0.0000000E+00   0.0000000E+00   0.0000000E+00   0.0000000E+00   0.0000000E+00   0.0000000E+00   4.0714408E-11   9.1567154E-10   1.4529199E-08   1.6555390E-07   1.5885688E-06   1.2617504E-05   7.9902507E-05   3.7851572E-04   1.2042823E-03   2.0204464E-03   6.8288425E-04   6.5879435E-06   1.1586765E-05   1.0403280E-05   1.4848426E-05   1.0190673E-05   1.1580538E-05   1.4948971E-05   8.8656425E-06   9.4701454E-06   9.9380804E-06   9.4273155E-06   3.6209633E-06   4.6256578E-06   2.6920018E-06   3.6882318E-06   2.1902210E-06  -2.9208377E-06  -4.2714373E-06  -1.0580431E-05  -1.1283662E-05  -1.9512923E-05  -2.0545442E-05  -2.3076047E-05  -2.5510630E-05  -2.5632800E-05  -2.5967607E-05  -2.3579525E-05  -2.5183625E-05  -2.7352813E-05  -2.1305827E-05  -1.6201599E-05  -5.9816439E-06   5.9636059E-06   1.0860535E-05   1.1775348E-05   1.0899191E-05   1.0854108E-05   1.1409137E-05   1.9983190E-05   5.0275361E-05   1.0118249E-04   6.1341438E-05  -1.3334100E-05  -1.5840080E-05  -1.3270062E-05  -1.7790058E-05  -2.7165943E-05  -3.0307670E-05   6.5844358E-11
   0.0000000E+00   0.0000000E+00   0.0000000E+00   0.0000000E+00   0.0000000E+00   0.0000000E+00   0.0000000E+00   0.0000000E+00   0.0000000E+00   0.0000000E+00   0.0000000E+00   0.0000000E+00   0.0000000E+00   0.0000000E+00   0.0000000E+00   0.0000000E+00   0.0000000E+00   0.0000000E+00   0.0000000E+00   0.0000000E+00   0.0000000E+00   0.0000000E+00   0.0000000E+00   0.0000000E+00   0.0000000E+00   0.0000000E+00   0.0000000E+00   0.0000000E+00   0.0000000E+00   0.0000000E+00   0.0000000E+00   0.0000000E+00   0.0000000E+00   0.0000000E+00   0.0000000E+00   0.0000000E+00   0.0000000E+00   0.0000000E+00   0.0000000E+00   3.0108176E-11   7.8312351E-10   1.2950943E-08   1.5502017E-07   1.5410432E-06   1.2701136E-05   8.3675513E-05   4.1010248E-04   1.3093748E-03   2.0421324E-03   3.5198178E-04   1.3400617E-05   9.6173308E-06   1.0324983E-05   8.6584323E-06   1.2988138E-05   7.4612503E-06   9.5097230E-06   1.1573770E-05   5.8566752E-06   6.7879855E-06   7.1923741E-06   5.4308439E-06   4.4790985E-07   2.2139877E-06   5.6551033E-07   9.6841302E-07  -1.7624478E-06  -6.1773167E-06  -7.2032408E-06  -1.2995120E-05  -1.5135151E-05  -2.2896687E-05  -2.4084849E-05  -2.6952919E-05  -2.9575169E-05  -2.9453329E-05  -2.8661290E-05  -2.8548737E-05  -3.2295029E-05  -3.1025524E-05  -2.7814702E-05  -2.1277414E-05  -1.0818111E-05   1.4926452E-06   5.7982338E-06   8.9315217E-06   9.0580525E-06   9.8909914E-06   1.1061029E-05   1.9308425E-05   5.0228056E-05   9.9593315E-05   3.8860700E-05  -1.3649242E-05  -1.5998052E-05  -1.3335953E-05  -1.7955437E-05  -2.7098453E-05  -2.9439210E-05   3.9906817E-11
   0.0000000E+00   0.0000000E+00   0.0000000E+00   0.0000000E+00   0.0000000E+00   0.0000000E+00   0.0000000E+00   0.0000000E+00   0.0000000E+00   0.0000000E+00   0.0000000E+00   0.0000000E+00   0.0000000E+00   0.0000000E+00   0.0000000E+00   0.0000000E+00   0.0000000E+00   0.0000000E+00   0.0000000E+00   0.0000000E+00   0.0000000E+00   0.0000000E+00   0.0000000E+00   0.0000000E+00   0.0000000E+00   0.0000000E+00   0.0000000E+00   0.0000000E+00   0.0000000E+00   0.0000000E+00   0.0000000E+00   0.0000000E+00   0.0000000E+00   0.0000000E+00   0.0000000E+00   0.0000000E+00   0.0000000E+00   0.0000000E+00   2.6278063E-11   7.0567796E-10   1.2081667E-08   1.5142163E-07   1.5653586E-06   1.3325735E-05   9.0122085E-05   4.4838147E-04   1.4070179E-03   1.9084627E-03   1.0039135E-04   1.1304014E-05   1.4329407E-05   9.6375034E-06   8.4386365E-06   6.9900448E-06   1.0646953E-05   5.3357671E-06   7.6221022E-06   8.5667089E-06   3.5263467E-06   4.5532188E-06   4.7949420E-06   2.2316078E-06  -1.8627802E-06   1.7153621E-07  -1.1627053E-06  -1.3436218E-06  -4.7623944E-06  -8.8383522E-06  -9.5866098E-06  -1.4904730E-05  -1.8350791E-05  -2.5339885E-05  -2.6934713E-05  -3.0023439E-05  -3.2339361E-05  -3.2206255E-05  -3.1113534E-05  -3.2463417E-05  -3.6992467E-05  -3.3957262E-05  -3.2347420E-05  -2.6101510E-05  -1.5683047E-05  -3.2939247E-06   1.9092502E-06   5.7971797E-06   6.6298680E-06   8.4149551E-06   1.1240060E-05   1.9235571E-05   5.3026597E-05   8.8864603E-05   2.8113571E-05  -1.3530987E-05  -1.6142609E-05  -1.3404107E-05  -1.8113085E-05  -2.7011660E-05  -2.8596780E-05   2.4212958E-11
   0.0000000E+00   0.0000000E+00   0.0000000E+00   0.0000000E+00   0.0000000E+00   0.0000000E+00   0.0000000E+00   0.0000000E+00   0.0000000E+00   0.0000000E+00   0.0000000E+00   0.0000000E+00   0.0000000E+00   0.0000000E+00   0.0000000E+00   0.0000000E+00   0.0000000E+00   0.0000000E+00   0.0000000E+00   0.0000000E+00   0.0000000E+00   0.0000000E+00   0.0000000E+00   0.0000000E+00   0.0000000E+00   0.0000000E+00   0.0000000E+00   0.0000000E+00   0.0000000E+00   0.0000000E+00   0.0000000E+00   0.0000000E+00   0.0000000E+00   0.0000000E+00   0.0000000E+00   0.0000000E+00   0.0000000E+00   2.4494962E-11   6.7127676E-10   1.1821776E-08   1.5373740E-07   1.6487445E-06   1.4475934E-05   9.9800396E-05   4.9681042E-04   1.4987773E-03   1.6901341E-03  -8.4595013E-07   7.7646073E-06   1.3122580E-05   1.3482525E-05   8.7337448E-06   6.6461694E-06   5.5667924E-06   8.4590629E-06   3.7352690E-06   5.9912004E-06   6.0707480E-06   1.7515137E-06   2.7552592E-06   2.7571509E-06  -2.6917286E-07  -3.5522726E-06  -1.4614135E-06  -2.5711727E-06  -3.2866899E-06  -7.1121417E-06  -1.0914461E-05  -1.1497533E-05  -1.6513490E-05  -2.0950278E-05  -2.7189288E-05  -2.9227755E-05  -3.2385487E-05  -3.4232948E-05  -3.4168290E-05  -3.3165114E-05  -3.5481786E-05  -3.9915525E-05  -3.6321384E-05  -3.5414978E-05  -2.9368637E-05  -1.8960474E-05  -6.6459515E-06  -1.0734560E-06   3.1447410E-06   4.5198890E-06   6.6209454E-06   9.0753738E-06   2.1482017E-05   5.2779647E-05   7.5307304E-05   2.2503551E-05  -1.4641369E-05  -1.6274742E-05  -1.3474238E-05  -1.8262801E-05  -2.6906851E-05  -2.7779599E-05   1.4716464E-11
   0.0000000E+00   0.0000000E+00   0.0000000E+00   0.0000000E+00   0.0000000E+00   0.0000000E+00   0.0000000E+00   0.0000000E+00   0.0000000E+00   0.0000000E+00   0.0000000E+00   0.0000000E+00   0.0000000E+00   0.0000000E+00   0.0000000E+00   0.0000000E+00   0.0000000E+00   0.0000000E+00   0.0000000E+00   0.0000000E+00   0.0000000E+00   0.0000000E+00   0.0000000E+00   0.0000000E+00   0.0000000E+00   0.0000000E+00   0.0000000E+00   0.0000000E+00   0.0000000E+00   0.0000000E+00   0.0000000E+00   0.0000000E+00   0.0000000E+00   0.0000000E+00   0.0000000E+00   0.0000000E+00   2.4060589E-11   6.7062672E-10   1.2086208E-08   1.6195132E-07   1.7909730E-06   1.6155524E-05   1.1319527E-04   5.6077936E-04   1.6189952E-03   1.4993247E-03  -8.0584905E-06   5.7456559E-06   1.0223844E-05   1.3323086E-05   1.2171468E-05   7.6086649E-06   5.1454208E-06   4.4144945E-06   6.5976842E-06   2.5472457E-06   4.6291957E-06   4.0587897E-06   4.1250775E-07   1.3397319E-06   1.0426907E-06  -2.1962794E-06  -4.7563876E-06  -2.7432202E-06  -3.7249929E-06  -4.9200144E-06  -8.9748492E-06  -1.2497205E-05  -1.3045931E-05  -1.7910636E-05  -2.3027018E-05  -2.8643417E-05  -3.1073054E-05  -3.4160261E-05  -3.5529087E-05  -3.5549911E-05  -3.4805798E-05  -3.7747435E-05  -4.1631003E-05  -3.8156100E-05  -3.7408023E-05  -3.1471416E-05  -2.1087037E-05  -8.9587775E-06  -3.3169520E-06   1.1526612E-06   2.7740734E-06   4.9727446E-06   7.6515589E-06   1.9194695E-05   4.7323512E-05   6.3970358E-05   1.9381996E-05  -1.5271240E-05  -1.6395234E-05  -1.3546061E-05  -1.8404418E-05  -2.6785252E-05  -2.6986902E-05   8.9696106E-12
   0.0000000E+00   0.0000000E+00   0.0000000E+00   0.0000000E+00   0.0000000E+00   0.0000000E+00   0.0000000E+00   0.0000000E+00   0.0000000E+00   0.0000000E+00   0.0000000E+00   0.0000000E+00   0.0000000E+00   0.0000000E+00   0.0000000E+00   0.0000000E+00   0.0000000E+00   0.0000000E+00   0.0000000E+00   0.0000000E+00   0.0000000E+00   0.0000000E+00   0.0000000E+00   0.0000000E+00   0.0000000E+00   0.0000000E+00   0.0000000E+00   0.0000000E+00   0.0000000E+00   0.0000000E+00   0.0000000E+00   0.0000000E+00   0.0000000E+00   0.0000000E+00   0.0000000E+00   2.4687851E-11   6.9859285E-10   1.2846064E-08   1.7650454E-07   2.0006701E-06   1.8426546E-05   1.3059858E-04   6.4195879E-04   1.7629308E-03   1.2778575E-03  -1.6113867E-05   3.3539808E-07   8.6584469E-06   1.1260146E-05   1.2913611E-05   1.0834840E-05   6.5206718E-06   3.9595971E-06   3.5063269E-06   5.0837098E-06   1.6796890E-06   3.4956145E-06   2.4771498E-06  -5.8659691E-07   2.1894013E-07  -3.8457131E-07  -3.6596812E-06  -5.6120293E-06  -3.7329442E-06  -4.6851560E-06  -6.2916179E-06  -1.0452719E-05  -1.3712093E-05  -1.4315581E-05  -1.9147008E-05  -2.4690991E-05  -2.9819874E-05  -3.2556854E-05  -3.5462155E-05  -3.6401045E-05  -3.6507336E-05  -3.6086258E-05  -3.9398023E-05  -4.2596072E-05  -3.9448576E-05  -3.8618437E-05  -3.2722983E-05  -2.2386570E-05  -1.0520642E-05  -4.9602936E-06  -2.9645403E-07   1.5044744E-06   3.7744303E-06   6.6974490E-06   1.7728140E-05   4.3575761E-05   5.5899309E-05   1.7447617E-05  -1.5697993E-05  -1.6504793E-05  -1.3619295E-05  -1.8537805E-05  -2.6648018E-05  -2.6217942E-05   5.4915916E-12
   0.0000000E+00   0.0000000E+00   0.0000000E+00   0.0000000E+00   0.0000000E+00   0.0000000E+00   0.0000000E+00   0.0000000E+00   0.0000000E+00   0.0000000E+00   0.0000000E+00   0.0000000E+00   0.0000000E+00   0.0000000E+00   0.0000000E+00   0.0000000E+00   0.0000000E+00   0.0000000E+00   0.0000000E+00   0.0000000E+00   0.0000000E+00   0.0000000E+00   0.0000000E+00   0.0000000E+00   0.0000000E+00   0.0000000E+00   0.0000000E+00   0.0000000E+00   0.0000000E+00   0.0000000E+00   0.0000000E+00   0.0000000E+00   0.0000000E+00   0.0000000E+00   2.6289321E-11   7.5429202E-10   1.4122190E-08   1.9825055E-07   2.2917595E-06   2.1412519E-05   1.5244176E-04   7.3922047E-04   1.9234573E-03   1.0211866E-03  -2.1723385E-05  -6.8121080E-06   4.5933116E-06   1.0093440E-05   1.1658088E-05   1.2284132E-05   9.6199974E-06   5.5591345E-06   3.0531389E-06   2.8007544E-06   3.8828484E-06   1.0506728E-06   2.5598238E-06   1.2448996E-06  -1.3287681E-06  -6.7877653E-07  -1.5661070E-06  -4.7575654E-06  -6.2073641E-06  -4.5032161E-06  -5.4966413E-06  -7.4555915E-06  -1.1637783E-05  -1.4635798E-05  -1.5383530E-05  -2.0251167E-05  -2.6039099E-05  -3.0796415E-05  -3.3746619E-05  -3.6388661E-05  -3.6965499E-05  -3.7155402E-05  -3.7068618E-05  -4.0560040E-05  -4.3074360E-05  -4.0283532E-05  -3.9261671E-05  -3.3360680E-05  -2.3095687E-05  -1.1542124E-05  -6.1007577E-06  -1.3422290E-06   5.8519805E-07   2.9112243E-06   6.0620218E-06   1.6854778E-05   4.0871237E-05   5.0235562E-05   1.6076772E-05  -1.6036234E-05  -1.6604083E-05  -1.3693659E-05  -1.8662857E-05  -2.6496245E-05  -2.5471989E-05   3.3865020E-12
   0.0000000E+00   0.0000000E+00   0.0000000E+00   0.0000000E+00   0.0000000E+00   0.0000000E+00   0.0000000E+00   0.0000000E+00   0.0000000E+00   0.0000000E+00   0.0000000E+00   0.0000000E+00   0.0000000E+00   0.0000000E+00   0.0000000E+00   0.0000000E+00   0.0000000E+00   0.0000000E+00   0.0000000E+00   0.0000000E+00   0.0000000E+00   0.0000000E+00   0.0000000E+00   0.0000000E+00   0.0000000E+00   0.0000000E+00   0.0000000E+00   0.0000000E+00   0.0000000E+00   0.0000000E+00   0.0000000E+00   0.0000000E+00   0.0000000E+00   2.8887500E-11   8.3965418E-10   1.5980085E-08   2.2852758E-07   2.6826324E-06   2.5278807E-05   1.7943927E-04   8.5101114E-04   2.0759355E-03   7.4495689E-04  -2.6221347E-05  -1.2112258E-05  -1.6103796E-06   7.0516148E-06   1.0843318E-05   1.1744082E-05   1.1597520E-05   8.5645252E-06   4.7442845E-06   2.3748930E-06   2.2560789E-06   2.9439957E-06   5.9450394E-07   1.7879679E-06   2.8894357E-07  -1.8816334E-06  -1.4093235E-06  -2.5417328E-06  -5.5711885E-06  -6.6128423E-06  -5.1124844E-06  -6.1965657E-06  -8.4515477E-06  -1.2588946E-05  -1.5351357E-05  -1.6307911E-05  -2.1252679E-05  -2.7143262E-05  -3.1621988E-05  -3.4695619E-05  -3.7022131E-05  -3.7304577E-05  -3.7578146E-05  -3.7809943E-05  -4.1339539E-05  -4.3227017E-05  -4.0755949E-05  -3.9495648E-05  -3.3559900E-05  -2.3386137E-05  -1.2175231E-05  -6.8642621E-06  -2.0915215E-06  -7.8274731E-08   2.2926049E-06   5.6518838E-06   1.6375254E-05   3.8866696E-05   4.6270055E-05   1.4975411E-05  -1.6333794E-05  -1.6693721E-05  -1.3768880E-05  -1.8779503E-05  -2.6330979E-05  -2.4748333E-05   2.1122652E-12
   0.0000000E+00   0.0000000E+00   0.0000000E+00   0.0000000E+00   0.0000000E+00   0.0000000E+00   0.0000000E+00   0.0000000E+00   0.0000000E+00   0.0000000E+00   0.0000000E+00   0.0000000E+00   0.0000000E+00   0.0000000E+00   0.0000000E+00   0.0000000E+00   0.0000000E+00   0.0000000E+00   0.0000000E+00   0.0000000E+00   0.0000000E+00   0.0000000E+00   0.0000000E+00   0.0000000E+00   0.0000000E+00   0.0000000E+00   0.0000000E+00   0.0000000E+00   0.0000000E+00   0.0000000E+00   0.0000000E+00   0.0000000E+00   3.2579252E-11   9.5870578E-10   1.8524538E-08   2.6921128E-07   3.1969828E-06   3.0224202E-05   2.1244951E-04   9.7656972E-04   2.2039497E-03   4.6646202E-04  -2.8265596E-05  -1.6258560E-05  -6.5090389E-06   1.7183369E-06   8.5890679E-06   1.1245077E-05   1.1668108E-05   1.0921822E-05   7.6637943E-06   4.0682908E-06   1.8747243E-06   1.8356762E-06   2.2154568E-06   2.6055108E-07   1.1487084E-06  -4.5252290E-07  -2.2982858E-06  -2.0151085E-06  -3.3467593E-06  -6.1663291E-06  -6.8835457E-06  -5.6065064E-06  -6.8137838E-06  -9.3114068E-06  -1.3356508E-05  -1.5922307E-05  -1.7131808E-05  -2.2167818E-05  -2.8065602E-05  -3.2335589E-05  -3.5444315E-05  -3.7420032E-05  -3.7479320E-05  -3.7836904E-05  -3.8357706E-05  -4.1821746E-05  -4.3157310E-05  -4.0949642E-05  -3.9435570E-05  -3.3448545E-05  -2.3382119E-05  -1.2529837E-05  -7.3573392E-06  -2.6233899E-06  -5.5452341E-07   1.8527261E-06   5.4055918E-06   1.6151551E-05   3.7366743E-05   4.3456977E-05   1.4005977E-05  -1.6610738E-05  -1.6774289E-05  -1.3844694E-05  -1.8887695E-05  -2.6153202E-05  -2.4046287E-05   1.3408719E-12
   0.0000000E+00   0.0000000E+00   0.0000000E+00   0.0000000E+00   0.0000000E+00   0.0000000E+00   0.0000000E+00   0.0000000E+00   0.0000000E+00   0.0000000E+00   0.0000000E+00   0.0000000E+00   0.0000000E+00   0.0000000E+00   0.0000000E+00   0.0000000E+00   0.0000000E+00   0.0000000E+00   0.0000000E+00   0.0000000E+00   0.0000000E+00   0.0000000E+00   0.0000000E+00   0.0000000E+00   0.0000000E+00   0.0000000E+00   0.0000000E+00   0.0000000E+00   0.0000000E+00   0.0000000E+00   0.0000000E+00   2.0065661E-11   8.3095736E-10   1.9852234E-08   3.2271157E-07   3.8640651E-06   3.6464018E-05   2.5170465E-04   1.1034078E-03   2.2161426E-03   1.8178253E-04  -2.9007888E-05  -1.9531843E-05  -1.0294948E-05  -2.7803928E-06   4.0266364E-06   9.6034164E-06   1.1456279E-05   1.1503218E-05   1.0282969E-05   6.8985064E-06   3.5132268E-06   1.5093434E-06   1.5093883E-06   1.6511952E-06   1.0883081E-08   6.1518892E-07  -1.0298738E-06  -2.6192679E-06  -2.5275970E-06  -4.0112686E-06  -6.5954564E-06  -7.0618767E-06  -6.0203720E-06  -7.3700608E-06  -1.0060865E-05  -1.3982522E-05  -1.6396687E-05  -1.7886112E-05  -2.3011115E-05  -2.8853208E-05  -3.2959346E-05  -3.6025431E-05  -3.7637619E-05  -3.7531030E-05  -3.7976297E-05  -3.8749666E-05  -4.2073902E-05  -4.2933883E-05  -4.0932424E-05  -3.9165247E-05  -3.3119235E-05  -2.3173225E-05  -1.2685660E-05  -7.6571951E-06  -2.9956411E-06  -8.9288875E-07   1.5448950E-06   5.2811524E-06   1.6096423E-05   3.6245085E-05   4.1402556E-05   1.3104367E-05  -1.6875449E-05  -1.6846336E-05  -1.3920842E-05  -1.8987412E-05  -2.5963827E-05  -2.3365164E-05   8.7382662E-13
   0.0000000E+00   0.0000000E+00   0.0000000E+00   0.0000000E+00   0.0000000E+00   0.0000000E+00   0.0000000E+00   0.0000000E+00   0.0000000E+00   0.0000000E+00   0.0000000E+00   0.0000000E+00   0.0000000E+00   0.0000000E+00   0.0000000E+00   0.0000000E+00   0.0000000E+00   0.0000000E+00   0.0000000E+00   0.0000000E+00   0.0000000E+00   0.0000000E+00   0.0000000E+00   0.0000000E+00   0.0000000E+00   0.0000000E+00   0.0000000E+00   0.0000000E+00   0.0000000E+00   0.0000000E+00   1.0091337E-11   5.0029636E-10   1.5681223E-08   3.3617238E-07   4.7173594E-06   4.4209661E-05   2.9665403E-04   1.2076952E-03   1.9617716E-03  -3.2827949E-05  -2.7278658E-05  -2.1399697E-05  -1.3875878E-05  -6.2590584E-06  -9.9259807E-08   5.7123284E-06   1.0297061E-05   1.1554973E-05   1.1286321E-05   9.6879512E-06   6.2462400E-06   3.0590311E-06   1.2436267E-06   1.2532842E-06   1.2127159E-06  -1.8227176E-07   1.6531384E-07  -1.4832178E-06  -2.8748213E-06  -2.9697358E-06  -4.5603524E-06  -6.9000216E-06  -7.1799632E-06  -6.3804500E-06  -7.8814319E-06  -1.0720679E-05  -1.4501597E-05  -1.6810302E-05  -1.8592727E-05  -2.3795037E-05  -2.9540726E-05  -3.3508350E-05  -3.6464429E-05  -3.7715301E-05  -3.7492511E-05  -3.8028786E-05  -3.9016384E-05  -4.2147847E-05  -4.2603606E-05  -4.0756993E-05  -3.8745533E-05  -3.2638796E-05  -2.2823979E-05  -1.2700604E-05  -7.8193116E-06  -3.2504579E-06  -1.1289760E-06   1.3360351E-06   5.2491559E-06   1.6156353E-05   3.5412508E-05   3.9836461E-05   1.2240743E-05  -1.7131359E-05  -1.6910379E-05  -1.3997077E-05  -1.9078658E-05  -2.5763797E-05  -2.2704349E-05   5.9100337E-13
   0.0000000E+00   0.0000000E+00   0.0000000E+00   0.0000000E+00   0.0000000E+00   0.0000000E+00   0.0000000E+00   0.0000000E+00   0.0000000E+00   0.0000000E+00   0.0000000E+00   0.0000000E+00   0.0000000E+00   0.0000000E+00   0.0000000E+00   0.0000000E+00   0.0000000E+00   0.0000000E+00   0.0000000E+00   0.0000000E+00   0.0000000E+00   0.0000000E+00   0.0000000E+00   0.0000000E+00   0.0000000E+00   0.0000000E+00   0.0000000E+00   0.0000000E+00   0.0000000E+00   3.0288278E-12   2.2445960E-10   8.2790494E-09   2.3844845E-07   4.6184146E-06   5.3784439E-05   3.5044528E-04   1.3318219E-03   1.7590951E-03  -3.0926793E-05  -2.3613560E-05  -2.0625150E-05  -1.6164835E-05  -9.8409919E-06  -3.3291446E-06   1.9269580E-06   6.9870180E-06   1.0781643E-05   1.1581295E-05   1.1036583E-05   9.1355887E-06   5.6861049E-06   2.6868902E-06   1.0501085E-06   1.0488188E-06   8.6899053E-07  -3.3883015E-07  -2.1867736E-07  -1.8439725E-06  -3.0870094E-06  -3.3580286E-06  -5.0147269E-06  -7.1125633E-06  -7.2618564E-06  -6.7061633E-06  -8.3594896E-06  -1.1307724E-05  -1.4941882E-05  -1.7189426E-05  -1.9267012E-05  -2.4529927E-05  -3.0153202E-05  -3.3992761E-05  -3.6782276E-05  -3.7685317E-05  -3.7389997E-05  -3.8017439E-05  -3.9179286E-05  -4.2084201E-05  -4.2199048E-05  -4.0463470E-05  -3.8220562E-05  -3.2055348E-05  -2.2380766E-05  -1.2616718E-05  -7.8834755E-06  -3.4186814E-06  -1.2886661E-06   1.2024874E-06   5.2885957E-06   1.6298198E-05   3.4801324E-05   3.8579557E-05   1.1401208E-05  -1.7379785E-05  -1.6966906E-05  -1.4073156E-05  -1.9161429E-05  -2.5553920E-05  -2.2063194E-05   4.1969813E-13
   0.0000000E+00   0.0000000E+00   0.0000000E+00   0.0000000E+00   0.0000000E+00   0.0000000E+00   0.0000000E+00   0.0000000E+00   0.0000000E+00   0.0000000E+00   0.0000000E+00   0.0000000E+00   0.0000000E+00   0.0000000E+00   0.0000000E+00   0.0000000E+00   0.0000000E+00   0.0000000E+00   0.0000000E+00   0.0000000E+00   0.0000000E+00   0.0000000E+00   0.0000000E+00   0.0000000E+00   0.0000000E+00   0.0000000E+00   0.0000000E+00   0.0000000E+00   0.0000000E+00   8.4368103E-11   3.1527312E-09   1.0451965E-07   2.6969415E-06   4.5542296E-05   4.1466425E-04   1.4750140E-03   1.5473467E-03  -3.6367968E-05  -2.0365364E-05  -1.7562186E-05  -1.5904541E-05  -1.2305933E-05  -6.8065056E-06  -1.1040423E-06   3.5115529E-06   7.9742767E-06   1.1122489E-05   1.1556486E-05   1.0764285E-05   8.6216323E-06   5.2003252E-06   2.3804789E-06   9.0783936E-07   8.8185266E-07   5.9560585E-07  -4.7278564E-07  -5.5087037E-07  -2.1364426E-06  -3.2715554E-06  -3.7042239E-06  -5.3914405E-06  -7.2585140E-06  -7.3252941E-06  -7.0115120E-06  -8.8124889E-06  -1.1835838E-05  -1.5326039E-05  -1.7552949E-05  -1.9919504E-05  -2.5224186E-05  -3.0708405E-05  -3.4419361E-05  -3.6996211E-05  -3.7572445E-05  -3.7241640E-05  -3.7958900E-05  -3.9256687E-05  -4.1914172E-05  -4.1743253E-05  -4.0082057E-05  -3.7622343E-05  -3.1403495E-05  -2.1876851E-05  -1.2464492E-05  -7.8782386E-06  -3.5229336E-06  -1.3909229E-06   1.1270995E-06   5.3841823E-06   1.6500633E-05   3.4358582E-05   3.7515994E-05   1.0579275E-05  -1.7621156E-05  -1.7016377E-05  -1.4148852E-05  -1.9235835E-05  -2.5334995E-05  -2.1441088E-05   3.1590485E-13
   0.0000000E+00   0.0000000E+00   0.0000000E+00   0.0000000E+00   0.0000000E+00   0.0000000E+00   0.0000000E+00   0.0000000E+00   0.0000000E+00   0.0000000E+00   0.0000000E+00   0.0000000E+00   0.0000000E+00   0.0000000E+00   0.0000000E+00   0.0000000E+00   0.0000000E+00   0.0000000E+00   0.0000000E+00   0.0000000E+00   0.0000000E+00   0.0000000E+00   0.0000000E+00   0.0000000E+00   0.0000000E+00   0.0000000E+00   0.0000000E+00   0.0000000E+00   2.3456008E-11   9.5459118E-10   3.1774366E-08   8.6410779E-07   1.8170389E-05   2.4875533E-04   1.6324494E-03   1.3158780E-03  -4.0743918E-05  -2.4540939E-05  -1.3730819E-05  -1.3273127E-05  -1.2393749E-05  -9.3504668E-06  -4.4470203E-06   6.4082309E-07   4.7819617E-06   8.7514372E-06   1.1359615E-05   1.1492147E-05   1.0475247E-05   8.1411554E-06   4.7744711E-06   2.1262049E-06   8.0113125E-07   7.4173022E-07   3.7368537E-07  -5.9375571E-07  -8.4235666E-07  -2.3792320E-06  -3.4393672E-06  -4.0166342E-06  -5.7045463E-06  -7.3576844E-06  -7.3831357E-06  -7.3063338E-06  -9.2462496E-06  -1.2316470E-05  -1.5672140E-05  -1.7914170E-05  -2.0557283E-05  -2.5884443E-05  -3.1218529E-05  -3.4792636E-05  -3.7120772E-05  -3.7397418E-05  -3.7061222E-05  -3.7864906E-05  -3.9262697E-05  -4.1662130E-05  -4.1252133E-05  -3.9635474E-05  -3.6974081E-05  -3.0708106E-05  -2.1336031E-05  -1.2265991E-05  -7.8241173E-06  -3.5798596E-06  -1.4497394E-06   1.0972661E-06   5.5245691E-06   1.6749140E-05   3.4042343E-05   3.6572135E-05   9.7718985E-06  -1.7855520E-05  -1.7059227E-05  -1.4223916E-05  -1.9301899E-05  -2.5107776E-05  -2.0837440E-05   2.5298427E-13
   0.0000000E+00   0.0000000E+00   0.0000000E+00   0.0000000E+00   0.0000000E+00   0.0000000E+00   0.0000000E+00   0.0000000E+00   0.0000000E+00   0.0000000E+00   0.0000000E+00   0.0000000E+00   0.0000000E+00   0.0000000E+00   0.0000000E+00   0.0000000E+00   0.0000000E+00   0.0000000E+00   0.0000000E+00   0.0000000E+00   0.0000000E+00   0.0000000E+00   0.0000000E+00   0.0000000E+00   0.0000000E+00   0.0000000E+00   0.0000000E+00   2.9095734E-12   2.0553183E-10   7.2217916E-09   1.8726305E-07   3.3640815E-06   3.7061811E-05   1.8623029E-04  -8.3872592E-06  -4.8314083E-05  -2.8589695E-05  -1.6727476E-05  -9.2128785E-06  -1.0124616E-05  -9.7116417E-06  -7.0288461E-06  -2.5675556E-06   2.0434452E-06   5.8197434E-06   9.3695116E-06   1.1518483E-05   1.1394940E-05   1.0173087E-05   7.6895876E-06   4.3971395E-06   1.9130246E-06   7.1841021E-07   6.2049259E-07   1.8883132E-07  -7.0818299E-07  -1.1018427E-06  -2.5864401E-06  -3.5977578E-06  -4.3011473E-06  -5.9656795E-06  -7.4254649E-06  -7.4444970E-06  -7.5973244E-06  -9.6648691E-06  -1.2759187E-05  -1.5994454E-05  -1.8282057E-05  -2.1184933E-05  -2.6515756E-05  -3.1691692E-05  -3.5115674E-05  -3.7168269E-05  -3.7175752E-05  -3.6858131E-05  -3.7743666E-05  -3.9208448E-05  -4.1346801E-05  -4.0737188E-05  -3.9140861E-05  -3.6292684E-05  -2.9987155E-05  -2.0775336E-05  -1.2037133E-05  -7.7358727E-06  -3.6017393E-06  -1.4754995E-06   1.1036097E-06   5.7011807E-06   1.7033211E-05   3.3819335E-05   3.5701752E-05   8.9776386E-06  -1.8082865E-05  -1.7095870E-05  -1.4298202E-05  -1.9359702E-05  -2.4872981E-05  -2.0251680E-05   2.1481211E-13
   0.0000000E+00   0.0000000E+00   0.0000000E+00   0.0000000E+00   0.0000000E+00   0.0000000E+00   0.0000000E+00   0.0000000E+00   0.0000000E+00   0.0000000E+00   0.0000000E+00   0.0000000E+00   0.0000000E+00   0.0000000E+00   0.0000000E+00   0.0000000E+00   0.0000000E+00   0.0000000E+00   0.0000000E+00   0.0000000E+00   0.0000000E+00   0.0000000E+00   0.0000000E+00   0.0000000E+00   0.0000000E+00   0.0000000E+00   0.0000000E+00   2.4051094E-11   9.1589403E-10   2.4945983E-08   4.6314014E-07   5.6909785E-06   4.2034641E-05   1.4236664E-04   3.2955882E-06  -4.9024766E-05  -2.0359090E-05  -1.1183846E-05  -6.0256493E-06  -7.7698160E-06  -7.6235415E-06  -5.1688048E-06  -1.0407981E-06   3.1942213E-06   6.6797988E-06   9.8635464E-06   1.1615854E-05   1.1269021E-05   9.8603668E-06   7.2630983E-06   4.0594532E-06   1.7320965E-06   6.5124783E-07   5.1223600E-07   3.0188513E-08  -8.2024729E-07  -1.3361598E-06  -2.7686417E-06  -3.7514089E-06  -4.5619759E-06  -6.1845399E-06  -7.4737700E-06  -7.5156490E-06  -7.8888488E-06  -1.0071257E-05  -1.3172050E-05  -1.6304124E-05  -1.8662389E-05  -2.1805228E-05  -2.7121830E-05  -3.2132983E-05  -3.5390622E-05  -3.7149232E-05  -3.6919915E-05  -3.6640420E-05  -3.7601090E-05  -3.9102819E-05  -4.0982741E-05  -4.0206785E-05  -3.8610549E-05  -3.5590227E-05  -2.9253204E-05  -2.0206546E-05  -1.1789435E-05  -7.6241345E-06  -3.5976523E-06  -1.4759391E-06   1.1390824E-06   5.9074177E-06   1.7344804E-05   3.3663240E-05   3.4876106E-05   8.1958124E-06  -1.8302839E-05  -1.7126693E-05  -1.4371471E-05  -1.9409337E-05  -2.4631287E-05  -1.9683253E-05   1.9162536E-13
   0.0000000E+00   0.0000000E+00   0.0000000E+00   0.0000000E+00   0.0000000E+00   0.0000000E+00   0.0000000E+00   0.0000000E+00   0.0000000E+00   0.0000000E+00   0.0000000E+00   0.0000000E+00   0.0000000E+00   0.0000000E+00   0.0000000E+00   0.0000000E+00   0.0000000E+00   0.0000000E+00   0.0000000E+00   0.0000000E+00   0.0000000E+00   0.0000000E+00   0.0000000E+00   0.0000000E+00   0.0000000E+00   0.0000000E+00   0.0000000E+00   6.1180741E-11   2.0541777E-09   4.6595819E-08   7.0207204E-07   6.9034741E-06   4.0731822E-05   1.1165463E-04   9.2317514E-06  -4.5472931E-05  -1.4372002E-05  -7.1278873E-06  -3.7450588E-06  -5.9874824E-06  -5.9715362E-06  -3.6524914E-06   2.2108750E-07   4.1550456E-06   7.4005034E-06   1.0258411E-05   1.1663132E-05   1.1117322E-05   9.5391724E-06   6.8586560E-06   3.7545469E-06   1.5764040E-06   5.9358109E-07   4.1260674E-07  -1.1034049E-07  -9.3254476E-07  -1.5506741E-06  -2.9336736E-06  -3.9031161E-06  -4.8022098E-06  -6.3692692E-06  -7.5117869E-06  -7.6007104E-06  -8.1835806E-06  -1.0467536E-05  -1.3561892E-05  -1.6609731E-05  -1.9058551E-05  -2.2419652E-05  -2.7705235E-05  -3.2545337E-05  -3.5619174E-05  -3.7072812E-05  -3.6639667E-05  -3.6413086E-05  -3.7440459E-05  -3.8953007E-05  -4.0581315E-05  -3.9666636E-05  -3.8054255E-05  -3.4875731E-05  -2.8515606E-05  -1.9638253E-05  -1.1530889E-05  -7.4965587E-06  -3.5743210E-06  -1.4568373E-06   1.1983418E-06   6.1381188E-06   1.7677390E-05   3.3553373E-05   3.4077486E-05   7.4260811E-06  -1.8515440E-05  -1.7152061E-05  -1.4443533E-05  -1.9450914E-05  -2.4383335E-05  -1.9131623E-05   1.7751339E-13
   0.0000000E+00   0.0000000E+00   0.0000000E+00   0.0000000E+00   0.0000000E+00   0.0000000E+00   0.0000000E+00   0.0000000E+00   0.0000000E+00   0.0000000E+00   0.0000000E+00   0.0000000E+00   0.0000000E+00   0.0000000E+00   0.0000000E+00   0.0000000E+00   0.0000000E+00   0.0000000E+00   0.0000000E+00   0.0000000E+00   0.0000000E+00   0.0000000E+00   0.0000000E+00   0.0000000E+00   0.0000000E+00   0.0000000E+00   0.0000000E+00   9.7808678E-11   3.0678915E-09   6.2772116E-08   8.3616857E-07   7.1914010E-06   3.7094305E-05   8.9770860E-05   1.2640484E-05  -4.0115669E-05  -9.8696028E-06  -4.1234239E-06  -2.1087835E-06  -4.6253326E-06  -4.6439027E-06  -2.3958862E-06   1.2808824E-06   4.9696191E-06   8.0094615E-06   1.0572226E-05   1.1668346E-05   1.0942207E-05   9.2113814E-06   6.4739484E-06   3.4771117E-06   1.4404063E-06   5.4110274E-07   3.1841188E-07  -2.3873247E-07  -1.0465860E-06  -1.7496075E-06  -3.0872602E-06  -4.0543573E-06  -5.0242074E-06  -6.5267554E-06  -7.5465564E-06  -7.7021896E-06  -8.4829890E-06  -1.0855329E-05  -1.3934537E-05  -1.6917767E-05  -1.9472160E-05  -2.3028757E-05  -2.8267596E-05  -3.2930198E-05  -3.5802801E-05  -3.6946938E-05  -3.6342633E-05  -3.6179837E-05  -3.7264999E-05  -3.8765174E-05  -4.0151397E-05  -3.9120783E-05  -3.7479207E-05  -3.4155681E-05  -2.7780907E-05  -1.9076304E-05  -1.1267431E-05  -7.3587107E-06  -3.5367882E-06  -1.4225177E-06   1.2773102E-06   6.3892066E-06   1.8025994E-05   3.3473581E-05   3.3295062E-05   6.6682037E-06  -1.8720515E-05  -1.7172317E-05  -1.4514208E-05  -1.9484552E-05  -2.4129733E-05  -1.8596267E-05   1.6889701E-13
   0.0000000E+00   0.0000000E+00   0.0000000E+00   0.0000000E+00   0.0000000E+00   0.0000000E+00   0.0000000E+00   0.0000000E+00   0.0000000E+00   0.0000000E+00   0.0000000E+00   0.0000000E+00   0.0000000E+00   0.0000000E+00   0.0000000E+00   0.0000000E+00   0.0000000E+00   0.0000000E+00   0.0000000E+00   0.0000000E+00   0.0000000E+00   0.0000000E+00   0.0000000E+00   0.0000000E+00   0.0000000E+00   0.0000000E+00   3.9055851E-12   1.1836054E-10   3.6677645E-09   7.0741223E-08   8.7525200E-07   6.9391326E-06   3.3011765E-05   7.4127449E-05   1.4869893E-05  -3.4174867E-05  -6.4272863E-06  -1.8925725E-06  -9.4035852E-07  -3.5739761E-06  -3.5593062E-06  -1.3375518E-06   2.1845001E-06   5.6694698E-06   8.5269794E-06   1.0818487E-05   1.1637359E-05   1.0745807E-05   8.8787810E-06   6.1072501E-06   3.2230200E-06   1.3197356E-06   4.9079404E-07   2.2732296E-07  -3.5934951E-07  -1.1631547E-06  -1.9362865E-06  -3.2335065E-06  -4.2057218E-06  -5.2298697E-06  -6.6628595E-06  -7.5834282E-06  -7.8214071E-06  -8.7877243E-06  -1.1235953E-05  -1.4294958E-05  -1.7233027E-05  -1.9903549E-05  -2.3632432E-05  -2.8809773E-05  -3.3287990E-05  -3.5942918E-05  -3.6778561E-05  -3.6034740E-05  -3.5943169E-05  -3.7076206E-05  -3.8543702E-05  -3.9699928E-05  -3.8572060E-05  -3.6890891E-05  -3.3434826E-05  -2.7053769E-05  -1.8524697E-05  -1.1003146E-05  -7.2144130E-06  -3.4885979E-06  -1.3762767E-06   1.3728571E-06   6.6573934E-06   1.8385803E-05   3.3411350E-05   3.2522286E-05   5.9222816E-06  -1.8917937E-05  -1.7187784E-05  -1.4583328E-05  -1.9510384E-05  -2.3871055E-05  -1.8076686E-05   1.6360914E-13
   0.0000000E+00   0.0000000E+00   0.0000000E+00   0.0000000E+00   0.0000000E+00   0.0000000E+00   0.0000000E+00   0.0000000E+00   0.0000000E+00   0.0000000E+00   0.0000000E+00   0.0000000E+00   0.0000000E+00   0.0000000E+00   0.0000000E+00   0.0000000E+00   0.0000000E+00   0.0000000E+00   0.0000000E+00   0.0000000E+00   0.0000000E+00   0.0000000E+00   0.0000000E+00   0.0000000E+00   0.0000000E+00   0.0000000E+00   1.7548029E-12   1.3050963E-10   3.8671573E-09   7.2078038E-08   8.5379475E-07   6.4540877E-06   2.9317323E-05   6.2954263E-05   1.6560574E-05  -2.8273071E-05  -3.7743350E-06  -2.4350061E-07  -1.1487094E-07  -2.7529193E-06  -2.6575515E-06  -4.3184841E-07   2.9660218E-06   6.2776971E-06   8.9682653E-06   1.1007448E-05   1.1574628E-05   1.0530177E-05   8.5431011E-06   5.7572865E-06   2.9890259E-06   1.2109483E-06   4.4057259E-07   1.3765323E-07  -4.7533490E-07  -1.2825623E-06  -2.1133330E-06  -3.3752847E-06  -4.3572304E-06  -5.4208263E-06  -6.7825968E-06  -7.6264159E-06  -7.9588108E-06  -9.0978938E-06  -1.1610559E-05  -1.4647391E-05  -1.7558930E-05  -2.0352132E-05  -2.4230096E-05  -2.9332026E-05  -3.3618515E-05  -3.6041005E-05  -3.6573798E-05  -3.5720546E-05  -3.5704659E-05  -3.6875252E-05  -3.8293419E-05  -3.9232535E-05  -3.8022448E-05  -3.6293495E-05  -3.2716660E-05  -2.6337491E-05  -1.7986102E-05  -1.0740870E-05  -7.0665965E-06  -3.4325913E-06  -1.3203882E-06   1.4825043E-06   6.9399284E-06   1.8753153E-05   3.3357064E-05   3.1755248E-05   5.1881484E-06  -1.9107601E-05  -1.7198767E-05  -1.4650733E-05  -1.9528550E-05  -2.3607841E-05  -1.7572391E-05   1.6033746E-13
   0.0000000E+00   0.0000000E+00   0.0000000E+00   0.0000000E+00   0.0000000E+00   0.0000000E+00   0.0000000E+00   0.0000000E+00   0.0000000E+00   0.0000000E+00   0.0000000E+00   0.0000000E+00   0.0000000E+00   0.0000000E+00   0.0000000E+00   0.0000000E+00   0.0000000E+00   0.0000000E+00   0.0000000E+00   0.0000000E+00   0.0000000E+00   0.0000000E+00   0.0000000E+00   0.0000000E+00   0.0000000E+00   0.0000000E+00   4.6679700E-12   1.2706017E-10   3.7985806E-09   6.9478858E-08   8.0375861E-07   5.9269869E-06   2.6304790E-05   5.4993849E-05   1.7998445E-05  -2.2720957E-05  -1.7240130E-06   9.6285203E-07   4.5887086E-07  -2.1021315E-06  -1.8936717E-06   3.5546631E-07   3.6509928E-06   6.8114168E-06   9.3448907E-06   1.1147040E-05   1.1483681E-05   1.0297354E-05   8.2060133E-06   5.4231100E-06   2.7725371E-06   1.1113239E-06   3.8903022E-07   4.8191414E-08  -5.8891936E-07  -1.4048247E-06  -2.2828112E-06  -3.5145376E-06  -4.5085671E-06  -5.5985579E-06  -6.8902727E-06  -7.6784754E-06  -8.1142362E-06  -9.4132756E-06  -1.1980208E-05  -1.4995441E-05  -1.7897773E-05  -2.0816668E-05  -2.4820829E-05  -2.9834160E-05  -3.3921220E-05  -3.6098631E-05  -3.6338024E-05  -3.5403500E-05  -3.5465266E-05  -3.6662881E-05  -3.8017726E-05  -3.8752947E-05  -3.7473328E-05  -3.5690264E-05  -3.2003747E-05  -2.5634370E-05  -1.7462226E-05  -1.0482539E-05  -6.9172770E-06  -3.3707886E-06  -1.2567617E-06   1.6045274E-06   7.2347993E-06   1.9124793E-05   3.3303415E-05   3.0991661E-05   4.4657936E-06  -1.9289429E-05  -1.7205550E-05  -1.4716273E-05  -1.9539202E-05  -2.3340608E-05  -1.7082912E-05   1.5828745E-13
   0.0000000E+00   0.0000000E+00   0.0000000E+00   0.0000000E+00   0.0000000E+00   0.0000000E+00   0.0000000E+00   0.0000000E+00   0.0000000E+00   0.0000000E+00   0.0000000E+00   0.0000000E+00   0.0000000E+00   0.0000000E+00   0.0000000E+00   0.0000000E+00   0.0000000E+00   0.0000000E+00   0.0000000E+00   0.0000000E+00   0.0000000E+00   0.0000000E+00   0.0000000E+00   0.0000000E+00   0.0000000E+00   0.0000000E+00   2.3663252E-12   1.2323394E-10   3.5968546E-09   6.5220220E-08   7.4689041E-07   5.4568422E-06   2.4012334E-05   4.9351849E-05   1.9296493E-05  -1.7661092E-05  -1.4109770E-07   1.8304097E-06   8.4868526E-07  -1.5765244E-06  -1.2339044E-06   1.0502423E-06   4.2586762E-06   7.2834177E-06   9.6657777E-06   1.1243509E-05   1.1367434E-05   1.0049376E-05   7.8691128E-06   5.1039960E-06   2.5714426E-06   1.0187058E-06   3.3523963E-07  -4.1921943E-08  -7.0165572E-07  -1.5297836E-06  -2.4463395E-06  -3.6525148E-06  -4.6592495E-06  -5.7644675E-06  -6.9895887E-06  -7.7417226E-06  -8.2870883E-06  -9.7334705E-06  -1.2345918E-05  -1.5342142E-05  -1.8250958E-05  -2.1295476E-05  -2.5403486E-05  -3.0315648E-05  -3.4195411E-05  -3.6117504E-05  -3.6075973E-05  -3.5086217E-05  -3.5225421E-05  -3.6439618E-05  -3.7719812E-05  -3.8265174E-05  -3.6925809E-05  -3.5083729E-05  -3.1297979E-05  -2.4945994E-05  -1.6954091E-05  -1.0229440E-05  -6.7678852E-06  -3.3046849E-06  -1.1867385E-06   1.7373599E-06   7.5400403E-06   1.9497915E-05   3.3244898E-05   3.0230245E-05   3.7552161E-06  -1.9463361E-05  -1.7208400E-05  -1.4779808E-05  -1.9542495E-05  -2.3069839E-05  -1.6607792E-05   1.5697730E-13
   0.0000000E+00   0.0000000E+00   0.0000000E+00   0.0000000E+00   0.0000000E+00   0.0000000E+00   0.0000000E+00   0.0000000E+00   0.0000000E+00   0.0000000E+00   0.0000000E+00   0.0000000E+00   0.0000000E+00   0.0000000E+00   0.0000000E+00   0.0000000E+00   0.0000000E+00   0.0000000E+00   0.0000000E+00   0.0000000E+00   0.0000000E+00   0.0000000E+00   0.0000000E+00   0.0000000E+00   0.0000000E+00   0.0000000E+00   2.2166377E-12   1.1527439E-10   3.3582890E-09   6.0782888E-08   6.9538493E-07   5.0843150E-06   2.2347896E-05   4.5324548E-05   1.9872159E-05  -1.3144180E-05   1.0754511E-06   2.4383710E-06   1.1055540E-06  -1.1421299E-06  -6.5284610E-07   1.6720639E-06   4.8036532E-06   7.7033219E-06   9.9378958E-06   1.1301861E-05   1.1228387E-05   9.7882657E-06   7.5338962E-06   4.7993626E-06   2.3839864E-06   9.3137788E-07   2.7861333E-07  -1.3328605E-07  -8.1459717E-07  -1.6571859E-06  -2.6051798E-06  -3.7899579E-06  -4.8087441E-06  -5.9199256E-06  -7.0837259E-06  -7.8176126E-06  -8.4764952E-06  -1.0058012E-05  -1.2708691E-05  -1.5690026E-05  -1.8619157E-05  -2.1786580E-05  -2.5976773E-05  -3.0775736E-05  -3.4440382E-05  -3.6099445E-05  -3.5791811E-05  -3.4770554E-05  -3.4985223E-05  -3.6205842E-05  -3.7402464E-05  -3.7771624E-05  -3.6380061E-05  -3.4475997E-05  -3.0600975E-05  -2.4273415E-05  -1.6462231E-05  -9.9823937E-06  -6.6194225E-06  -3.2353832E-06  -1.1113150E-06   1.8798587E-06   7.8541007E-06   1.9869960E-05   3.3175027E-05   2.9472802E-05   3.0564197E-06  -1.9629355E-05  -1.7207538E-05  -1.4841207E-05  -1.9538591E-05  -2.2795990E-05  -1.6146589E-05   1.5611514E-13
   0.0000000E+00   0.0000000E+00   0.0000000E+00   0.0000000E+00   0.0000000E+00   0.0000000E+00   0.0000000E+00   0.0000000E+00   0.0000000E+00   0.0000000E+00   0.0000000E+00   0.0000000E+00   0.0000000E+00   0.0000000E+00   0.0000000E+00   0.0000000E+00   0.0000000E+00   0.0000000E+00   0.0000000E+00   0.0000000E+00   0.0000000E+00   0.0000000E+00   0.0000000E+00   0.0000000E+00   0.0000000E+00   0.0000000E+00   2.0678771E-12   1.0760333E-10   3.1389014E-09   5.6956718E-08   6.5443169E-07   4.8064035E-06   2.1004358E-05   4.2656378E-05   2.0490868E-05  -9.1710099E-06   2.0027649E-06   2.8478719E-06   1.2680192E-06  -7.7335403E-07  -1.3138134E-07   2.2357933E-06   5.2969785E-06   8.0784102E-06   1.0166763E-05   1.1326182E-05   1.1068761E-05   9.5160167E-06   7.2017451E-06   4.5087095E-06   2.2086745E-06   8.4796693E-07   2.1880173E-07  -2.2630763E-07  -9.2843197E-07  -1.7867354E-06  -2.7603048E-06  -3.9272450E-06  -4.9565460E-06  -6.0662878E-06  -7.1754121E-06  -7.9070733E-06  -8.6814171E-06  -1.0386434E-05  -1.3069515E-05  -1.6041169E-05  -1.9002469E-05  -2.2287823E-05  -2.6539299E-05  -3.1213542E-05  -3.4655513E-05  -3.6046375E-05  -3.5489185E-05  -3.4457818E-05  -3.4744549E-05  -3.5961868E-05  -3.7068156E-05  -3.7274429E-05  -3.5837053E-05  -3.3868251E-05  -2.9913270E-05  -2.3617307E-05  -1.5986827E-05  -9.7418879E-06  -6.4725814E-06  -3.1636921E-06  -1.0312264E-06   2.0311170E-06   8.1756561E-06   2.0239298E-05   3.3098790E-05   2.8721335E-05   2.3694117E-06  -1.9787392E-05  -1.7203272E-05  -1.4900349E-05  -1.9527664E-05  -2.2519493E-05  -1.5698875E-05   1.5552490E-13
