   0.0000000E+00   0.0000000E+00   0.0000000E+00   0.0000000E+00   0.0000000E+00   0.0000000E+00   0.0000000E+00   0.0000000E+00   0.0000000E+00   0.0000000E+00   0.0000000E+00   0.0000000E+00   0.0000000E+00   0.0000000E+00   0.0000000E+00   0.0000000E+00   0.0000000E+00   0.0000000E+00   0.0000000E+00   0.0000000E+00   0.0000000E+00   0.0000000E+00   0.0000000E+00   0.0000000E+00   0.0000000E+00   0.0000000E+00   0.0000000E+00   0.0000000E+00   0.0000000E+00   0.0000000E+00   0.0000000E+00   0.0000000E+00   0.0000000E+00   0.0000000E+00   0.0000000E+00   0.0000000E+00   0.0000000E+00   0.0000000E+00   0.0000000E+00   0.0000000E+00   0.0000000E+00   0.0000000E+00   0.0000000E+00   0.0000000E+00   0.0000000E+00   0.0000000E+00   0.0000000E+00   0.0000000E+00   0.0000000E+00   0.0000000E+00   0.0000000E+00   0.0000000E+00   0.0000000E+00   0.0000000E+00   0.0000000E+00   0.0000000E+00   0.0000000E+00   0.0000000E+00   0.0000000E+00   0.0000000E+00   0.0000000E+00   0.0000000E+00   0.0000000E+00   0.0000000E+00   0.0000000E+00   0.0000000E+00   0.0000000E+00   0.0000000E+00   0.0000000E+00   0.0000000E+00   0.0000000E+00   0.0000000E+00   0.0000000E+00   0.0000000E+00   0.0000000E+00   0.0000000E+00   0.0000000E+00   0.0000000E+00   0.0000000E+00   0.0000000E+00   0.0000000E+00   0.0000000E+00   0.0000000E+00   0.0000000E+00   0.0000000E+00   0.0000000E+00   0.0000000E+00   0.0000000E+00   0.0000000E+00   0.0000000E+00   0.0000000E+00   0.0000000E+00   0.0000000E+00   0.0000000E+00   0.0000000E+00   0.0000000E+00   0.0000000E+00   0.0000000E+00   0.0000000E+00   0.0000000E+00
   0.0000000E+00   0.0000000E+00   0.0000000E+00   0.0000000E+00   0.0000000E+00   0.0000000E+00   0.0000000E+00   0.0000000E+00   0.0000000E+00   0.0000000E+00   0.0000000E+00   0.0000000E+00   0.0000000E+00   0.0000000E+00   0.0000000E+00   0.0000000E+00   0.0000000E+00   0.0000000E+00   0.0000000E+00   0.0000000E+00   0.0000000E+00   0.0000000E+00   0.0000000E+00   0.0000000E+00   0.0000000E+00   0.0000000E+00   0.0000000E+00   0.0000000E+00   0.0000000E+00   0.0000000E+00   0.0000000E+00   0.0000000E+00   0.0000000E+00   0.0000000E+00   0.0000000E+00   0.0000000E+00   0.0000000E+00   0.0000000E+00   0.0000000E+00   0.0000000E+00   0.0000000E+00   0.0000000E+00   0.0000000E+00   0.0000000E+00   0.0000000E+00   0.0000000E+00   0.0000000E+00   0.0000000E+00   0.0000000E+00   0.0000000E+00   0.0000000E+00   0.0000000E+00   0.0000000E+00   0.0000000E+00   0.0000000E+00   0.0000000E+00   0.0000000E+00   0.0000000E+00   0.0000000E+00   0.0000000E+00   0.0000000E+00   0.0000000E+00   0.0000000E+00   0.0000000E+00   0.0000000E+00   0.0000000E+00   0.0000000E+00   0.0000000E+00   0.0000000E+00   0.0000000E+00   0.0000000E+00   0.0000000E+00   0.0000000E+00   0.0000000E+00   0.0000000E+00   0.0000000E+00   0.0000000E+00   0.0000000E+00   0.0000000E+00   0.0000000E+00   0.0000000E+00   0.0000000E+00   0.0000000E+00   0.0000000E+00   0.0000000E+00   0.0000000E+00   0.0000000E+00   0.0000000E+00   0.0000000E+00   0.0000000E+00   0.0000000E+00   0.0000000E+00   0.0000000E+00   0.0000000E+00   0.0000000E+00   0.0000000E+00   0.0000000E+00   0.0000000E+00   0.0000000E+00   0.0000000E+00
   0.0000000E+00   0.0000000E+00   0.0000000E+00   0.0000000E+00   0.0000000E+00   0.0000000E+00   0.0000000E+00   0.0000000E+00   0.0000000E+00   0.0000000E+00   0.0000000E+00   0.0000000E+00   0.0000000E+00   0.0000000E+00   0.0000000E+00   0.0000000E+00   0.0000000E+00   0.0000000E+00   0.0000000E+00   0.0000000E+00   0.0000000E+00   0.0000000E+00   0.0000000E+00   0.0000000E+00   0.0000000E+00   0.0000000E+00   0.0000000E+00   0.0000000E+00   0.0000000E+00   0.0000000E+00   0.0000000E+00   0.0000000E+00   0.0000000E+00   0.0000000E+00   0.0000000E+00   0.0000000E+00   0.0000000E+00   0.0000000E+00   0.0000000E+00   0.0000000E+00   0.0000000E+00   0.0000000E+00   0.0000000E+00   0.0000000E+00   0.0000000E+00   0.0000000E+00   0.0000000E+00   0.0000000E+00   0.0000000E+00   0.0000000E+00   0.0000000E+00   0.0000000E+00   0.0000000E+00   0.0000000E+00   0.0000000E+00   0.0000000E+00   0.0000000E+00   0.0000000E+00   0.0000000E+00   0.0000000E+00   0.0000000E+00   0.0000000E+00   0.0000000E+00   0.0000000E+00   0.0000000E+00   0.0000000E+00   0.0000000E+00   0.0000000E+00   0.0000000E+00   0.0000000E+00   0.0000000E+00   0.0000000E+00   0.0000000E+00   0.0000000E+00   0.0000000E+00   0.0000000E+00   0.0000000E+00   0.0000000E+00   0.0000000E+00   0.0000000E+00   0.0000000E+00   0.0000000E+00   0.0000000E+00   0.0000000E+00   0.0000000E+00   0.0000000E+00   0.0000000E+00   0.0000000E+00   0.0000000E+00   0.0000000E+00   0.0000000E+00   0.0000000E+00   0.0000000E+00   0.0000000E+00   0.0000000E+00   0.0000000E+00   0.0000000E+00   0.0000000E+00   0.0000000E+00   0.0000000E+00
   0.0000000E+00   0.0000000E+00   0.0000000E+00   0.0000000E+00   0.0000000E+00   0.0000000E+00   0.0000000E+00   0.0000000E+00   0.0000000E+00   0.0000000E+00   0.0000000E+00   0.0000000E+00   0.0000000E+00   0.0000000E+00   0.0000000E+00   0.0000000E+00   0.0000000E+00   0.0000000E+00   0.0000000E+00   0.0000000E+00   0.0000000E+00   0.0000000E+00   0.0000000E+00   0.0000000E+00   0.0000000E+00   0.0000000E+00   0.0000000E+00   0.0000000E+00   0.0000000E+00   0.0000000E+00   0.0000000E+00   0.0000000E+00   0.0000000E+00   0.0000000E+00   0.0000000E+00   0.0000000E+00   0.0000000E+00   0.0000000E+00   0.0000000E+00   0.0000000E+00   0.0000000E+00   0.0000000E+00   0.0000000E+00   0.0000000E+00   0.0000000E+00   0.0000000E+00   0.0000000E+00   0.0000000E+00   0.0000000E+00   0.0000000E+00   0.0000000E+00   0.0000000E+00   0.0000000E+00   0.0000000E+00   0.0000000E+00   0.0000000E+00   0.0000000E+00   0.0000000E+00   0.0000000E+00   0.0000000E+00   0.0000000E+00   0.0000000E+00   0.0000000E+00   0.0000000E+00   0.0000000E+00   0.0000000E+00   0.0000000E+00   0.0000000E+00   4.1400973E-11   6.3333859E-11   9.7304498E-11   1.5016252E-10   2.3279879E-10   3.6261680E-10   5.6756910E-10   8.9278418E-10   1.4115020E-09   2.2432134E-09   3.5839027E-09   5.7567258E-09   9.2973540E-09   1.5098403E-08   2.4654982E-08   4.0484046E-08   6.6843562E-08   1.1097050E-07   1.8521912E-07   3.1076462E-07   5.2402919E-07   8.8757434E-07   1.4871027E-06   1.5209433E-06   1.3982957E-06   1.2742156E-06   1.1431479E-06   7.7901620E-07   6.2196290E-07   4.6032562E-07   2.9176366E-07   0.0000000E+00
   0.0000000E+00   0.0000000E+00   0.0000000E+00   0.0000000E+00   0.0000000E+00   0.0000000E+00   0.0000000E+00   0.0000000E+00   0.0000000E+00   0.0000000E+00   0.0000000E+00   0.0000000E+00   0.0000000E+00   0.0000000E+00   0.0000000E+00   0.0000000E+00   0.0000000E+00   0.0000000E+00   0.0000000E+00   0.0000000E+00   0.0000000E+00   0.0000000E+00   0.0000000E+00   0.0000000E+00   0.0000000E+00   0.0000000E+00   0.0000000E+00   0.0000000E+00   0.0000000E+00   0.0000000E+00   0.0000000E+00   0.0000000E+00   0.0000000E+00   0.0000000E+00   0.0000000E+00   0.0000000E+00   0.0000000E+00   0.0000000E+00   0.0000000E+00   0.0000000E+00   0.0000000E+00   0.0000000E+00   0.0000000E+00   0.0000000E+00   0.0000000E+00   0.0000000E+00   0.0000000E+00   0.0000000E+00   0.0000000E+00   0.0000000E+00   0.0000000E+00   0.0000000E+00   0.0000000E+00   0.0000000E+00   0.0000000E+00   0.0000000E+00   0.0000000E+00   0.0000000E+00   0.0000000E+00   0.0000000E+00   0.0000000E+00   0.0000000E+00   0.0000000E+00   0.0000000E+00   0.0000000E+00   0.0000000E+00   4.4412522E-11   1.1869676E-10   1.7751904E-10   2.7197830E-10   4.1834367E-10   6.4609845E-10   1.0020429E-09   1.5608085E-09   2.4419662E-09   3.8379926E-09   6.0601915E-09   9.6144293E-09   1.5326556E-08   2.4550859E-08   3.9517484E-08   6.3912317E-08   1.0384389E-07   1.6944676E-07   2.7750372E-07   4.5560233E-07   7.4826875E-07   1.2244325E-06   1.9805182E-06   3.1109973E-06   4.4275116E-06   4.0635655E-06   3.6570361E-06   3.1474560E-06   1.5425829E-06   7.7329804E-07   6.1616953E-07   4.5379286E-07   2.7906734E-07   0.0000000E+00
   0.0000000E+00   0.0000000E+00   0.0000000E+00   0.0000000E+00   0.0000000E+00   0.0000000E+00   0.0000000E+00   0.0000000E+00   0.0000000E+00   0.0000000E+00   0.0000000E+00   0.0000000E+00   0.0000000E+00   0.0000000E+00   0.0000000E+00   0.0000000E+00   0.0000000E+00   0.0000000E+00   0.0000000E+00   0.0000000E+00   0.0000000E+00   0.0000000E+00   0.0000000E+00   0.0000000E+00   0.0000000E+00   0.0000000E+00   0.0000000E+00   0.0000000E+00   0.0000000E+00   0.0000000E+00   0.0000000E+00   0.0000000E+00   0.0000000E+00   0.0000000E+00   0.0000000E+00   0.0000000E+00   0.0000000E+00   0.0000000E+00   0.0000000E+00   0.0000000E+00   0.0000000E+00   0.0000000E+00   0.0000000E+00   0.0000000E+00   0.0000000E+00   0.0000000E+00   0.0000000E+00   0.0000000E+00   0.0000000E+00   0.0000000E+00   0.0000000E+00   0.0000000E+00   0.0000000E+00   0.0000000E+00   0.0000000E+00   0.0000000E+00   0.0000000E+00   0.0000000E+00   0.0000000E+00   0.0000000E+00   0.0000000E+00   0.0000000E+00   0.0000000E+00   0.0000000E+00   3.8484136E-11   1.1157220E-10   1.7221770E-10   3.4604936E-10   5.2334848E-10   8.0299961E-10   1.2364555E-09   1.9108732E-09   2.9643197E-09   4.6164148E-09   7.2179605E-09   1.1331636E-08   1.7863680E-08   2.8279507E-08   4.4957652E-08   7.1771765E-08   1.1504721E-07   1.8512786E-07   2.9891777E-07   4.8391928E-07   7.8436847E-07   1.2696556E-06   2.0429229E-06   3.2394310E-06   4.9792811E-06   7.1723034E-06   8.8702263E-06   7.9604924E-06   7.0279416E-06   5.6021190E-06   1.5975501E-06   7.6636263E-07   6.0899345E-07   4.4569470E-07   2.6609862E-07   0.0000000E+00
   0.0000000E+00   0.0000000E+00   0.0000000E+00   0.0000000E+00   0.0000000E+00   0.0000000E+00   0.0000000E+00   0.0000000E+00   0.0000000E+00   0.0000000E+00   0.0000000E+00   0.0000000E+00   0.0000000E+00   0.0000000E+00   0.0000000E+00   0.0000000E+00   0.0000000E+00   0.0000000E+00   0.0000000E+00   0.0000000E+00   0.0000000E+00   0.0000000E+00   0.0000000E+00   0.0000000E+00   0.0000000E+00   0.0000000E+00   0.0000000E+00   0.0000000E+00   0.0000000E+00   0.0000000E+00   0.0000000E+00   0.0000000E+00   0.0000000E+00   0.0000000E+00   0.0000000E+00   0.0000000E+00   0.0000000E+00   0.0000000E+00   0.0000000E+00   0.0000000E+00   0.0000000E+00   0.0000000E+00   0.0000000E+00   0.0000000E+00   0.0000000E+00   0.0000000E+00   0.0000000E+00   0.0000000E+00   0.0000000E+00   0.0000000E+00   0.0000000E+00   0.0000000E+00   0.0000000E+00   0.0000000E+00   0.0000000E+00   0.0000000E+00   0.0000000E+00   0.0000000E+00   0.0000000E+00   0.0000000E+00   0.0000000E+00   0.0000000E+00   0.0000000E+00   4.7175753E-11   1.4373233E-10   3.0508990E-10   4.7697385E-10   8.6030949E-10   1.3088299E-09   2.0109103E-09   3.0993059E-09   4.7922937E-09   7.4348474E-09   1.1574152E-08   1.8081268E-08   2.8347744E-08   4.4604203E-08   7.0437594E-08   1.1163166E-07   1.7753102E-07   2.8324507E-07   4.5317145E-07   7.2650641E-07   1.1654819E-06   1.8665080E-06   2.9716041E-06   4.6681848E-06   7.1400314E-06   1.0383213E-05   1.3782019E-05   1.5612348E-05   1.3850670E-05   1.2049611E-05   8.7132839E-06   1.6696848E-06   7.5863363E-07   6.0093402E-07   4.3662018E-07   2.5329621E-07   0.0000000E+00
   0.0000000E+00   0.0000000E+00   0.0000000E+00   0.0000000E+00   0.0000000E+00   0.0000000E+00   0.0000000E+00   0.0000000E+00   0.0000000E+00   0.0000000E+00   0.0000000E+00   0.0000000E+00   0.0000000E+00   0.0000000E+00   0.0000000E+00   0.0000000E+00   0.0000000E+00   0.0000000E+00   0.0000000E+00   0.0000000E+00   0.0000000E+00   0.0000000E+00   0.0000000E+00   0.0000000E+00   0.0000000E+00   0.0000000E+00   0.0000000E+00   0.0000000E+00   0.0000000E+00   0.0000000E+00   0.0000000E+00   0.0000000E+00   0.0000000E+00   0.0000000E+00   0.0000000E+00   0.0000000E+00   0.0000000E+00   0.0000000E+00   0.0000000E+00   0.0000000E+00   0.0000000E+00   0.0000000E+00   0.0000000E+00   0.0000000E+00   0.0000000E+00   0.0000000E+00   0.0000000E+00   0.0000000E+00   0.0000000E+00   0.0000000E+00   0.0000000E+00   0.0000000E+00   0.0000000E+00   0.0000000E+00   0.0000000E+00   0.0000000E+00   0.0000000E+00   0.0000000E+00   0.0000000E+00   0.0000000E+00   0.0000000E+00   3.5729177E-11   5.6178527E-11   1.7359905E-10   3.8777356E-10   7.2808959E-10   1.1436729E-09   1.9520905E-09   2.9815692E-09   4.5866555E-09   7.0750188E-09   1.0944031E-08   1.6977740E-08   2.6415890E-08   4.1224666E-08   6.4531264E-08   1.0132249E-07   1.5956809E-07   2.5202434E-07   3.9911635E-07   6.3349711E-07   1.0071132E-06   1.6017191E-06   2.5432364E-06   4.0175337E-06   6.2759327E-06   9.5945888E-06   1.4105565E-05   1.9395427E-05   2.4018771E-05   2.5724588E-05   2.2577135E-05   1.9091653E-05   1.2512151E-05   1.6844810E-06   7.5037093E-07   5.9228728E-07   4.2692221E-07   2.4086935E-07   0.0000000E+00
   0.0000000E+00   0.0000000E+00   0.0000000E+00   0.0000000E+00   0.0000000E+00   0.0000000E+00   0.0000000E+00   0.0000000E+00   0.0000000E+00   0.0000000E+00   0.0000000E+00   0.0000000E+00   0.0000000E+00   0.0000000E+00   0.0000000E+00   0.0000000E+00   0.0000000E+00   0.0000000E+00   0.0000000E+00   0.0000000E+00   0.0000000E+00   0.0000000E+00   0.0000000E+00   0.0000000E+00   0.0000000E+00   0.0000000E+00   0.0000000E+00   0.0000000E+00   0.0000000E+00   0.0000000E+00   0.0000000E+00   0.0000000E+00   0.0000000E+00   0.0000000E+00   0.0000000E+00   0.0000000E+00   0.0000000E+00   0.0000000E+00   0.0000000E+00   0.0000000E+00   0.0000000E+00   0.0000000E+00   0.0000000E+00   0.0000000E+00   0.0000000E+00   0.0000000E+00   0.0000000E+00   0.0000000E+00   0.0000000E+00   0.0000000E+00   0.0000000E+00   0.0000000E+00   0.0000000E+00   0.0000000E+00   0.0000000E+00   0.0000000E+00   0.0000000E+00   0.0000000E+00   0.0000000E+00   0.0000000E+00   4.3433365E-11   1.2674750E-10   2.0490480E-10   4.6381815E-10   9.1260466E-10   1.6122227E-09   2.8965734E-09   1.6342220E-08   2.1626477E-08   2.8902218E-08   3.9019270E-08   5.3271854E-08   7.3599118E-08   1.0247930E-07   1.4299097E-07   2.0455823E-07   2.9693024E-07   4.3708675E-07   6.5185873E-07   9.8530006E-07   1.5028216E-06   2.1012249E-06   3.3120941E-06   5.1982947E-06   8.0847522E-06   1.2360331E-05   1.8332879E-05   2.5846672E-05   3.3689572E-05   3.9460996E-05   4.0621988E-05   3.5239689E-05   2.8787348E-05   1.6936609E-05   1.6745664E-06   7.4174267E-07   5.8324048E-07   4.1682972E-07   2.2892060E-07   0.0000000E+00
   0.0000000E+00   0.0000000E+00   0.0000000E+00   0.0000000E+00   0.0000000E+00   0.0000000E+00   0.0000000E+00   0.0000000E+00   0.0000000E+00   0.0000000E+00   0.0000000E+00   0.0000000E+00   0.0000000E+00   0.0000000E+00   0.0000000E+00   0.0000000E+00   0.0000000E+00   0.0000000E+00   0.0000000E+00   0.0000000E+00   0.0000000E+00   0.0000000E+00   0.0000000E+00   0.0000000E+00   0.0000000E+00   0.0000000E+00   0.0000000E+00   0.0000000E+00   0.0000000E+00   0.0000000E+00   0.0000000E+00   0.0000000E+00   0.0000000E+00   0.0000000E+00   0.0000000E+00   0.0000000E+00   0.0000000E+00   0.0000000E+00   0.0000000E+00   0.0000000E+00   0.0000000E+00   0.0000000E+00   0.0000000E+00   0.0000000E+00   0.0000000E+00   0.0000000E+00   0.0000000E+00   0.0000000E+00   0.0000000E+00   0.0000000E+00   0.0000000E+00   0.0000000E+00   0.0000000E+00   0.0000000E+00   0.0000000E+00   0.0000000E+00   0.0000000E+00   1.0071985E-10   2.6818481E-09   3.4320249E-09   4.4491379E-09   5.6170877E-09   7.2318040E-09   9.5293711E-09   1.2659461E-08   1.6944833E-08   2.4499215E-08   5.0051923E-08   6.5175833E-08   8.5409368E-08   1.1273237E-07   1.5006407E-07   2.0160098E-07   2.7250411E-07   3.7369020E-07   5.1853266E-07   7.2995920E-07   1.0426008E-06   1.5103493E-06   2.2170336E-06   3.2641078E-06   4.5968141E-06   7.0177734E-06   1.0665158E-05   1.5643658E-05   2.3107137E-05   3.3152268E-05   4.4772452E-05   5.5569271E-05   6.2273430E-05   6.2143466E-05   5.3206953E-05   4.1725158E-05   2.1806507E-05   1.6437359E-06   7.3286060E-07   5.7391668E-07   4.0649869E-07   2.1749683E-07   0.0000000E+00
   0.0000000E+00   0.0000000E+00   0.0000000E+00   0.0000000E+00   0.0000000E+00   0.0000000E+00   0.0000000E+00   0.0000000E+00   0.0000000E+00   0.0000000E+00   0.0000000E+00   0.0000000E+00   0.0000000E+00   0.0000000E+00   0.0000000E+00   0.0000000E+00   0.0000000E+00   0.0000000E+00   0.0000000E+00   0.0000000E+00   0.0000000E+00   0.0000000E+00   0.0000000E+00   0.0000000E+00   0.0000000E+00   0.0000000E+00   0.0000000E+00   0.0000000E+00   0.0000000E+00   0.0000000E+00   0.0000000E+00   0.0000000E+00   0.0000000E+00   0.0000000E+00   0.0000000E+00   0.0000000E+00   0.0000000E+00   0.0000000E+00   0.0000000E+00   0.0000000E+00   0.0000000E+00   0.0000000E+00   0.0000000E+00   0.0000000E+00   0.0000000E+00   0.0000000E+00   0.0000000E+00   0.0000000E+00   0.0000000E+00   0.0000000E+00   0.0000000E+00   0.0000000E+00   3.3138631E-11   1.3101575E-09   1.7133751E-09   2.2131090E-09   2.8611846E-09   4.1548045E-09   8.8767793E-09   1.1396917E-08   1.4722584E-08   1.8556383E-08   2.3894236E-08   3.1088501E-08   4.0596266E-08   5.3505975E-08   7.4974224E-08   1.2239222E-07   1.5852255E-07   2.0623243E-07   2.6975229E-07   3.5517849E-07   4.7106712E-07   6.2891434E-07   8.5458277E-07   1.1676958E-06   1.6166850E-06   2.2688689E-06   3.2268790E-06   4.6404052E-06   6.6724647E-06   9.3897597E-06   1.3967537E-05   2.0614698E-05   2.9550400E-05   4.1674935E-05   5.7184599E-05   7.4029740E-05   8.8025183E-05   9.5251176E-05   9.2559712E-05   7.7976940E-05   5.8418627E-05   2.6837668E-05   1.6022426E-06   7.2379999E-07   5.6439904E-07   3.9603933E-07   2.0661383E-07   0.0000000E+00
   0.0000000E+00   0.0000000E+00   0.0000000E+00   0.0000000E+00   0.0000000E+00   0.0000000E+00   0.0000000E+00   0.0000000E+00   0.0000000E+00   0.0000000E+00   0.0000000E+00   0.0000000E+00   0.0000000E+00   0.0000000E+00   0.0000000E+00   0.0000000E+00   0.0000000E+00   0.0000000E+00   0.0000000E+00   0.0000000E+00   0.0000000E+00   0.0000000E+00   0.0000000E+00   0.0000000E+00   0.0000000E+00   0.0000000E+00   0.0000000E+00   0.0000000E+00   0.0000000E+00   0.0000000E+00   0.0000000E+00   0.0000000E+00   0.0000000E+00   0.0000000E+00   0.0000000E+00   0.0000000E+00   0.0000000E+00   0.0000000E+00   0.0000000E+00   0.0000000E+00   0.0000000E+00   0.0000000E+00   0.0000000E+00   0.0000000E+00   0.0000000E+00   0.0000000E+00   0.0000000E+00   0.0000000E+00   0.0000000E+00   0.0000000E+00   3.3897978E-11   1.3072374E-09   1.9249906E-09   4.2118047E-09   5.5312257E-09   7.1930524E-09   9.4143893E-09   1.3286706E-08   2.1952300E-08   2.8316721E-08   3.6597630E-08   4.6521997E-08   6.0062646E-08   7.7973390E-08   1.0143659E-07   1.3328058E-07   1.8337811E-07   2.7121385E-07   3.5035345E-07   4.5400068E-07   5.9071868E-07   7.7263354E-07   1.0166635E-06   1.3474322E-06   1.8137240E-06   2.4524022E-06   3.3558115E-06   4.6493924E-06   6.5196446E-06   9.2236996E-06   1.3034295E-05   1.8244304E-05   2.6511139E-05   3.8062564E-05   5.2318821E-05   7.2626899E-05   9.4727795E-05   1.1779255E-04   1.3493205E-04   1.4168424E-04   1.3445216E-04   1.1126930E-04   7.9157224E-05   3.1673120E-05   1.5559472E-06   7.1461216E-07   5.5474550E-07   3.8553162E-07   1.9626953E-07   0.0000000E+00
   0.0000000E+00   0.0000000E+00   0.0000000E+00   0.0000000E+00   0.0000000E+00   0.0000000E+00   0.0000000E+00   0.0000000E+00   0.0000000E+00   0.0000000E+00   0.0000000E+00   0.0000000E+00   0.0000000E+00   0.0000000E+00   0.0000000E+00   0.0000000E+00   0.0000000E+00   0.0000000E+00   0.0000000E+00   0.0000000E+00   0.0000000E+00   0.0000000E+00   0.0000000E+00   0.0000000E+00   0.0000000E+00   0.0000000E+00   0.0000000E+00   0.0000000E+00   0.0000000E+00   0.0000000E+00   0.0000000E+00   0.0000000E+00   0.0000000E+00   0.0000000E+00   0.0000000E+00   0.0000000E+00   0.0000000E+00   0.0000000E+00   0.0000000E+00   0.0000000E+00   0.0000000E+00   0.0000000E+00   0.0000000E+00   0.0000000E+00   0.0000000E+00   0.0000000E+00   0.0000000E+00   0.0000000E+00   0.0000000E+00   0.0000000E+00   3.2752104E-10   4.1953778E-09   6.0132006E-09   1.0169874E-08   1.3415032E-08   1.7577639E-08   2.3235916E-08   3.2371119E-08   4.8394050E-08   6.2747667E-08   8.1311420E-08   1.0434357E-07   1.3510606E-07   1.7541804E-07   2.2806636E-07   2.9934901E-07   4.0603263E-07   5.6902917E-07   7.3371723E-07   9.4801192E-07   1.2285791E-06   1.5987091E-06   2.0909886E-06   2.7543613E-06   3.6723454E-06   4.9217983E-06   6.6678490E-06   9.1352804E-06   1.2648775E-05   1.7635530E-05   2.4553639E-05   3.4051136E-05   4.8347098E-05   6.7501052E-05   9.0843918E-05   1.2022756E-04   1.5091035E-04   1.8086653E-04   2.0067576E-04   2.0527287E-04   1.9060068E-04   1.5458383E-04   1.0373715E-04   3.5943835E-05   1.5081646E-06   7.0533218E-07   5.4499731E-07   3.7503509E-07   1.8645150E-07   0.0000000E+00
   0.0000000E+00   0.0000000E+00   0.0000000E+00   0.0000000E+00   0.0000000E+00   0.0000000E+00   0.0000000E+00   0.0000000E+00   0.0000000E+00   0.0000000E+00   0.0000000E+00   0.0000000E+00   0.0000000E+00   0.0000000E+00   0.0000000E+00   0.0000000E+00   0.0000000E+00   0.0000000E+00   0.0000000E+00   0.0000000E+00   0.0000000E+00   0.0000000E+00   0.0000000E+00   0.0000000E+00   0.0000000E+00   0.0000000E+00   0.0000000E+00   0.0000000E+00   0.0000000E+00   0.0000000E+00   0.0000000E+00   0.0000000E+00   0.0000000E+00   0.0000000E+00   0.0000000E+00   0.0000000E+00   0.0000000E+00   0.0000000E+00   0.0000000E+00   0.0000000E+00   0.0000000E+00   0.0000000E+00   0.0000000E+00   0.0000000E+00   0.0000000E+00   0.0000000E+00   0.0000000E+00   0.0000000E+00   0.0000000E+00   1.8476630E-11   1.1721585E-09   1.0105373E-08   1.4335357E-08   2.1937094E-08   2.9088039E-08   3.8412544E-08   5.1195755E-08   7.0713440E-08   1.0058351E-07   1.3107892E-07   1.7047735E-07   2.2042408E-07   2.8616256E-07   3.7182372E-07   4.8351444E-07   6.3387023E-07   8.4937119E-07   1.1520825E-06   1.4827582E-06   1.9104586E-06   2.4665646E-06   3.1944878E-06   4.1551166E-06   5.4394741E-06   7.1866498E-06   9.5502737E-06   1.2813939E-05   1.7364586E-05   2.3743063E-05   3.2631327E-05   4.4768418E-05   6.1276529E-05   8.4919455E-05   1.1521169E-04   1.4932711E-04   1.9243754E-04   2.3178586E-04   2.6871602E-04   2.8986356E-04   2.8957706E-04   2.6343414E-04   2.0894915E-04   1.3156555E-04   3.9440369E-05   1.4607043E-06   6.9598445E-07   5.3518505E-07   3.6459502E-07   1.7714157E-07   0.0000000E+00
   0.0000000E+00   0.0000000E+00   0.0000000E+00   0.0000000E+00   0.0000000E+00   0.0000000E+00   0.0000000E+00   0.0000000E+00   0.0000000E+00   0.0000000E+00   0.0000000E+00   0.0000000E+00   0.0000000E+00   0.0000000E+00   0.0000000E+00   0.0000000E+00   0.0000000E+00   0.0000000E+00   0.0000000E+00   0.0000000E+00   0.0000000E+00   0.0000000E+00   0.0000000E+00   0.0000000E+00   0.0000000E+00   0.0000000E+00   0.0000000E+00   0.0000000E+00   0.0000000E+00   0.0000000E+00   0.0000000E+00   0.0000000E+00   0.0000000E+00   0.0000000E+00   0.0000000E+00   0.0000000E+00   0.0000000E+00   0.0000000E+00   0.0000000E+00   0.0000000E+00   0.0000000E+00   0.0000000E+00   0.0000000E+00   0.0000000E+00   0.0000000E+00   0.0000000E+00   0.0000000E+00   0.0000000E+00   0.0000000E+00   2.9314640E-10   3.2629419E-09   2.1728816E-08   3.0646738E-08   4.4651539E-08   5.9555784E-08   7.9242255E-08   1.0629289E-07   1.4585687E-07   2.0187329E-07   2.6426778E-07   3.4494164E-07   4.4831023E-07   5.8316186E-07   7.5813392E-07   9.8576777E-07   1.2895165E-06   1.7093009E-06   2.2694835E-06   2.9138234E-06   3.7420075E-06   4.8112111E-06   6.1998467E-06   8.0176396E-06   1.0425153E-05   1.3652516E-05   1.7983348E-05   2.3887755E-05   3.2001866E-05   4.3181317E-05   5.8455651E-05   7.8924495E-05   1.0621739E-04   1.4342574E-04   1.8877897E-04   2.3833249E-04   2.9402549E-04   3.4313841E-04   3.8626860E-04   4.0626578E-04   3.9710206E-04   3.5439292E-04   2.7434225E-04   1.6129191E-04   4.1639421E-05   1.4145126E-06   6.8658613E-07   5.2533238E-07   3.5424665E-07   1.6831844E-07   0.0000000E+00
   0.0000000E+00   0.0000000E+00   0.0000000E+00   0.0000000E+00   0.0000000E+00   0.0000000E+00   0.0000000E+00   0.0000000E+00   0.0000000E+00   0.0000000E+00   0.0000000E+00   0.0000000E+00   0.0000000E+00   0.0000000E+00   0.0000000E+00   0.0000000E+00   0.0000000E+00   0.0000000E+00   0.0000000E+00   0.0000000E+00   0.0000000E+00   0.0000000E+00   0.0000000E+00   0.0000000E+00   0.0000000E+00   0.0000000E+00   0.0000000E+00   0.0000000E+00   0.0000000E+00   0.0000000E+00   0.0000000E+00   0.0000000E+00   0.0000000E+00   0.0000000E+00   0.0000000E+00   0.0000000E+00   0.0000000E+00   0.0000000E+00   0.0000000E+00   0.0000000E+00   0.0000000E+00   0.0000000E+00   0.0000000E+00   0.0000000E+00   0.0000000E+00   0.0000000E+00   0.0000000E+00   0.0000000E+00   1.7602289E-11   1.0146602E-09   7.9268787E-09   4.4037996E-08   6.1874914E-08   8.7832881E-08   1.1786023E-07   1.5787577E-07   2.1273587E-07   2.9034621E-07   3.9552987E-07   5.1957682E-07   6.8002311E-07   8.8637080E-07   1.1539223E-06   1.4995486E-06   1.9474260E-06   2.5383697E-06   3.3308058E-06   4.3555415E-06   5.5726018E-06   7.1258669E-06   9.1155734E-06   1.1677994E-05   1.5002313E-05   1.9358331E-05   2.5120009E-05   3.2771732E-05   4.3058702E-05   5.6968642E-05   7.5769509E-05   1.0089736E-04   1.3380220E-04   1.7646435E-04   2.3183032E-04   2.9582981E-04   3.6026767E-04   4.3235710E-04   4.8952235E-04   5.3659064E-04   5.5134442E-04   5.2832457E-04   4.6307995E-04   3.4925860E-04   1.9111835E-04   4.2843301E-05   1.3700496E-06   6.7714961E-07   5.1545823E-07   3.4401762E-07   1.5995938E-07   0.0000000E+00
   0.0000000E+00   0.0000000E+00   0.0000000E+00   0.0000000E+00   0.0000000E+00   0.0000000E+00   0.0000000E+00   0.0000000E+00   0.0000000E+00   0.0000000E+00   0.0000000E+00   0.0000000E+00   0.0000000E+00   0.0000000E+00   0.0000000E+00   0.0000000E+00   0.0000000E+00   0.0000000E+00   0.0000000E+00   0.0000000E+00   0.0000000E+00   0.0000000E+00   0.0000000E+00   0.0000000E+00   0.0000000E+00   0.0000000E+00   0.0000000E+00   0.0000000E+00   0.0000000E+00   0.0000000E+00   0.0000000E+00   0.0000000E+00   0.0000000E+00   0.0000000E+00   0.0000000E+00   0.0000000E+00   0.0000000E+00   0.0000000E+00   0.0000000E+00   0.0000000E+00   0.0000000E+00   0.0000000E+00   0.0000000E+00   0.0000000E+00   0.0000000E+00   0.0000000E+00   0.0000000E+00   0.0000000E+00   2.7747868E-10   2.8252856E-09   1.7683295E-08   8.6131095E-08   1.2068162E-07   1.6890947E-07   2.2789024E-07   3.0686539E-07   4.1452694E-07   5.6293726E-07   7.5922452E-07   9.9908016E-07   1.3088197E-06   1.7068196E-06   2.2196662E-06   2.8783168E-06   3.7263085E-06   4.8304587E-06   6.2744421E-06   8.1042408E-06   1.0315366E-05   1.3113616E-05   1.6665914E-05   2.1196907E-05   2.7014463E-05   3.4546592E-05   4.4375309E-05   5.7266556E-05   7.4330281E-05   9.6993397E-05   1.2698697E-04   1.6611780E-04   2.1601770E-04   2.7864368E-04   3.5616630E-04   4.4098531E-04   5.2292104E-04   6.0750078E-04   6.7193777E-04   7.1877008E-04   7.2279491E-04   6.8020972E-04   5.8637402E-04   4.3043096E-04   2.1878509E-04   4.2692052E-05   1.3275061E-06   6.6768411E-07   5.0557838E-07   3.3393007E-07   1.5204134E-07   0.0000000E+00
   0.0000000E+00   0.0000000E+00   0.0000000E+00   0.0000000E+00   0.0000000E+00   0.0000000E+00   0.0000000E+00   0.0000000E+00   0.0000000E+00   0.0000000E+00   0.0000000E+00   0.0000000E+00   0.0000000E+00   0.0000000E+00   0.0000000E+00   0.0000000E+00   0.0000000E+00   0.0000000E+00   0.0000000E+00   0.0000000E+00   0.0000000E+00   0.0000000E+00   0.0000000E+00   0.0000000E+00   0.0000000E+00   0.0000000E+00   0.0000000E+00   0.0000000E+00   0.0000000E+00   0.0000000E+00   0.0000000E+00   0.0000000E+00   0.0000000E+00   0.0000000E+00   0.0000000E+00   0.0000000E+00   0.0000000E+00   0.0000000E+00   0.0000000E+00   0.0000000E+00   0.0000000E+00   0.0000000E+00   0.0000000E+00   0.0000000E+00   0.0000000E+00   0.0000000E+00   0.0000000E+00   3.2873024E-11   9.4153185E-10   6.9584227E-09   3.7188496E-08   1.6439841E-07   2.2978864E-07   3.1904906E-07   4.3211674E-07   5.8356829E-07   7.8825292E-07   1.0645240E-06   1.4244902E-06   1.8728502E-06   2.4490789E-06   3.1858258E-06   4.1272770E-06   5.3262461E-06   6.8550553E-06   8.8158567E-06   1.1325218E-05   1.4457056E-05   1.8263254E-05   2.3029552E-05   2.9013614E-05   3.6557838E-05   4.6123521E-05   5.8337431E-05   7.4043441E-05   9.4354429E-05   1.2079852E-04   1.5527995E-04   1.9997598E-04   2.5695231E-04   3.2778757E-04   4.1402731E-04   5.1654468E-04   6.2317937E-04   7.1974722E-04   8.1851927E-04   8.8575919E-04   9.2606613E-04   9.1315096E-04   8.4599067E-04   7.1827625E-04   5.1283784E-04   2.4217741E-04   4.1729283E-05   1.2869247E-06   6.5819694E-07   4.9570673E-07   3.2400175E-07   1.4454143E-07   0.0000000E+00
   0.0000000E+00   0.0000000E+00   0.0000000E+00   0.0000000E+00   0.0000000E+00   0.0000000E+00   0.0000000E+00   0.0000000E+00   0.0000000E+00   0.0000000E+00   0.0000000E+00   0.0000000E+00   0.0000000E+00   0.0000000E+00   0.0000000E+00   0.0000000E+00   0.0000000E+00   0.0000000E+00   0.0000000E+00   0.0000000E+00   0.0000000E+00   0.0000000E+00   0.0000000E+00   0.0000000E+00   0.0000000E+00   0.0000000E+00   0.0000000E+00   0.0000000E+00   0.0000000E+00   0.0000000E+00   0.0000000E+00   0.0000000E+00   0.0000000E+00   0.0000000E+00   0.0000000E+00   0.0000000E+00   0.0000000E+00   0.0000000E+00   0.0000000E+00   0.0000000E+00   0.0000000E+00   0.0000000E+00   0.0000000E+00   0.0000000E+00   0.0000000E+00   0.0000000E+00   0.0000000E+00   2.9316025E-10   2.6150264E-09   1.5756676E-08   7.4781553E-08   3.0751033E-07   4.2852008E-07   5.9153575E-07   8.0199521E-07   1.0825765E-06   1.4572548E-06   1.9534355E-06   2.5920147E-06   3.3922286E-06   4.4114145E-06   5.7021448E-06   7.3320602E-06   9.3828194E-06   1.1962646E-05   1.5214183E-05   1.9290719E-05   2.4302954E-05   3.0365123E-05   3.7847032E-05   4.7100275E-05   5.8585789E-05   7.2915209E-05   9.0911351E-05   1.1369746E-04   1.4276899E-04   1.8010171E-04   2.2813896E-04   2.8958067E-04   3.6682768E-04   4.6143061E-04   5.7434355E-04   7.0453866E-04   8.3403068E-04   9.4685733E-04   1.0538098E-03   1.1193424E-03   1.1457636E-03   1.1104713E-03   1.0150387E-03   8.5013465E-04   5.9047551E-04   2.5945477E-04   3.9972685E-05   1.2482693E-06   6.4869414E-07   4.8585559E-07   3.1424693E-07   1.3743740E-07   0.0000000E+00
   0.0000000E+00   0.0000000E+00   0.0000000E+00   0.0000000E+00   0.0000000E+00   0.0000000E+00   0.0000000E+00   0.0000000E+00   0.0000000E+00   0.0000000E+00   0.0000000E+00   0.0000000E+00   0.0000000E+00   0.0000000E+00   0.0000000E+00   0.0000000E+00   0.0000000E+00   0.0000000E+00   0.0000000E+00   0.0000000E+00   0.0000000E+00   0.0000000E+00   0.0000000E+00   0.0000000E+00   0.0000000E+00   0.0000000E+00   0.0000000E+00   0.0000000E+00   0.0000000E+00   0.0000000E+00   0.0000000E+00   0.0000000E+00   0.0000000E+00   0.0000000E+00   0.0000000E+00   0.0000000E+00   0.0000000E+00   0.0000000E+00   0.0000000E+00   0.0000000E+00   0.0000000E+00   0.0000000E+00   0.0000000E+00   0.0000000E+00   0.0000000E+00   0.0000000E+00   5.7882778E-11   9.4675978E-10   6.4484307E-09   3.3435633E-08   1.4475609E-07   5.6297432E-07   7.8056547E-07   1.0704030E-06   1.4466532E-06   1.9429915E-06   2.5952256E-06   3.4421757E-06   4.5170077E-06   5.8574192E-06   7.5406269E-06   9.6403119E-06   1.2245489E-05   1.5464349E-05   1.9435975E-05   2.4331619E-05   3.0326220E-05   3.7546994E-05   4.6121448E-05   5.6466255E-05   6.8974790E-05   8.4170046E-05   1.0276231E-04   1.2575203E-04   1.5460636E-04   1.9134462E-04   2.3860265E-04   2.9971410E-04   3.7835128E-04   4.7771030E-04   5.9950672E-04   7.4363966E-04   9.0561295E-04   1.0601605E-03   1.1876124E-03   1.2987154E-03   1.3550976E-03   1.3609538E-03   1.2999736E-03   1.1754640E-03   9.7242597E-04   6.5723667E-04   2.6960365E-04   3.7696605E-05   1.2114637E-06   6.3918088E-07   4.7603623E-07   3.0467714E-07   1.3070782E-07   0.0000000E+00
   0.0000000E+00   0.0000000E+00   0.0000000E+00   0.0000000E+00   0.0000000E+00   0.0000000E+00   0.0000000E+00   0.0000000E+00   0.0000000E+00   0.0000000E+00   0.0000000E+00   0.0000000E+00   0.0000000E+00   0.0000000E+00   0.0000000E+00   0.0000000E+00   0.0000000E+00   0.0000000E+00   0.0000000E+00   0.0000000E+00   0.0000000E+00   0.0000000E+00   0.0000000E+00   0.0000000E+00   0.0000000E+00   0.0000000E+00   0.0000000E+00   0.0000000E+00   0.0000000E+00   0.0000000E+00   0.0000000E+00   0.0000000E+00   0.0000000E+00   0.0000000E+00   0.0000000E+00   0.0000000E+00   0.0000000E+00   0.0000000E+00   0.0000000E+00   0.0000000E+00   0.0000000E+00   0.0000000E+00   0.0000000E+00   0.0000000E+00   0.0000000E+00   1.5188257E-11   3.6038672E-10   2.5475702E-09   1.4558561E-08   6.7118087E-08   2.7006388E-07   1.0024779E-06   1.3780201E-06   1.8712979E-06   2.5077279E-06   3.3332944E-06   4.3957953E-06   5.7439079E-06   7.4221612E-06   9.4838142E-06   1.2018080E-05   1.5105833E-05   1.8835852E-05   2.3313625E-05   2.8667231E-05   3.5045025E-05   4.2587275E-05   5.1358944E-05   6.1376581E-05   7.3067669E-05   8.6838743E-05   1.0330229E-04   1.2337306E-04   1.4843687E-04   1.8060516E-04   2.2273806E-04   2.7844822E-04   3.5226694E-04   4.4914373E-04   5.7338597E-04   7.2694715E-04   9.0753270E-04   1.1049600E-03   1.2856424E-03   1.4252652E-03   1.5334894E-03   1.5737590E-03   1.5550290E-03   1.4681050E-03   1.3157378E-03   1.0757813E-03   7.0820068E-04   2.7255373E-04   3.5085344E-05   1.1764126E-06   6.2966205E-07   4.6625917E-07   2.9530150E-07   1.2433220E-07   0.0000000E+00
   0.0000000E+00   0.0000000E+00   0.0000000E+00   0.0000000E+00   0.0000000E+00   0.0000000E+00   0.0000000E+00   0.0000000E+00   0.0000000E+00   0.0000000E+00   0.0000000E+00   0.0000000E+00   0.0000000E+00   0.0000000E+00   0.0000000E+00   0.0000000E+00   0.0000000E+00   0.0000000E+00   0.0000000E+00   0.0000000E+00   0.0000000E+00   0.0000000E+00   0.0000000E+00   0.0000000E+00   0.0000000E+00   0.0000000E+00   0.0000000E+00   0.0000000E+00   0.0000000E+00   0.0000000E+00   0.0000000E+00   0.0000000E+00   0.0000000E+00   0.0000000E+00   0.0000000E+00   0.0000000E+00   0.0000000E+00   0.0000000E+00   0.0000000E+00   0.0000000E+00   0.0000000E+00   0.0000000E+00   0.0000000E+00   0.0000000E+00   0.0000000E+00   2.3089169E-10   1.0644235E-09   6.1166876E-09   3.0520763E-08   1.2793711E-07   4.8421515E-07   1.7188240E-06   2.3313771E-06   3.1203651E-06   4.1208723E-06   5.3886579E-06   6.9774505E-06   8.9372015E-06   1.1311106E-05   1.4144203E-05   1.7504779E-05   2.1431744E-05   2.5950323E-05   3.1094030E-05   3.6910991E-05   4.3483204E-05   5.0912869E-05   5.9225884E-05   6.8428082E-05   7.9304533E-05   9.3245064E-05   1.1072843E-04   1.3227340E-04   1.5973501E-04   1.9552787E-04   2.4308353E-04   3.0687646E-04   3.9263436E-04   5.0680537E-04   6.5521878E-04   8.4035029E-04   1.0574952E-03   1.2893820E-03   1.4939768E-03   1.6418883E-03   1.7399280E-03   1.7595625E-03   1.7156935E-03   1.6051098E-03   1.4280491E-03   1.1544238E-03   7.4014254E-04   2.6844890E-04   3.2345059E-05   1.1430144E-06   6.2014220E-07   4.5653422E-07   2.8612726E-07   1.1829108E-07   0.0000000E+00
   0.0000000E+00   0.0000000E+00   0.0000000E+00   0.0000000E+00   0.0000000E+00   0.0000000E+00   0.0000000E+00   0.0000000E+00   0.0000000E+00   0.0000000E+00   0.0000000E+00   0.0000000E+00   0.0000000E+00   0.0000000E+00   0.0000000E+00   0.0000000E+00   0.0000000E+00   0.0000000E+00   0.0000000E+00   0.0000000E+00   0.0000000E+00   0.0000000E+00   0.0000000E+00   0.0000000E+00   0.0000000E+00   0.0000000E+00   0.0000000E+00   0.0000000E+00   0.0000000E+00   0.0000000E+00   0.0000000E+00   0.0000000E+00   0.0000000E+00   0.0000000E+00   0.0000000E+00   0.0000000E+00   0.0000000E+00   0.0000000E+00   0.0000000E+00   0.0000000E+00   0.0000000E+00   0.0000000E+00   0.0000000E+00   0.0000000E+00   1.1297831E-10   6.2066352E-10   2.6637443E-09   1.3415350E-08   5.9845021E-08   2.3175474E-07   8.3007126E-07   2.8033057E-06   3.7314571E-06   4.8963766E-06   6.3301500E-06   7.9641341E-06   8.3726609E-06   1.0598123E-05   1.3246415E-05   1.6337512E-05   1.9907007E-05   2.3953513E-05   2.8469976E-05   3.3489334E-05   3.9100276E-05   4.5489458E-05   5.2994779E-05   6.1421706E-05   7.0890208E-05   8.2417944E-05   9.7784636E-05   1.1538935E-04   1.3829110E-04   1.6772868E-04   2.0645655E-04   2.5841681E-04   3.2888417E-04   4.2475143E-04   5.5403297E-04   7.2423491E-04   9.3858782E-04   1.1891921E-03   1.4512195E-03   1.6742267E-03   1.8237442E-03   1.9066110E-03   1.9044386E-03   1.8378230E-03   1.7073115E-03   1.5087143E-03   1.2051240E-03   7.5288815E-04   2.5896268E-04   2.9719053E-05   1.1111665E-06   6.1062588E-07   4.4687062E-07   2.7715990E-07   1.1256594E-07   0.0000000E+00
   0.0000000E+00   0.0000000E+00   0.0000000E+00   0.0000000E+00   0.0000000E+00   0.0000000E+00   0.0000000E+00   0.0000000E+00   0.0000000E+00   0.0000000E+00   0.0000000E+00   0.0000000E+00   0.0000000E+00   0.0000000E+00   0.0000000E+00   0.0000000E+00   0.0000000E+00   0.0000000E+00   0.0000000E+00   0.0000000E+00   0.0000000E+00   0.0000000E+00   0.0000000E+00   0.0000000E+00   0.0000000E+00   0.0000000E+00   0.0000000E+00   0.0000000E+00   0.0000000E+00   0.0000000E+00   0.0000000E+00   0.0000000E+00   0.0000000E+00   0.0000000E+00   0.0000000E+00   0.0000000E+00   0.0000000E+00   0.0000000E+00   0.0000000E+00   0.0000000E+00   0.0000000E+00   0.0000000E+00   0.0000000E+00   1.0382442E-10   3.9640893E-10   1.4596646E-09   5.9937721E-09   2.7183470E-08   1.1025852E-07   3.9685341E-07   1.2988705E-06   3.5452292E-06   4.6450709E-06   5.9996128E-06   7.5886724E-06   9.1544243E-06   1.1974308E-05   1.4327602E-05   1.6836477E-05   1.9462737E-05   2.2298003E-05   2.5525331E-05   2.9582059E-05   3.4697710E-05   4.0465860E-05   4.7093326E-05   5.4876651E-05   6.3509062E-05   7.3323434E-05   8.5540683E-05   1.0143294E-04   1.1998000E-04   1.4410686E-04   1.7528524E-04   2.1651275E-04   2.7207477E-04   3.4792654E-04   4.5222489E-04   5.9412839E-04   7.8265584E-04   1.0216030E-03   1.2998391E-03   1.5852401E-03   1.8197472E-03   1.9649344E-03   2.0303563E-03   2.0079233E-03   1.9224391E-03   1.7757523E-03   1.5587518E-03   1.2292007E-03   7.4793259E-04   2.4505108E-04   2.7284657E-05   1.0807698E-06   6.0111756E-07   4.3727701E-07   2.6840354E-07   1.0713930E-07   0.0000000E+00
   0.0000000E+00   0.0000000E+00   0.0000000E+00   0.0000000E+00   0.0000000E+00   0.0000000E+00   0.0000000E+00   0.0000000E+00   0.0000000E+00   0.0000000E+00   0.0000000E+00   0.0000000E+00   0.0000000E+00   0.0000000E+00   0.0000000E+00   0.0000000E+00   0.0000000E+00   0.0000000E+00   0.0000000E+00   0.0000000E+00   0.0000000E+00   0.0000000E+00   0.0000000E+00   0.0000000E+00   0.0000000E+00   0.0000000E+00   0.0000000E+00   0.0000000E+00   0.0000000E+00   0.0000000E+00   0.0000000E+00   0.0000000E+00   0.0000000E+00   0.0000000E+00   0.0000000E+00   0.0000000E+00   0.0000000E+00   0.0000000E+00   0.0000000E+00   0.0000000E+00   0.0000000E+00   0.0000000E+00   0.0000000E+00   3.4082925E-10   9.6156894E-10   3.1384895E-09   1.2375364E-08   5.1251476E-08   1.9031731E-07   6.3043569E-07   1.9073591E-06   5.4431730E-06   6.8625404E-06   8.4593130E-06   1.0113206E-05   1.1738008E-05   1.3574581E-05   1.5443120E-05   1.7528489E-05   2.0076113E-05   2.2995378E-05   2.6404827E-05   3.0664305E-05   3.5885903E-05   4.1816387E-05   4.8671944E-05   5.6689623E-05   6.5540473E-05   7.5750213E-05   8.8606801E-05   1.0504446E-04   1.2454996E-04   1.4992843E-04   1.8289039E-04   2.2667828E-04   2.8593247E-04   3.6705597E-04   4.7853118E-04   6.3050201E-04   8.3402864E-04   1.0922314E-03   1.3909232E-03   1.6916135E-03   1.9303856E-03   2.0667126E-03   2.1149132E-03   2.0752107E-03   1.9748476E-03   1.8150145E-03   1.5814924E-03   1.2293846E-03   7.2827336E-04   2.2846561E-04   2.5055799E-05   1.0517300E-06   5.9162187E-07   4.2776162E-07   2.5986100E-07   1.0199464E-07   0.0000000E+00
   0.0000000E+00   0.0000000E+00   0.0000000E+00   0.0000000E+00   0.0000000E+00   0.0000000E+00   0.0000000E+00   0.0000000E+00   0.0000000E+00   0.0000000E+00   0.0000000E+00   0.0000000E+00   0.0000000E+00   0.0000000E+00   0.0000000E+00   0.0000000E+00   0.0000000E+00   0.0000000E+00   0.0000000E+00   0.0000000E+00   0.0000000E+00   0.0000000E+00   0.0000000E+00   0.0000000E+00   0.0000000E+00   0.0000000E+00   0.0000000E+00   0.0000000E+00   0.0000000E+00   0.0000000E+00   0.0000000E+00   0.0000000E+00   0.0000000E+00   0.0000000E+00   0.0000000E+00   0.0000000E+00   0.0000000E+00   0.0000000E+00   0.0000000E+00   0.0000000E+00   0.0000000E+00   0.0000000E+00   0.0000000E+00   7.8766083E-10   2.0057391E-09   6.2699224E-09   2.3703425E-08   9.0293653E-08   3.0872090E-07   9.5406983E-07   2.7242015E-06   6.9812536E-06   8.3699006E-06   9.7296888E-06   1.0961424E-05   1.2234483E-05   1.3972605E-05   1.5893211E-05   1.8060267E-05   2.0682541E-05   2.3700171E-05   2.7285636E-05   3.1724627E-05   3.7061200E-05   4.3158023E-05   5.0229111E-05   5.8453203E-05   6.7543646E-05   7.8182289E-05   9.1641406E-05   1.0865542E-04   1.2913803E-04   1.5581255E-04   1.9061845E-04   2.3705151E-04   3.0009667E-04   3.8656313E-04   5.0530751E-04   6.6705624E-04   8.8208437E-04   1.1538794E-03   1.4659640E-03   1.7739427E-03   2.0103920E-03   2.1349946E-03   2.1673164E-03   2.1135700E-03   2.0015647E-03   1.8305270E-03   1.5817692E-03   1.2101019E-03   6.9724716E-04   2.1027835E-04   2.3024038E-05   1.0239580E-06   5.8214334E-07   4.1833206E-07   2.5153400E-07   9.7116356E-08   0.0000000E+00
   0.0000000E+00   0.0000000E+00   0.0000000E+00   0.0000000E+00   0.0000000E+00   0.0000000E+00   0.0000000E+00   0.0000000E+00   0.0000000E+00   0.0000000E+00   0.0000000E+00   0.0000000E+00   0.0000000E+00   0.0000000E+00   0.0000000E+00   0.0000000E+00   0.0000000E+00   0.0000000E+00   0.0000000E+00   0.0000000E+00   0.0000000E+00   0.0000000E+00   0.0000000E+00   0.0000000E+00   0.0000000E+00   0.0000000E+00   0.0000000E+00   0.0000000E+00   0.0000000E+00   0.0000000E+00   0.0000000E+00   0.0000000E+00   0.0000000E+00   0.0000000E+00   0.0000000E+00   0.0000000E+00   0.0000000E+00   0.0000000E+00   0.0000000E+00   0.0000000E+00   0.0000000E+00   0.0000000E+00   5.6569242E-11   1.5583984E-09   3.8159227E-09   1.1752504E-08   4.2518234E-08   1.4999418E-07   4.7649064E-07   1.3765258E-06   3.5836017E-06   7.5633270E-06   8.7412827E-06   9.9896852E-06   1.1238860E-05   1.2594506E-05   1.4367458E-05   1.6342028E-05   1.8588735E-05   2.1288173E-05   2.4415120E-05   2.8169383E-05   3.2771419E-05   3.8231039E-05   4.4496148E-05   5.1770363E-05   6.0186230E-05   6.9540947E-05   8.0631493E-05   9.4672308E-05   1.1229818E-04   1.3378760E-04   1.6181139E-04   1.9853770E-04   2.4772086E-04   3.1468068E-04   4.0660598E-04   5.3272530E-04   7.0400070E-04   9.2986826E-04   1.2113706E-03   1.5286378E-03   1.8369833E-03   2.0657901E-03   2.1770371E-03   2.1953979E-03   2.1303778E-03   2.0089878E-03   1.8277218E-03   1.5641509E-03   1.1756046E-03   6.5863371E-04   1.9176691E-04   2.1174255E-05   9.9737088E-07   5.7268670E-07   4.0899550E-07   2.4342339E-07   9.2489735E-08   0.0000000E+00
   0.0000000E+00   0.0000000E+00   0.0000000E+00   0.0000000E+00   0.0000000E+00   0.0000000E+00   0.0000000E+00   0.0000000E+00   0.0000000E+00   0.0000000E+00   0.0000000E+00   0.0000000E+00   0.0000000E+00   0.0000000E+00   0.0000000E+00   0.0000000E+00   0.0000000E+00   0.0000000E+00   0.0000000E+00   0.0000000E+00   0.0000000E+00   0.0000000E+00   0.0000000E+00   0.0000000E+00   0.0000000E+00   0.0000000E+00   0.0000000E+00   0.0000000E+00   0.0000000E+00   0.0000000E+00   0.0000000E+00   0.0000000E+00   0.0000000E+00   0.0000000E+00   0.0000000E+00   0.0000000E+00   0.0000000E+00   0.0000000E+00   0.0000000E+00   0.0000000E+00   0.0000000E+00   0.0000000E+00   3.5551773E-10   2.7991798E-09   6.8035488E-09   2.0870917E-08   7.2152410E-08   2.3694132E-07   7.0002494E-07   1.8621923E-06   4.3134751E-06   7.8047087E-06   8.9960176E-06   1.0245871E-05   1.1522317E-05   1.2951412E-05   1.4761589E-05   1.6792059E-05   1.9117671E-05   2.1898550E-05   2.5142876E-05   2.9058507E-05   3.3812361E-05   3.9401893E-05   4.5835859E-05   5.3302705E-05   6.1906569E-05   7.1550887E-05   8.3109771E-05   9.7724369E-05   1.1600241E-04   1.3853720E-04   1.6797309E-04   2.0671111E-04   2.5876748E-04   3.2978819E-04   4.2731917E-04   5.6088844E-04   7.4145832E-04   9.7731303E-04   1.2666866E-03   1.5861751E-03   1.8873708E-03   2.1028903E-03   2.2004931E-03   2.2068436E-03   2.1326435E-03   2.0023263E-03   1.8109666E-03   1.5329067E-03   1.1300228E-03   6.1481097E-04   1.7407462E-04   1.9490166E-05   9.7189104E-07   5.6325661E-07   3.9975865E-07   2.3552910E-07   8.8100926E-08   0.0000000E+00
   0.0000000E+00   0.0000000E+00   0.0000000E+00   0.0000000E+00   0.0000000E+00   0.0000000E+00   0.0000000E+00   0.0000000E+00   0.0000000E+00   0.0000000E+00   0.0000000E+00   0.0000000E+00   0.0000000E+00   0.0000000E+00   0.0000000E+00   0.0000000E+00   0.0000000E+00   0.0000000E+00   0.0000000E+00   0.0000000E+00   0.0000000E+00   0.0000000E+00   0.0000000E+00   0.0000000E+00   0.0000000E+00   0.0000000E+00   0.0000000E+00   0.0000000E+00   0.0000000E+00   0.0000000E+00   0.0000000E+00   0.0000000E+00   0.0000000E+00   0.0000000E+00   0.0000000E+00   0.0000000E+00   0.0000000E+00   0.0000000E+00   0.0000000E+00   0.0000000E+00   0.0000000E+00   0.0000000E+00   8.2159973E-10   4.7041007E-09   1.1573639E-08   3.5419777E-08   1.1658374E-07   3.5613331E-07   9.7200802E-07   2.3627706E-06   4.9442333E-06   8.0435502E-06   9.2452719E-06   1.0501310E-05   1.1811771E-05   1.3307499E-05   1.5157456E-05   1.7245882E-05   1.9650803E-05   2.2518265E-05   2.5885551E-05   2.9955670E-05   3.4854053E-05   4.0579111E-05   4.7181507E-05   5.4833588E-05   6.3630046E-05   7.3588504E-05   8.5628708E-05   1.0081997E-04   1.1979515E-04   1.4342148E-04   1.7434232E-04   2.1519691E-04   2.7026591E-04   3.4551293E-04   4.4881474E-04   5.8991538E-04   7.7953114E-04   1.0244771E-03   1.3198947E-03   1.6390187E-03   1.9308625E-03   2.1320698E-03   2.2161047E-03   2.2113346E-03   2.1286181E-03   1.9896333E-03   1.7860013E-03   1.4913877E-03   1.0767151E-03   5.6875771E-04   1.5777994E-04   1.7956194E-05   9.4744678E-07   5.5385772E-07   3.9062760E-07   2.2785042E-07   8.3936840E-08   0.0000000E+00
   0.0000000E+00   0.0000000E+00   0.0000000E+00   0.0000000E+00   0.0000000E+00   0.0000000E+00   0.0000000E+00   0.0000000E+00   0.0000000E+00   0.0000000E+00   0.0000000E+00   0.0000000E+00   0.0000000E+00   0.0000000E+00   0.0000000E+00   0.0000000E+00   0.0000000E+00   0.0000000E+00   0.0000000E+00   0.0000000E+00   0.0000000E+00   0.0000000E+00   0.0000000E+00   0.0000000E+00   0.0000000E+00   0.0000000E+00   0.0000000E+00   0.0000000E+00   0.0000000E+00   0.0000000E+00   0.0000000E+00   0.0000000E+00   0.0000000E+00   0.0000000E+00   0.0000000E+00   0.0000000E+00   0.0000000E+00   0.0000000E+00   0.0000000E+00   0.0000000E+00   0.0000000E+00   2.1544316E-10   1.5728314E-09   7.5537789E-09   1.9001885E-08   5.7615658E-08   1.7924998E-07   5.0751402E-07   1.2806599E-06   2.8765719E-06   5.5006753E-06   8.2801516E-06   9.4911375E-06   1.0758476E-05   1.2107516E-05   1.3664879E-05   1.5557285E-05   1.7705925E-05   2.0191532E-05   2.3150935E-05   2.6644791E-05   3.0863459E-05   3.5901947E-05   4.1766980E-05   4.8536975E-05   5.6370529E-05   6.5370288E-05   7.5666096E-05   8.8199464E-05   1.0397944E-04   1.2370103E-04   1.4847222E-04   1.8096076E-04   2.2404926E-04   2.8228475E-04   3.6193899E-04   4.7118682E-04   6.1988906E-04   8.1826537E-04   1.0713615E-03   1.3710986E-03   1.6875515E-03   1.9683160E-03   2.1545968E-03   2.2254256E-03   2.2102110E-03   2.1193887E-03   1.9715801E-03   1.7553938E-03   1.4446641E-03   1.0186479E-03   5.2279118E-04   1.4301768E-04   1.6558017E-05   9.2397124E-07   5.4449487E-07   3.8160806E-07   2.2038597E-07   7.9985178E-08   0.0000000E+00
   0.0000000E+00   0.0000000E+00   0.0000000E+00   0.0000000E+00   0.0000000E+00   0.0000000E+00   0.0000000E+00   0.0000000E+00   0.0000000E+00   0.0000000E+00   0.0000000E+00   0.0000000E+00   0.0000000E+00   0.0000000E+00   0.0000000E+00   0.0000000E+00   0.0000000E+00   0.0000000E+00   0.0000000E+00   0.0000000E+00   0.0000000E+00   0.0000000E+00   0.0000000E+00   0.0000000E+00   0.0000000E+00   0.0000000E+00   0.0000000E+00   0.0000000E+00   0.0000000E+00   0.0000000E+00   0.0000000E+00   0.0000000E+00   0.0000000E+00   0.0000000E+00   0.0000000E+00   0.0000000E+00   0.0000000E+00   0.0000000E+00   0.0000000E+00   0.0000000E+00   0.0000000E+00   5.0248794E-10   2.7463738E-09   1.1745343E-08   3.0150545E-08   8.9435019E-08   2.6179399E-07   6.9130442E-07   1.6275308E-06   3.3892129E-06   5.9965405E-06   8.5151369E-06   9.7356324E-06   1.1019266E-05   1.2409950E-05   1.4025414E-05   1.5963044E-05   1.8174391E-05   2.0742824E-05   2.3799323E-05   2.7421878E-05   3.1784231E-05   3.6960431E-05   4.2968928E-05   4.9905870E-05   5.7920879E-05   6.7138877E-05   7.7793906E-05   9.0832829E-05   1.0722147E-04   1.2774271E-04   1.5371910E-04   1.8786770E-04   2.3331883E-04   2.9488714E-04   3.7914101E-04   4.9451151E-04   6.5085950E-04   8.5765932E-04   1.1179281E-03   1.4203493E-03   1.7321558E-03   2.0005382E-03   2.1716072E-03   2.2296933E-03   2.2045509E-03   2.1058142E-03   1.9488843E-03   1.7199303E-03   1.3940202E-03   9.5993781E-04   4.7908525E-04   1.2973323E-04   1.5282658E-05   9.0140270E-07   5.3517272E-07   3.7270522E-07   2.1313383E-07   7.6234329E-08   0.0000000E+00
   0.0000000E+00   0.0000000E+00   0.0000000E+00   0.0000000E+00   0.0000000E+00   0.0000000E+00   0.0000000E+00   0.0000000E+00   0.0000000E+00   0.0000000E+00   0.0000000E+00   0.0000000E+00   0.0000000E+00   0.0000000E+00   0.0000000E+00   0.0000000E+00   0.0000000E+00   0.0000000E+00   0.0000000E+00   0.0000000E+00   0.0000000E+00   0.0000000E+00   0.0000000E+00   0.0000000E+00   0.0000000E+00   0.0000000E+00   0.0000000E+00   0.0000000E+00   0.0000000E+00   0.0000000E+00   0.0000000E+00   0.0000000E+00   0.0000000E+00   0.0000000E+00   0.0000000E+00   0.0000000E+00   0.0000000E+00   0.0000000E+00   0.0000000E+00   0.0000000E+00   0.0000000E+00   9.7780539E-10   4.5360635E-09   1.7683245E-08   4.5833008E-08   1.3242192E-07   3.6807583E-07   9.1098474E-07   2.0031241E-06   3.8902376E-06   6.4432766E-06   8.7492926E-06   9.9805702E-06   1.1285117E-05   1.2719509E-05   1.4390738E-05   1.6376453E-05   1.8653260E-05   2.1307193E-05   2.4465482E-05   2.8217819E-05   3.2720076E-05   3.8032991E-05   4.4187731E-05   5.1291689E-05   5.9491671E-05   6.8945665E-05   7.9980688E-05   9.3539304E-05   1.1056348E-04   1.3194146E-04   1.5919040E-04   1.9510051E-04   2.4305357E-04   3.0813160E-04   3.9718460E-04   5.1884702E-04   6.8284653E-04   8.9767214E-04   1.1641054E-03   1.4676637E-03   1.7731447E-03   2.0281973E-03   2.1840259E-03   2.2298712E-03   2.1951871E-03   2.0885598E-03   1.9221462E-03   1.6803272E-03   1.3405310E-03   9.0168120E-04   4.3830645E-04   1.1780593E-04   1.4118426E-05   8.7968391E-07   5.2589593E-07   3.6392379E-07   2.0609164E-07   7.2673366E-08   0.0000000E+00
   0.0000000E+00   0.0000000E+00   0.0000000E+00   0.0000000E+00   0.0000000E+00   0.0000000E+00   0.0000000E+00   0.0000000E+00   0.0000000E+00   0.0000000E+00   0.0000000E+00   0.0000000E+00   0.0000000E+00   0.0000000E+00   0.0000000E+00   0.0000000E+00   0.0000000E+00   0.0000000E+00   0.0000000E+00   0.0000000E+00   0.0000000E+00   0.0000000E+00   0.0000000E+00   0.0000000E+00   0.0000000E+00   0.0000000E+00   0.0000000E+00   0.0000000E+00   0.0000000E+00   0.0000000E+00   0.0000000E+00   0.0000000E+00   0.0000000E+00   0.0000000E+00   0.0000000E+00   0.0000000E+00   0.0000000E+00   0.0000000E+00   0.0000000E+00   0.0000000E+00   2.8222807E-10   1.7356055E-09   7.1657480E-09   2.5437078E-08   6.6915725E-08   1.9100392E-07   5.0240044E-07   1.1633597E-06   2.3981136E-06   4.3735754E-06   6.8503450E-06   8.9834857E-06   1.0227520E-05   1.1557107E-05   1.3036638E-05   1.4762276E-05   1.6799037E-05   1.9144278E-05   2.1886717E-05   2.5150912E-05   2.9033417E-05   3.3672794E-05   3.9122373E-05   4.5425721E-05   5.2697884E-05   6.1089551E-05   7.0799055E-05   8.2234226E-05   9.6329277E-05   1.1402198E-04   1.3631766E-04   1.6491351E-04   2.0269540E-04   2.5329919E-04   3.2207239E-04   4.1612625E-04   5.4423354E-04   7.1584224E-04   9.3823113E-04   1.2097964E-03   1.5130338E-03   1.8107732E-03   2.0518424E-03   2.1925941E-03   2.2266968E-03   2.1827493E-03   2.0681343E-03   1.8918668E-03   1.6372544E-03   1.2851424E-03   8.4473746E-04   4.0071120E-04   1.0709999E-04   1.3054807E-05   8.5876195E-07   5.1666910E-07   3.5526799E-07   1.9925660E-07   6.9291978E-08   0.0000000E+00
   0.0000000E+00   0.0000000E+00   0.0000000E+00   0.0000000E+00   0.0000000E+00   0.0000000E+00   0.0000000E+00   0.0000000E+00   0.0000000E+00   0.0000000E+00   0.0000000E+00   0.0000000E+00   0.0000000E+00   0.0000000E+00   0.0000000E+00   0.0000000E+00   0.0000000E+00   0.0000000E+00   0.0000000E+00   0.0000000E+00   0.0000000E+00   0.0000000E+00   0.0000000E+00   0.0000000E+00   0.0000000E+00   0.0000000E+00   0.0000000E+00   0.0000000E+00   0.0000000E+00   0.0000000E+00   0.0000000E+00   0.0000000E+00   0.0000000E+00   0.0000000E+00   0.0000000E+00   0.0000000E+00   0.0000000E+00   0.0000000E+00   0.0000000E+00   0.0000000E+00   6.1767702E-10   2.8969729E-09   1.0825514E-08   3.4875342E-08   9.7083088E-08   2.6963451E-07   6.6502793E-07   1.4440125E-06   2.8043958E-06   4.8361926E-06   7.2255484E-06   9.2186001E-06   1.0477810E-05   1.1836047E-05   1.3361786E-05   1.5141290E-05   1.7232151E-05   1.9648985E-05   2.2483086E-05   2.5856685E-05   2.9869330E-05   3.4643905E-05   4.0230760E-05   4.6684981E-05   5.4127933E-05   6.2720741E-05   7.2706360E-05   8.4561696E-05   9.9213081E-05   1.1761286E-04   1.4089113E-04   1.7091537E-04   2.1068772E-04   2.6409977E-04   3.3675978E-04   4.3601339E-04   5.7069428E-04   7.4981438E-04   9.7923842E-04   1.2548860E-03   1.5564368E-03   1.8452517E-03   2.0719247E-03   2.1978980E-03   2.2207261E-03   2.1677061E-03   2.0449248E-03   1.8584735E-03   1.5913346E-03   1.2286862E-03   7.8973582E-04   3.6630183E-04   9.7484255E-05   1.2082341E-05   8.3858771E-07   5.0749679E-07   3.4674164E-07   1.9262559E-07   6.6080467E-08   0.0000000E+00
   0.0000000E+00   0.0000000E+00   0.0000000E+00   0.0000000E+00   0.0000000E+00   0.0000000E+00   0.0000000E+00   0.0000000E+00   0.0000000E+00   0.0000000E+00   0.0000000E+00   0.0000000E+00   0.0000000E+00   0.0000000E+00   0.0000000E+00   0.0000000E+00   0.0000000E+00   0.0000000E+00   0.0000000E+00   0.0000000E+00   0.0000000E+00   0.0000000E+00   0.0000000E+00   0.0000000E+00   0.0000000E+00   0.0000000E+00   0.0000000E+00   0.0000000E+00   0.0000000E+00   0.0000000E+00   0.0000000E+00   0.0000000E+00   0.0000000E+00   0.0000000E+00   0.0000000E+00   0.0000000E+00   0.0000000E+00   0.0000000E+00   0.0000000E+00   3.6299384E-11   1.1446669E-09   4.6033679E-09   1.5901394E-08   4.9462638E-08   1.4022793E-07   3.7035420E-07   8.5485482E-07   1.7479821E-06   3.2153466E-06   5.2771011E-06   7.5753246E-06   9.4555062E-06   1.0732546E-05   1.2122565E-05   1.3695407E-05   1.5528913E-05   1.7677014E-05   2.0168727E-05   2.3097647E-05   2.6583561E-05   3.0726107E-05   3.5634712E-05   4.1359930E-05   4.7967471E-05   5.5585358E-05   6.4391097E-05   7.4674099E-05   8.6970009E-05   1.0220118E-04   1.2135173E-04   1.4568167E-04   1.7722284E-04   2.1911238E-04   2.7549779E-04   3.5223999E-04   4.5688418E-04   5.9823546E-04   7.8470871E-04   1.0205765E-03   1.2992481E-03   1.5978422E-03   1.8767559E-03   2.0888159E-03   2.2003979E-03   2.2123742E-03   2.1504008E-03   2.0192284E-03   1.8223403E-03   1.5431443E-03   1.1718780E-03   7.3710660E-04   3.3494172E-04   8.8838824E-05   1.1192521E-05   8.1911583E-07   4.9838343E-07   3.3834812E-07   1.8619519E-07   6.3029674E-08   0.0000000E+00
   0.0000000E+00   0.0000000E+00   0.0000000E+00   0.0000000E+00   0.0000000E+00   0.0000000E+00   0.0000000E+00   0.0000000E+00   0.0000000E+00   0.0000000E+00   0.0000000E+00   0.0000000E+00   0.0000000E+00   0.0000000E+00   0.0000000E+00   0.0000000E+00   0.0000000E+00   0.0000000E+00   0.0000000E+00   0.0000000E+00   0.0000000E+00   0.0000000E+00   0.0000000E+00   0.0000000E+00   0.0000000E+00   0.0000000E+00   0.0000000E+00   0.0000000E+00   0.0000000E+00   0.0000000E+00   0.0000000E+00   0.0000000E+00   0.0000000E+00   0.0000000E+00   0.0000000E+00   0.0000000E+00   0.0000000E+00   0.0000000E+00   0.0000000E+00   3.5700762E-10   1.9468724E-09   7.0915589E-09   2.3424388E-08   7.1528106E-08   1.9907088E-07   4.9407561E-07   1.0697808E-06   2.0702669E-06   3.6258186E-06   5.6966478E-06   7.9050005E-06   9.6950353E-06   1.0992646E-05   1.2417159E-05   1.4037964E-05   1.5926173E-05   1.8134733E-05   2.0704671E-05   2.3731465E-05   2.7332075E-05   3.1604221E-05   3.6646321E-05   4.2511394E-05   4.9275128E-05   5.7073728E-05   6.6106106E-05   7.6708209E-05   8.9466026E-05   1.0530421E-04   1.2525408E-04   1.5070914E-04   1.8386295E-04   2.2800405E-04   2.8753438E-04   3.6855499E-04   4.7876718E-04   6.2684738E-04   8.2045182E-04   1.0621138E-03   1.3427514E-03   1.6372181E-03   1.9054369E-03   2.1028228E-03   2.2004531E-03   2.2019488E-03   2.1310824E-03   1.9912790E-03   1.7838045E-03   1.4932157E-03   1.1153205E-03   6.8711588E-04   3.0642663E-04   8.1056562E-05   1.0377692E-05   8.0030435E-07   4.8933327E-07   3.3009030E-07   1.7996173E-07   6.0130965E-08   0.0000000E+00
   0.0000000E+00   0.0000000E+00   0.0000000E+00   0.0000000E+00   0.0000000E+00   0.0000000E+00   0.0000000E+00   0.0000000E+00   0.0000000E+00   0.0000000E+00   0.0000000E+00   0.0000000E+00   0.0000000E+00   0.0000000E+00   0.0000000E+00   0.0000000E+00   0.0000000E+00   0.0000000E+00   0.0000000E+00   0.0000000E+00   0.0000000E+00   0.0000000E+00   0.0000000E+00   0.0000000E+00   0.0000000E+00   0.0000000E+00   0.0000000E+00   0.0000000E+00   0.0000000E+00   0.0000000E+00   0.0000000E+00   0.0000000E+00   0.0000000E+00   0.0000000E+00   0.0000000E+00   0.0000000E+00   0.0000000E+00   0.0000000E+00   0.0000000E+00   7.5645862E-10   3.1580738E-09   1.0853396E-08   3.4793079E-08   1.0354611E-07   2.7572517E-07   6.4065495E-07   1.3070799E-06   2.4061580E-06   4.0320074E-06   6.0960210E-06   8.2189972E-06   9.9379658E-06   1.1258872E-05   1.2720250E-05   1.4389938E-05   1.6334025E-05   1.8606313E-05   2.1257822E-05   2.4385368E-05   2.8102602E-05   3.2504089E-05   3.7679696E-05   4.3686508E-05   5.0609960E-05   5.8596663E-05   6.7870991E-05   7.8814352E-05   9.2056755E-05   1.0853314E-04   1.2933557E-04   1.5599387E-04   1.9086308E-04   2.3739725E-04   3.0024908E-04   3.8574211E-04   5.0168106E-04   6.5650465E-04   8.5695402E-04   1.1037089E-03   1.3852651E-03   1.6745343E-03   1.9314269E-03   2.1142003E-03   2.1983427E-03   2.1896742E-03   2.1099320E-03   1.9612671E-03   1.7431777E-03   1.4420359E-03   1.0595099E-03   6.3990487E-04   2.8052670E-04   7.4042560E-05   9.6309550E-06   7.8211440E-07   4.8035048E-07   3.2197076E-07   1.7392138E-07   5.7376226E-08   0.0000000E+00
   0.0000000E+00   0.0000000E+00   0.0000000E+00   0.0000000E+00   0.0000000E+00   0.0000000E+00   0.0000000E+00   0.0000000E+00   0.0000000E+00   0.0000000E+00   0.0000000E+00   0.0000000E+00   0.0000000E+00   0.0000000E+00   0.0000000E+00   0.0000000E+00   0.0000000E+00   0.0000000E+00   0.0000000E+00   0.0000000E+00   0.0000000E+00   0.0000000E+00   0.0000000E+00   0.0000000E+00   0.0000000E+00   0.0000000E+00   0.0000000E+00   0.0000000E+00   0.0000000E+00   0.0000000E+00   0.0000000E+00   0.0000000E+00   0.0000000E+00   0.0000000E+00   0.0000000E+00   0.0000000E+00   0.0000000E+00   0.0000000E+00   4.8776403E-11   1.3677046E-09   5.0332467E-09   1.6624792E-08   5.1749932E-08   1.4796103E-07   3.7147692E-07   8.0910326E-07   1.5637140E-06   2.7514382E-06   4.4312610E-06   6.4769033E-06   8.5210031E-06   1.0185020E-05   1.1531864E-05   1.3032212E-05   1.4751823E-05   1.6753353E-05   1.9092675E-05   2.1829042E-05   2.5059995E-05   2.8895416E-05   3.3426113E-05   3.8735710E-05   4.4886572E-05   5.1974075E-05   6.0157836E-05   6.9690759E-05   8.0998027E-05   9.4749499E-05   1.1189930E-04   1.3361218E-04   1.6155673E-04   1.9825110E-04   2.4732639E-04   3.1367975E-04   4.0383355E-04   5.2563427E-04   6.8716734E-04   8.9411170E-04   1.1452148E-03   1.4266631E-03   1.7097669E-03   1.9548447E-03   2.1231615E-03   2.1942828E-03   2.1757146E-03   2.0870815E-03   1.9293559E-03   1.7007531E-03   1.3900481E-03   1.0048457E-03   5.9552002E-04   2.5700967E-04   6.7713052E-05   8.9460955E-06   7.6451005E-07   4.7143917E-07   3.1399162E-07   1.6807007E-07   5.4757770E-08   0.0000000E+00
   0.0000000E+00   0.0000000E+00   0.0000000E+00   0.0000000E+00   0.0000000E+00   0.0000000E+00   0.0000000E+00   0.0000000E+00   0.0000000E+00   0.0000000E+00   0.0000000E+00   0.0000000E+00   0.0000000E+00   0.0000000E+00   0.0000000E+00   0.0000000E+00   0.0000000E+00   0.0000000E+00   0.0000000E+00   0.0000000E+00   0.0000000E+00   0.0000000E+00   0.0000000E+00   0.0000000E+00   0.0000000E+00   0.0000000E+00   0.0000000E+00   0.0000000E+00   0.0000000E+00   0.0000000E+00   0.0000000E+00   0.0000000E+00   0.0000000E+00   0.0000000E+00   0.0000000E+00   0.0000000E+00   0.0000000E+00   0.0000000E+00   4.7062104E-10   2.3261191E-09   7.9644487E-09   2.5440714E-08   7.6316894E-08   2.0687430E-07   4.8674497E-07   9.9784029E-07   1.8365697E-06   3.1024774E-06   4.8218790E-06   6.8412396E-06   8.8141078E-06   1.0436858E-05   1.1812167E-05   1.3353401E-05   1.5124134E-05   1.7184999E-05   1.9594660E-05   2.2419072E-05   2.5755833E-05   2.9710720E-05   3.4370667E-05   3.9815190E-05   4.6112888E-05   5.3369724E-05   6.1760991E-05   7.1570306E-05   8.3264793E-05   9.7551958E-05   1.1541454E-04   1.3810034E-04   1.6741932E-04   2.0605540E-04   2.5782565E-04   3.2786207E-04   4.2285578E-04   5.5062474E-04   7.1878172E-04   9.3181018E-04   1.1864823E-03   1.4668264E-03   1.7428987E-03   1.9757985E-03   2.1298856E-03   2.1884399E-03   2.1601880E-03   2.0626299E-03   1.8956930E-03   1.6568112E-03   1.3376516E-03   9.5164118E-04   5.5393949E-04   2.3565296E-04   6.1994149E-05   8.3175028E-06   7.4745799E-07   4.6260311E-07   3.0615470E-07   1.6240368E-07   5.2268362E-08   0.0000000E+00
   0.0000000E+00   0.0000000E+00   0.0000000E+00   0.0000000E+00   0.0000000E+00   0.0000000E+00   0.0000000E+00   0.0000000E+00   0.0000000E+00   0.0000000E+00   0.0000000E+00   0.0000000E+00   0.0000000E+00   0.0000000E+00   0.0000000E+00   0.0000000E+00   0.0000000E+00   0.0000000E+00   0.0000000E+00   0.0000000E+00   0.0000000E+00   0.0000000E+00   0.0000000E+00   0.0000000E+00   0.0000000E+00   0.0000000E+00   0.0000000E+00   0.0000000E+00   0.0000000E+00   0.0000000E+00   0.0000000E+00   0.0000000E+00   0.0000000E+00   0.0000000E+00   0.0000000E+00   0.0000000E+00   0.0000000E+00   0.0000000E+00   9.9423758E-10   3.8450705E-09   1.2540624E-08   3.8653358E-08   1.1060714E-07   2.8179971E-07   6.2118619E-07   1.2049280E-06   2.1226276E-06   3.4562611E-06   5.2029250E-06   7.1910799E-06   9.1009142E-06   1.0694086E-05   1.2100255E-05   1.3684171E-05   1.5507403E-05   1.7629753E-05   2.0113033E-05   2.3028530E-05   2.6473259E-05   3.0548690E-05   3.5338144E-05   4.0918960E-05   4.7366841E-05   5.4799311E-05   6.3409912E-05   7.3514471E-05   8.5620370E-05   1.0047233E-04   1.1909125E-04   1.4281715E-04   1.7360398E-04   2.1430489E-04   2.6892885E-04   3.4282927E-04   4.4282901E-04   5.7663966E-04   7.5128127E-04   9.6992607E-04   1.2273632E-03   1.5056463E-03   1.7739207E-03   1.9943893E-03   2.1345236E-03   2.1809428E-03   2.1431807E-03   2.0366553E-03   1.8604188E-03   1.6116204E-03   1.2852029E-03   9.0013421E-04   5.1509339E-04   2.1624942E-04   5.6820652E-05   7.7401155E-06   7.3092741E-07   4.5384604E-07   2.9846134E-07   1.5691792E-07   4.9901182E-08   0.0000000E+00
   0.0000000E+00   0.0000000E+00   0.0000000E+00   0.0000000E+00   0.0000000E+00   0.0000000E+00   0.0000000E+00   0.0000000E+00   0.0000000E+00   0.0000000E+00   0.0000000E+00   0.0000000E+00   0.0000000E+00   0.0000000E+00   0.0000000E+00   0.0000000E+00   0.0000000E+00   0.0000000E+00   0.0000000E+00   0.0000000E+00   0.0000000E+00   0.0000000E+00   0.0000000E+00   0.0000000E+00   0.0000000E+00   0.0000000E+00   0.0000000E+00   0.0000000E+00   0.0000000E+00   0.0000000E+00   0.0000000E+00   0.0000000E+00   0.0000000E+00   0.0000000E+00   0.0000000E+00   0.0000000E+00   0.0000000E+00   3.9567705E-10   1.8188611E-09   6.2576193E-09   1.9591912E-08   5.7878044E-08   1.5658793E-07   3.7354596E-07   7.7387699E-07   1.4282559E-06   2.4190749E-06   3.8103717E-06   5.5740561E-06   7.5284779E-06   9.3836261E-06   1.0957259E-05   1.2396557E-05   1.4024886E-05   1.5902180E-05   1.8088367E-05   2.0648491E-05   2.3657938E-05   2.7212560E-05   3.1409480E-05   3.6328947E-05   4.2047879E-05   4.8649912E-05   5.6265399E-05   6.5108492E-05   7.5528151E-05   8.8070759E-05   1.0351936E-04   1.2294245E-04   1.4778037E-04   1.8013395E-04   2.2302900E-04   2.8066905E-04   3.5861135E-04   4.6376666E-04   6.0365559E-04   7.8458810E-04   1.0083297E-03   1.2677135E-03   1.5430249E-03   1.8028328E-03   2.0107105E-03   2.1372037E-03   2.1718901E-03   2.1247559E-03   2.0092234E-03   1.8236712E-03   1.5654388E-03   1.2330161E-03   8.5049850E-04   4.7887961E-04   1.9860934E-04   5.2134961E-05   7.2093608E-06   7.1488984E-07   4.4517151E-07   2.9091271E-07   1.5160848E-07   4.7649785E-08   0.0000000E+00
   0.0000000E+00   0.0000000E+00   0.0000000E+00   0.0000000E+00   0.0000000E+00   0.0000000E+00   0.0000000E+00   0.0000000E+00   0.0000000E+00   0.0000000E+00   0.0000000E+00   0.0000000E+00   0.0000000E+00   0.0000000E+00   0.0000000E+00   0.0000000E+00   0.0000000E+00   0.0000000E+00   0.0000000E+00   0.0000000E+00   0.0000000E+00   0.0000000E+00   0.0000000E+00   0.0000000E+00   0.0000000E+00   0.0000000E+00   0.0000000E+00   0.0000000E+00   0.0000000E+00   0.0000000E+00   0.0000000E+00   0.0000000E+00   0.0000000E+00   0.0000000E+00   0.0000000E+00   0.0000000E+00   0.0000000E+00   8.4893720E-10   3.1354241E-09   1.0057482E-08   3.0203928E-08   8.4870990E-08   2.1585804E-07   4.8223177E-07   9.4350929E-07   1.6656765E-06   2.7233746E-06   4.1629446E-06   5.9353806E-06   7.8554258E-06   9.6641206E-06   1.1226889E-05   1.2701473E-05   1.4375926E-05   1.6309026E-05   1.8561557E-05   2.1201664E-05   2.4307741E-05   2.7973971E-05   3.2293268E-05   3.7343543E-05   4.3202865E-05   4.9963739E-05   5.7770732E-05   6.6860710E-05   7.7616336E-05   9.0622336E-05   1.0670244E-04   1.2698189E-04   1.5300859E-04   1.8703325E-04   2.3225739E-04   2.9307837E-04   3.7523481E-04   4.8567465E-04   6.3163834E-04   8.1861397E-04   1.0468876E-03   1.3073945E-03   1.5788770E-03   1.8296425E-03   2.0248513E-03   2.1380347E-03   2.1613585E-03   2.1049606E-03   1.9803958E-03   1.7855891E-03   1.5185135E-03   1.1813651E-03   8.0285314E-04   4.4517580E-04   1.8256070E-04   4.7886133E-05   6.7211026E-06   6.9931889E-07   4.3658281E-07   2.8350954E-07   1.4647095E-07   4.5508095E-08   0.0000000E+00
   0.0000000E+00   0.0000000E+00   0.0000000E+00   0.0000000E+00   0.0000000E+00   0.0000000E+00   0.0000000E+00   0.0000000E+00   0.0000000E+00   0.0000000E+00   0.0000000E+00   0.0000000E+00   0.0000000E+00   0.0000000E+00   0.0000000E+00   0.0000000E+00   0.0000000E+00   0.0000000E+00   0.0000000E+00   0.0000000E+00   0.0000000E+00   0.0000000E+00   0.0000000E+00   0.0000000E+00   0.0000000E+00   0.0000000E+00   0.0000000E+00   0.0000000E+00   0.0000000E+00   0.0000000E+00   0.0000000E+00   0.0000000E+00   0.0000000E+00   0.0000000E+00   0.0000000E+00   0.0000000E+00   6.9910258E-11   1.5856161E-09   5.2366165E-09   1.5932416E-08   4.5687223E-08   1.2135958E-07   2.8949540E-07   6.0739745E-07   1.1285597E-06   1.9150987E-06   3.0333008E-06   4.5126085E-06   6.2873428E-06   8.1738190E-06   9.9440085E-06   1.1503449E-05   1.3015386E-05   1.4737696E-05   1.6728512E-05   1.9049998E-05   2.1773119E-05   2.4978310E-05   2.8757686E-05   3.3200249E-05   3.8382437E-05   4.4384946E-05   5.1310108E-05   5.9318227E-05   6.8670670E-05   7.9784229E-05   9.3281946E-05   1.1003163E-04   1.3122403E-04   1.5852122E-04   1.9432676E-04   2.4201993E-04   3.0618746E-04   3.9272185E-04   5.0855114E-04   6.6054356E-04   8.5326209E-04   1.0854644E-03   1.3462750E-03   1.6131295E-03   1.8543651E-03   2.0368947E-03   2.1371103E-03   2.1494075E-03   2.0838338E-03   1.9502324E-03   1.7463145E-03   1.4710797E-03   1.1304853E-03   7.5727212E-04   4.1384803E-04   1.6794837E-04   4.4029035E-05   6.2716003E-06   6.8419013E-07   4.2808307E-07   2.7625234E-07   1.4150095E-07   4.3470372E-08   0.0000000E+00
   0.0000000E+00   0.0000000E+00   0.0000000E+00   0.0000000E+00   0.0000000E+00   0.0000000E+00   0.0000000E+00   0.0000000E+00   0.0000000E+00   0.0000000E+00   0.0000000E+00   0.0000000E+00   0.0000000E+00   0.0000000E+00   0.0000000E+00   0.0000000E+00   0.0000000E+00   0.0000000E+00   0.0000000E+00   0.0000000E+00   0.0000000E+00   0.0000000E+00   0.0000000E+00   0.0000000E+00   0.0000000E+00   0.0000000E+00   0.0000000E+00   0.0000000E+00   0.0000000E+00   0.0000000E+00   0.0000000E+00   0.0000000E+00   0.0000000E+00   0.0000000E+00   0.0000000E+00   0.0000000E+00   6.6687555E-10   2.7796114E-09   8.5488763E-09   2.4776778E-08   6.7496885E-08   1.6886401E-07   3.7800146E-07   7.4816160E-07   1.3274182E-06   2.1745514E-06   3.3469532E-06   4.8584216E-06   6.6306252E-06   8.4854300E-06   1.0224679E-05   1.1787389E-05   1.3338675E-05   1.5110620E-05   1.7161210E-05   1.9554323E-05   2.2363365E-05   2.5669957E-05   2.9563878E-05   3.4130659E-05   3.9446219E-05   4.5595261E-05   5.2690986E-05   6.0910970E-05   7.0542643E-05   8.2037281E-05   9.6056938E-05   1.1351771E-04   1.3568420E-04   1.6433853E-04   2.0204001E-04   2.5234636E-04   3.2002511E-04   4.1108989E-04   5.3238613E-04   6.9031696E-04   8.8842836E-04   1.1239251E-03   1.3842332E-03   1.6457217E-03   1.8770230E-03   2.0469197E-03   2.1345103E-03   2.1360843E-03   2.0614085E-03   1.9187971E-03   1.7059918E-03   1.4233590E-03   1.0805764E-03   7.1379257E-04   3.8475695E-04   1.5463283E-04   4.0523650E-05   5.8574669E-06   6.6948093E-07   4.1967530E-07   2.6914131E-07   1.3669404E-07   4.1531202E-08   0.0000000E+00
   0.0000000E+00   0.0000000E+00   0.0000000E+00   0.0000000E+00   0.0000000E+00   0.0000000E+00   0.0000000E+00   0.0000000E+00   0.0000000E+00   0.0000000E+00   0.0000000E+00   0.0000000E+00   0.0000000E+00   0.0000000E+00   0.0000000E+00   0.0000000E+00   0.0000000E+00   0.0000000E+00   0.0000000E+00   0.0000000E+00   0.0000000E+00   0.0000000E+00   0.0000000E+00   0.0000000E+00   0.0000000E+00   0.0000000E+00   0.0000000E+00   0.0000000E+00   0.0000000E+00   0.0000000E+00   0.0000000E+00   0.0000000E+00   0.0000000E+00   0.0000000E+00   0.0000000E+00   6.8123875E-11   1.4055872E-09   4.6940674E-09   1.3657725E-08   3.7671867E-08   9.7112995E-08   2.2855126E-07   4.8133614E-07   9.0337920E-07   1.5384771E-06   2.4422216E-06   3.6627519E-06   5.1998068E-06   6.9660737E-06   8.7919079E-06   1.0507339E-05   1.2079134E-05   1.3671719E-05   1.5495141E-05   1.7607694E-05   2.0075135E-05   2.2972859E-05   2.6382955E-05   3.0392725E-05   3.5084788E-05   4.0535568E-05   4.6835085E-05   5.4108528E-05   6.2552252E-05   7.2481082E-05   8.4381260E-05   9.8955257E-05   1.1717223E-04   1.4037851E-04   1.7048171E-04   2.1019921E-04   2.6326606E-04   3.3461771E-04   4.3035098E-04   5.5716117E-04   7.2089501E-04   9.2400290E-04   1.1621369E-03   1.4211568E-03   1.6766053E-03   1.8976441E-03   2.0550007E-03   2.1303042E-03   2.1214271E-03   2.0377166E-03   1.8861584E-03   1.6647683E-03   1.3755598E-03   1.0318047E-03   6.7242060E-04   3.5776242E-04   1.4248885E-04   3.7334437E-05   5.4756338E-06   6.5517042E-07   4.1136224E-07   2.6217643E-07   1.3204580E-07   3.9685464E-08   0.0000000E+00
   0.0000000E+00   0.0000000E+00   0.0000000E+00   0.0000000E+00   0.0000000E+00   0.0000000E+00   0.0000000E+00   0.0000000E+00   0.0000000E+00   0.0000000E+00   0.0000000E+00   0.0000000E+00   0.0000000E+00   0.0000000E+00   0.0000000E+00   0.0000000E+00   0.0000000E+00   0.0000000E+00   0.0000000E+00   0.0000000E+00   0.0000000E+00   0.0000000E+00   0.0000000E+00   0.0000000E+00   0.0000000E+00   0.0000000E+00   0.0000000E+00   0.0000000E+00   0.0000000E+00   0.0000000E+00   0.0000000E+00   0.0000000E+00   0.0000000E+00   0.0000000E+00   0.0000000E+00   6.5516215E-10   2.5737577E-09   7.7061255E-09   2.1316954E-08   5.5830061E-08   1.3590574E-07   3.0114967E-07   5.9901510E-07   1.0717737E-06   1.7601889E-06   2.7164785E-06   3.9794222E-06   5.5364903E-06   7.2946409E-06   9.0947688E-06   1.0793049E-05   1.2379096E-05   1.4014910E-05   1.5891726E-05   1.8068531E-05   2.0612986E-05   2.3602011E-05   2.7117543E-05   3.1244414E-05   3.6062993E-05   4.1651274E-05   4.8105852E-05   5.5565084E-05   6.4245556E-05   7.4490672E-05   8.6822343E-05   1.0198548E-04   1.2100754E-04   1.4532398E-04   1.7697272E-04   2.1883097E-04   2.7480759E-04   3.4998878E-04   4.5051129E-04   5.8284937E-04   7.5220573E-04   9.5987198E-04   1.1999706E-03   1.4569443E-03   1.7057429E-03   1.9162616E-03   2.0612075E-03   2.1245519E-03   2.1054687E-03   2.0127911E-03   1.8523907E-03   1.6227927E-03   1.3278747E-03   9.8430575E-04   6.3313899E-04   3.3272651E-04   1.3140401E-04   3.4429784E-05   5.1233187E-06   6.4123907E-07   4.0314643E-07   2.5535741E-07   1.2755181E-07   3.7928324E-08   0.0000000E+00
   0.0000000E+00   0.0000000E+00   0.0000000E+00   0.0000000E+00   0.0000000E+00   0.0000000E+00   0.0000000E+00   0.0000000E+00   0.0000000E+00   0.0000000E+00   0.0000000E+00   0.0000000E+00   0.0000000E+00   0.0000000E+00   0.0000000E+00   0.0000000E+00   0.0000000E+00   0.0000000E+00   0.0000000E+00   0.0000000E+00   0.0000000E+00   0.0000000E+00   0.0000000E+00   0.0000000E+00   0.0000000E+00   0.0000000E+00   0.0000000E+00   0.0000000E+00   0.0000000E+00   0.0000000E+00   0.0000000E+00   0.0000000E+00   0.0000000E+00   0.0000000E+00   7.4336967E-11   1.3956295E-09   4.4183315E-09   1.2325481E-08   3.2433906E-08   8.0508954E-08   1.8501304E-07   3.8693187E-07   7.3023483E-07   1.2520350E-06   1.9911004E-06   2.9958860E-06   4.2959723E-06   5.8684473E-06   7.6173401E-06   9.3954095E-06   1.1082750E-05   1.2687680E-05   1.4368647E-05   1.6300854E-05   1.8544277E-05   2.1168402E-05   2.4251183E-05   2.7873946E-05   3.2119155E-05   3.7065711E-05   4.2794236E-05   4.9409162E-05   5.7063196E-05   6.5994565E-05   7.6576362E-05   8.9367131E-05   1.0515685E-04   1.2503682E-04   1.5053850E-04   1.8383436E-04   2.2796213E-04   2.8699846E-04   3.6615835E-04   4.7157070E-04   6.0941558E-04   7.8416959E-04   9.9591911E-04   1.2373019E-03   1.4915047E-03   1.7331081E-03   1.9329120E-03   2.0656059E-03   2.1173065E-03   2.0882380E-03   1.9866682E-03   1.8175748E-03   1.5802135E-03   1.2804806E-03   9.3818724E-04   5.9591176E-04   3.0951563E-04   1.2127750E-04   3.1781547E-05   4.7979970E-06   6.2766895E-07   3.9503024E-07   2.4868373E-07   1.2320774E-07   3.6255223E-08   0.0000000E+00
   0.0000000E+00   0.0000000E+00   0.0000000E+00   0.0000000E+00   0.0000000E+00   0.0000000E+00   0.0000000E+00   0.0000000E+00   0.0000000E+00   0.0000000E+00   0.0000000E+00   0.0000000E+00   0.0000000E+00   0.0000000E+00   0.0000000E+00   0.0000000E+00   0.0000000E+00   0.0000000E+00   0.0000000E+00   0.0000000E+00   0.0000000E+00   0.0000000E+00   0.0000000E+00   0.0000000E+00   0.0000000E+00   0.0000000E+00   0.0000000E+00   0.0000000E+00   0.0000000E+00   0.0000000E+00   0.0000000E+00   0.0000000E+00   0.0000000E+00   0.0000000E+00   7.0397860E-10   2.5672680E-09   7.2834285E-09   1.9199906E-08   4.8028220E-08   1.1291043E-07   2.4525363E-07   4.8575640E-07   8.7399656E-07   1.4428833E-06   2.2298741E-06   3.2792036E-06   4.6116652E-06   6.1958508E-06   7.9352112E-06   9.6951071E-06   1.1377281E-05   1.3005288E-05   1.4733344E-05   1.6723010E-05   1.9035471E-05   2.1741858E-05   2.4920708E-05   2.8652375E-05   3.3017208E-05   3.8093462E-05   4.3965494E-05   5.0746785E-05   5.8605630E-05   6.7803216E-05   7.8743404E-05   9.2022718E-05   1.0847934E-04   1.2927409E-04   1.5604083E-04   1.9109009E-04   2.3761952E-04   2.9986459E-04   3.8314253E-04   4.9352244E-04   6.3681632E-04   8.1670057E-04   1.0320267E-03   1.2740128E-03   1.5247582E-03   1.7586839E-03   1.9476357E-03   2.0682577E-03   2.1086147E-03   2.0697629E-03   1.9593881E-03   1.7817982E-03   1.5371785E-03   1.2335385E-03   8.9353224E-04   5.6068832E-04   2.8800179E-04   1.1201876E-04   2.9364626E-05   4.4973772E-06   6.1444342E-07   3.8701592E-07   2.4215470E-07   1.1900922E-07   3.4661841E-08   0.0000000E+00
   0.0000000E+00   0.0000000E+00   0.0000000E+00   0.0000000E+00   0.0000000E+00   0.0000000E+00   0.0000000E+00   0.0000000E+00   0.0000000E+00   0.0000000E+00   0.0000000E+00   0.0000000E+00   0.0000000E+00   0.0000000E+00   0.0000000E+00   0.0000000E+00   0.0000000E+00   0.0000000E+00   0.0000000E+00   0.0000000E+00   0.0000000E+00   0.0000000E+00   0.0000000E+00   0.0000000E+00   0.0000000E+00   0.0000000E+00   0.0000000E+00   0.0000000E+00   0.0000000E+00   0.0000000E+00   0.0000000E+00   0.0000000E+00   0.0000000E+00   8.6346950E-11   1.4815378E-09   4.4019037E-09   1.1623799E-08   2.9102587E-08   6.9168202E-08   1.5408355E-07   3.1708691E-07   5.9714711E-07   1.0292107E-06   1.6431084E-06   2.4752981E-06   3.5653841E-06   4.9259925E-06   6.5190320E-06   8.2492979E-06   9.9950339E-06   1.1677404E-05   1.3332321E-05   1.5109429E-05   1.7158694E-05   1.9542640E-05   2.2333805E-05   2.5610889E-05   2.9453051E-05   3.3938879E-05   3.9146867E-05   4.5166227E-05   5.2120686E-05   6.0195354E-05   6.9675662E-05   8.0997423E-05   9.4796742E-05   1.1196367E-04   1.3373427E-04   1.6185056E-04   1.9876394E-04   2.4782974E-04   3.1342995E-04   4.0095305E-04   5.1635277E-04   6.6500035E-04   8.4970705E-04   1.0680779E-03   1.3099925E-03   1.5566356E-03   1.7824621E-03   1.9604743E-03   2.0692209E-03   2.0985189E-03   2.0500710E-03   1.9309963E-03   1.7451533E-03   1.4938322E-03   1.1871924E-03   8.5040153E-04   5.2740739E-04   2.6806348E-04   1.0354647E-04   2.7156615E-05   4.2193769E-06   6.0154701E-07   3.7910536E-07   2.3576942E-07   1.1495199E-07   3.3144101E-08   0.0000000E+00
   0.0000000E+00   0.0000000E+00   0.0000000E+00   0.0000000E+00   0.0000000E+00   0.0000000E+00   0.0000000E+00   0.0000000E+00   0.0000000E+00   0.0000000E+00   0.0000000E+00   0.0000000E+00   0.0000000E+00   0.0000000E+00   0.0000000E+00   0.0000000E+00   0.0000000E+00   0.0000000E+00   0.0000000E+00   0.0000000E+00   0.0000000E+00   0.0000000E+00   0.0000000E+00   0.0000000E+00   0.0000000E+00   0.0000000E+00   0.0000000E+00   0.0000000E+00   0.0000000E+00   0.0000000E+00   0.0000000E+00   0.0000000E+00   0.0000000E+00   7.9776308E-10   2.6979963E-09   7.2165580E-09   1.8007313E-08   4.2899845E-08   9.6894794E-08   2.0484789E-07   4.0061863E-07   7.2038904E-07   1.1947750E-06   1.8515890E-06   2.7262915E-06   3.8535654E-06   5.2386431E-06   6.8384415E-06   8.5606298E-06   1.0296263E-05   1.1983817E-05   1.3669185E-05   1.5497339E-05   1.7608401E-05   2.0066285E-05   2.2944654E-05   2.6322006E-05   3.0276204E-05   3.4884531E-05   4.0226663E-05   4.6397767E-05   5.3533018E-05   6.1835577E-05   7.1616370E-05   8.3344414E-05   9.7697441E-05   1.1562135E-04   1.3843310E-04   1.6798811E-04   2.0688033E-04   2.5861873E-04   3.2771600E-04   4.1959665E-04   5.4004102E-04   6.9390918E-04   8.8309322E-04   1.1039570E-03   1.3451377E-03   1.5870783E-03   1.8044424E-03   1.9714718E-03   2.0685494E-03   2.0870585E-03   2.0291915E-03   1.9015438E-03   1.7077378E-03   1.4503149E-03   1.1415706E-03   8.0883648E-04   4.9599976E-04   2.4958616E-04   9.5787553E-05   2.5137486E-05   3.9621032E-06   5.8896535E-07   3.7130042E-07   2.2952683E-07   1.1103184E-07   3.1698146E-08   0.0000000E+00
   0.0000000E+00   0.0000000E+00   0.0000000E+00   0.0000000E+00   0.0000000E+00   0.0000000E+00   0.0000000E+00   0.0000000E+00   0.0000000E+00   0.0000000E+00   0.0000000E+00   0.0000000E+00   0.0000000E+00   0.0000000E+00   0.0000000E+00   0.0000000E+00   0.0000000E+00   0.0000000E+00   0.0000000E+00   0.0000000E+00   0.0000000E+00   0.0000000E+00   0.0000000E+00   0.0000000E+00   0.0000000E+00   0.0000000E+00   0.0000000E+00   0.0000000E+00   0.0000000E+00   0.0000000E+00   0.0000000E+00   0.0000000E+00   1.0413877E-10   1.6412879E-09   4.5767563E-09   1.1422029E-08   2.7103262E-08   6.1502398E-08   1.3214587E-07   2.6574787E-07   4.9564306E-07   8.5462148E-07   1.3696265E-06   2.0673031E-06   2.9819053E-06   4.1430599E-06   5.5494779E-06   7.1546201E-06   8.8702081E-06   1.0599784E-05   1.2297166E-05   1.4016294E-05   1.5897524E-05   1.8072629E-05   2.0606885E-05   2.3574788E-05   2.7054331E-05   3.1122094E-05   3.5854606E-05   4.1333700E-05   4.7661608E-05   5.4986140E-05   6.3529726E-05   7.3630079E-05   8.5790794E-05   1.0073366E-04   1.1946468E-04   1.4338721E-04   1.7447458E-04   2.1546395E-04   2.7001149E-04   3.4274135E-04   4.3907482E-04   5.6455925E-04   7.2347745E-04   9.1676012E-04   1.1395511E-03   1.3793536E-03   1.6160376E-03   1.8246311E-03   1.9806728E-03   2.0662949E-03   2.0742700E-03   2.0071559E-03   1.8710871E-03   1.6696529E-03   1.4067616E-03   1.0967851E-03   7.6886133E-04   4.6639092E-04   2.3246220E-04   8.8676243E-05   2.3289313E-05   3.7238344E-06   5.7668512E-07   3.6360268E-07   2.2342570E-07   1.0724460E-07   3.0320333E-08   0.0000000E+00
