     50.0000
    150.0000
    250.0000
    350.0000
    450.0000
    550.0000
    650.0000
    750.0000
    850.0000
    950.0000
   1050.0000
   1150.0000
   1250.0000
   1350.0000
   1450.0000
   1550.0000
   1650.0000
   1750.0000
   1850.0000
   1950.0000
   2050.0000
   2150.0000
   2250.0000
   2350.0000
   2450.0000
   2550.0000
   2650.0000
   2750.0000
   2850.0000
   2950.0000
   3050.0000
   3150.0000
   3250.0000
   3350.0000
   3450.0000
   3550.0000
   3650.0000
   3750.0000
   3850.0000
   3950.0000
   4050.0000
   4150.0000
   4250.0000
   4350.0000
   4450.0000
   4550.0000
   4650.0000
   4750.0000
   4850.0000
   4950.0000
   5050.0000
   5150.0000
   5250.0000
   5350.0000
   5450.0000
   5550.0000
   5650.0000
   5750.0000
   5850.0000
   5950.0000
   6050.0000
   6150.0000
   6250.0000
   6350.0000
   6450.0000
   6550.0000
   6650.0000
   6750.0000
   6850.0000
   6950.0000
   7050.0000
   7150.0000
   7250.0000
   7350.0000
   7450.0000
   7550.0000
   7650.0000
   7750.0000
   7850.0000
   7950.0000
   8050.0000
   8150.0000
   8250.0000
   8350.0000
   8450.0000
   8550.0000
   8650.0000
   8750.0000
   8850.0000
   8950.0000
   9050.0000
   9150.0000
   9250.0000
   9350.0000
   9450.0000
   9550.0000
   9650.0000
   9750.0000
   9850.0000
   9950.0000
