   0.0000000E+00
   0.0000000E+00
   6.4575320E-01
   3.6449713E-01
   1.8998860E-01
   9.9473059E-02
   5.4063674E-02
   3.1184528E-02
   1.9319417E-02
   1.3609679E-02
   1.0577800E-02
   9.2982706E-03
   7.9025058E-03
   7.7708163E-03
   7.3522152E-03
   7.0683220E-03
   6.8169734E-03
   6.8368032E-03
   6.4848247E-03
   6.2473733E-03
   5.9882002E-03
   5.8742468E-03
   5.3689512E-03
   5.1616975E-03
   4.7706435E-03
   4.5545064E-03
   4.2111161E-03
   3.5945091E-03
   2.9262295E-03
   2.2638156E-03
   1.3916977E-03
   8.6230907E-04
   5.4066454E-04
   3.4424334E-04
   2.2308259E-04
   1.4729910E-04
   9.9105826E-05
   6.7879220E-05
   4.7257359E-05
   3.3383832E-05
   2.3898236E-05
   1.7322183E-05
   1.2693620E-05
   9.3906574E-06
   7.0180263E-06
   5.2865485E-06
   4.0140867E-06
   3.0788226E-06
   2.3764753E-06
   1.8565286E-06
   9.7597604E-07
