   0.0000000E+00
   2.2467199E+01
   1.9829048E+01
   1.9732552E+01
   1.9690748E+01
   1.9638678E+01
   1.9570908E+01
   1.9483849E+01
   1.9369419E+01
   1.9216932E+01
   1.9012182E+01
   1.8736834E+01
   1.8365454E+01
   1.7867514E+01
   1.7207981E+01
   1.6356430E+01
   1.5300623E+01
   1.4064369E+01
   1.2709535E+01
   1.1310020E+01
   9.9439468E+00
   8.7536020E+00
   7.8542352E+00
   7.1396909E+00
   6.5470319E+00
   6.0498981E+00
   5.6296906E+00
   5.2694106E+00
   4.9433775E+00
   4.6478915E+00
   4.3757472E+00
   4.1261802E+00
   3.8951316E+00
   3.6804416E+00
   3.4804177E+00
   3.2933950E+00
   3.1180341E+00
   2.9538946E+00
   2.7997711E+00
   2.6543932E+00
   2.5185685E+00
   2.3940320E+00
   2.2750027E+00
   2.1611447E+00
   2.0521350E+00
   1.9476744E+00
   1.8474549E+00
   1.7511595E+00
   1.6587356E+00
   1.5696093E+00
   1.4834541E+00
