   0.0000000E+00   0.0000000E+00   0.0000000E+00   0.0000000E+00   0.0000000E+00   0.0000000E+00   0.0000000E+00   0.0000000E+00   0.0000000E+00   0.0000000E+00   0.0000000E+00   0.0000000E+00   0.0000000E+00   0.0000000E+00   0.0000000E+00   0.0000000E+00   0.0000000E+00   0.0000000E+00   0.0000000E+00   0.0000000E+00   0.0000000E+00   0.0000000E+00   0.0000000E+00   0.0000000E+00   0.0000000E+00   0.0000000E+00   0.0000000E+00   0.0000000E+00   0.0000000E+00   0.0000000E+00   0.0000000E+00   0.0000000E+00   0.0000000E+00   0.0000000E+00   0.0000000E+00   0.0000000E+00   0.0000000E+00   0.0000000E+00   0.0000000E+00   0.0000000E+00   0.0000000E+00   0.0000000E+00   0.0000000E+00   0.0000000E+00   0.0000000E+00   0.0000000E+00   0.0000000E+00   0.0000000E+00   0.0000000E+00   0.0000000E+00   0.0000000E+00   0.0000000E+00   0.0000000E+00   0.0000000E+00   0.0000000E+00   0.0000000E+00   0.0000000E+00   0.0000000E+00   0.0000000E+00   0.0000000E+00   0.0000000E+00   0.0000000E+00   0.0000000E+00   0.0000000E+00   0.0000000E+00   0.0000000E+00   0.0000000E+00   0.0000000E+00   0.0000000E+00   0.0000000E+00   0.0000000E+00   0.0000000E+00   0.0000000E+00   0.0000000E+00   0.0000000E+00   0.0000000E+00   0.0000000E+00   0.0000000E+00   0.0000000E+00   0.0000000E+00   0.0000000E+00   0.0000000E+00   0.0000000E+00   0.0000000E+00   0.0000000E+00   0.0000000E+00   0.0000000E+00   0.0000000E+00   0.0000000E+00   0.0000000E+00   0.0000000E+00   0.0000000E+00   0.0000000E+00   0.0000000E+00   0.0000000E+00   0.0000000E+00   0.0000000E+00   0.0000000E+00   0.0000000E+00   0.0000000E+00
   0.0000000E+00   0.0000000E+00   0.0000000E+00   0.0000000E+00   0.0000000E+00   0.0000000E+00   0.0000000E+00   0.0000000E+00   0.0000000E+00   0.0000000E+00   0.0000000E+00   0.0000000E+00   0.0000000E+00   0.0000000E+00   0.0000000E+00   0.0000000E+00   0.0000000E+00   0.0000000E+00   0.0000000E+00   0.0000000E+00   0.0000000E+00   0.0000000E+00   0.0000000E+00   0.0000000E+00   0.0000000E+00   0.0000000E+00   0.0000000E+00   0.0000000E+00   0.0000000E+00   0.0000000E+00   0.0000000E+00   0.0000000E+00   0.0000000E+00   0.0000000E+00   0.0000000E+00   0.0000000E+00   0.0000000E+00   0.0000000E+00   0.0000000E+00   0.0000000E+00   0.0000000E+00   0.0000000E+00   0.0000000E+00   0.0000000E+00   0.0000000E+00   0.0000000E+00   0.0000000E+00   0.0000000E+00   0.0000000E+00   0.0000000E+00   0.0000000E+00   0.0000000E+00   0.0000000E+00   0.0000000E+00   0.0000000E+00   0.0000000E+00   0.0000000E+00   0.0000000E+00   0.0000000E+00   0.0000000E+00   0.0000000E+00   0.0000000E+00   0.0000000E+00   0.0000000E+00   0.0000000E+00   0.0000000E+00   0.0000000E+00   0.0000000E+00   0.0000000E+00   0.0000000E+00   0.0000000E+00   0.0000000E+00   0.0000000E+00   0.0000000E+00   0.0000000E+00   0.0000000E+00   0.0000000E+00   0.0000000E+00   0.0000000E+00   0.0000000E+00   0.0000000E+00   0.0000000E+00   0.0000000E+00   0.0000000E+00   0.0000000E+00   0.0000000E+00   0.0000000E+00   0.0000000E+00   0.0000000E+00   0.0000000E+00   0.0000000E+00   0.0000000E+00   0.0000000E+00   0.0000000E+00   0.0000000E+00   0.0000000E+00   0.0000000E+00   0.0000000E+00   0.0000000E+00   0.0000000E+00
   0.0000000E+00   0.0000000E+00   0.0000000E+00   0.0000000E+00   0.0000000E+00   0.0000000E+00   0.0000000E+00   0.0000000E+00   0.0000000E+00   0.0000000E+00   0.0000000E+00   0.0000000E+00   0.0000000E+00   0.0000000E+00   0.0000000E+00   0.0000000E+00   0.0000000E+00   0.0000000E+00   0.0000000E+00   0.0000000E+00   0.0000000E+00   0.0000000E+00   0.0000000E+00   0.0000000E+00   0.0000000E+00   0.0000000E+00   0.0000000E+00   0.0000000E+00   0.0000000E+00   0.0000000E+00   0.0000000E+00   0.0000000E+00   0.0000000E+00   0.0000000E+00   0.0000000E+00   0.0000000E+00   0.0000000E+00   0.0000000E+00   0.0000000E+00   0.0000000E+00   0.0000000E+00   0.0000000E+00   0.0000000E+00   0.0000000E+00   0.0000000E+00   0.0000000E+00   0.0000000E+00   0.0000000E+00   0.0000000E+00   0.0000000E+00   0.0000000E+00   0.0000000E+00   0.0000000E+00   0.0000000E+00   0.0000000E+00   0.0000000E+00   0.0000000E+00   0.0000000E+00   0.0000000E+00   0.0000000E+00   0.0000000E+00   0.0000000E+00   0.0000000E+00   0.0000000E+00   0.0000000E+00   0.0000000E+00   0.0000000E+00   0.0000000E+00   0.0000000E+00   0.0000000E+00   0.0000000E+00   0.0000000E+00   0.0000000E+00   0.0000000E+00   0.0000000E+00   0.0000000E+00   0.0000000E+00   0.0000000E+00   0.0000000E+00   0.0000000E+00   0.0000000E+00   0.0000000E+00   0.0000000E+00   0.0000000E+00   0.0000000E+00   0.0000000E+00   0.0000000E+00   0.0000000E+00   0.0000000E+00   0.0000000E+00   0.0000000E+00   0.0000000E+00   0.0000000E+00   0.0000000E+00   0.0000000E+00   0.0000000E+00   0.0000000E+00   0.0000000E+00   0.0000000E+00   0.0000000E+00
   0.0000000E+00   0.0000000E+00   0.0000000E+00   0.0000000E+00   0.0000000E+00   0.0000000E+00   0.0000000E+00   0.0000000E+00  -1.7729472E-07  -1.3732817E-06  -5.1088459E-06  -1.2820599E-05  -2.8083450E-05  -5.5654447E-05  -1.0212806E-04  -1.7632032E-04  -2.8968009E-04  -4.5672400E-04  -6.9548975E-04  -1.0280021E-03  -1.4807438E-03  -2.0851223E-03  -2.8779239E-03  -3.9017419E-03  -5.2053663E-03  -6.8441234E-03  -8.8801486E-03  -1.1382575E-02  -1.4427627E-02  -1.8098595E-02  -2.2485677E-02  -2.7685681E-02  -3.3801548E-02  -4.0941708E-02  -4.9219236E-02  -5.8750823E-02  -6.9655508E-02  -8.2053214E-02  -9.6063077E-02  -1.1180154E-01  -1.2938029E-01  -1.4890392E-01  -1.7046753E-01  -1.9415407E-01  -2.2003174E-01  -2.4815109E-01  -2.7854231E-01  -3.1121230E-01  -3.4614217E-01  -3.8328445E-01  -4.2256075E-01  -4.6385974E-01  -5.0703520E-01  -5.5190474E-01  -5.9824872E-01  -6.4581007E-01  -6.9429421E-01  -7.4337006E-01  -7.9267144E-01  -8.4179938E-01  -8.9032525E-01  -9.3779421E-01  -9.8373026E-01  -1.0276411E+00  -1.0690243E+00  -1.1073745E+00  -1.1421903E+00  -1.1729821E+00  -1.1992807E+00  -1.2206463E+00  -1.2366761E+00  -1.2470150E+00  -1.2513624E+00  -1.2494820E+00  -1.2412087E+00  -1.2264562E+00  -1.2052226E+00  -1.1775961E+00  -1.1437577E+00  -1.1039835E+00  -1.0586450E+00  -1.0082071E+00  -9.5322412E-01  -8.9433372E-01  -8.3224821E-01  -7.6774406E-01  -7.0164824E-01  -6.3482314E-01  -5.6814891E-01  -5.0250417E-01  -4.3874535E-01  -3.7768471E-01  -3.2006842E-01  -2.6655114E-01  -2.1754289E-01  -1.6976205E-01  -1.3115776E-01  -9.7864360E-02  -6.3878894E-02  -4.9458556E-02
   0.0000000E+00   0.0000000E+00   0.0000000E+00   0.0000000E+00   0.0000000E+00   0.0000000E+00   0.0000000E+00   0.0000000E+00  -7.1662203E-07  -5.3731242E-06  -1.9600380E-05  -4.8596463E-05  -1.0528546E-04  -2.0653263E-04  -3.7539657E-04  -6.4232072E-04  -1.0463976E-03  -1.6366984E-03  -2.4736559E-03  -3.6304879E-03  -5.1946426E-03  -7.2692456E-03  -9.9745234E-03  -1.3449179E-02  -1.7851677E-02  -2.3361413E-02  -3.0179726E-02  -3.8530700E-02  -4.8661720E-02  -6.0843725E-02  -7.5371109E-02  -9.2561223E-02  -1.1275341E-01  -1.3630754E-01  -1.6360196E-01  -1.9503085E-01  -2.3100096E-01  -2.7192760E-01  -3.1822991E-01  -3.7032554E-01  -4.2862430E-01  -4.9352157E-01  -5.6539035E-01  -6.4457339E-01  -7.3137403E-01  -8.2604700E-01  -9.2878884E-01  -1.0397277E+00  -1.1589130E+00  -1.2863059E+00  -1.4217688E+00  -1.5650564E+00  -1.7158068E+00  -1.8735335E+00  -2.0376191E+00  -2.2073095E+00  -2.3817112E+00  -2.5597894E+00  -2.7403681E+00  -2.9221342E+00  -3.1036427E+00  -3.2833257E+00  -3.4595032E+00  -3.6303997E+00  -3.7941604E+00  -3.9488735E+00  -4.0925941E+00  -4.2233720E+00  -4.3392801E+00  -4.4384499E+00  -4.5191007E+00  -4.5795794E+00  -4.6183925E+00  -4.6342425E+00  -4.6260567E+00  -4.5930152E+00  -4.5345674E+00  -4.4504356E+00  -4.3406005E+00  -4.2052526E+00  -4.0446959E+00  -3.8591821E+00  -3.6486301E+00  -3.4121873E+00  -3.1475523E+00  -2.8500004E+00  -2.5111341E+00  -2.1177685E+00  -1.6527270E+00  -1.1040514E+00  -5.1536256E-01  -3.5104829E-01  -2.9081333E-01  -2.1751252E-01  -1.3306894E-02   0.0000000E+00   0.0000000E+00   0.0000000E+00   0.0000000E+00   0.0000000E+00
   0.0000000E+00   0.0000000E+00   0.0000000E+00   0.0000000E+00   0.0000000E+00   0.0000000E+00   0.0000000E+00   0.0000000E+00  -1.6629406E-06  -1.2200681E-05  -4.4040036E-05  -1.0868545E-04  -2.3458175E-04  -4.5870250E-04  -8.3146262E-04  -1.4192850E-03  -2.3073358E-03  -3.6024184E-03  -5.4360060E-03  -7.9673957E-03  -1.1386948E-02  -1.5919376E-02  -2.1827046E-02  -2.9413231E-02  -3.9025236E-02  -5.1057376E-02  -6.5953657E-02  -8.4210105E-02  -1.0637667E-01  -1.3305853E-01  -1.6491672E-01  -2.0266795E-01  -2.4708351E-01  -2.9898703E-01  -3.5925114E-01  -4.2879269E-01  -5.0856656E-01  -5.9955782E-01  -7.0277232E-01  -8.1922537E-01  -9.4992852E-01  -1.0958747E+00  -1.2580212E+00  -1.4372712E+00  -1.6344527E+00  -1.8502969E+00  -2.0854142E+00  -2.3402693E+00  -2.6151564E+00  -2.9101710E+00  -3.2251852E+00  -3.5598197E+00  -3.9134011E+00  -4.2850137E+00  -4.6733685E+00  -5.0768533E+00  -5.4935040E+00  -5.9209933E+00  -6.3566246E+00  -6.7973347E+00  -7.2397017E+00  -7.6799598E+00  -8.1140223E+00  -8.5375156E+00  -8.9458179E+00  -9.3341131E+00  -9.6974468E+00  -1.0030794E+01  -1.0329140E+01  -1.0587555E+01  -1.0801293E+01  -1.0965873E+01  -1.1077172E+01  -1.1131513E+01  -1.1125729E+01  -1.1057216E+01  -1.0923943E+01  -1.0724399E+01  -1.0457450E+01  -1.0122056E+01  -9.7167616E+00  -9.2388783E+00  -8.6832094E+00  -8.0402107E+00  -7.2936387E+00  -6.4184370E+00  -5.3817334E+00  -4.1553326E+00  -2.7591627E+00  -1.3627592E+00  -4.1345951E-01  -3.3865324E-01  -2.7527612E-01  -1.6645294E-01   0.0000000E+00   0.0000000E+00   0.0000000E+00   0.0000000E+00   0.0000000E+00   0.0000000E+00
   0.0000000E+00   0.0000000E+00   0.0000000E+00   0.0000000E+00   0.0000000E+00   0.0000000E+00   0.0000000E+00  -1.2131215E-07  -3.0645033E-06  -2.2068474E-05  -7.9023986E-05  -1.9451567E-04  -4.1909452E-04  -8.1851776E-04  -1.4825152E-03  -2.5294560E-03  -4.1113701E-03  -6.4193141E-03  -9.6890684E-03  -1.4207132E-02  -2.0316973E-02  -2.8425494E-02  -3.9009627E-02  -5.2622985E-02  -6.9902442E-02  -9.1574579E-02  -1.1846177E-01  -1.5148777E-01  -1.9168268E-01  -2.4018702E-01  -2.9825458E-01  -3.6725402E-01  -4.4866884E-01  -5.4409516E-01  -6.5523767E-01  -7.8390270E-01  -9.3198836E-01  -1.1014720E+00  -1.2943938E+00  -1.5128362E+00  -1.7589009E+00  -2.0346797E+00  -2.3422222E+00  -2.6835003E+00  -3.0603647E+00  -3.4745021E+00  -3.9273846E+00  -4.4202180E+00  -4.9538851E+00  -5.5288897E+00  -6.1452928E+00  -6.8026209E+00  -7.4999075E+00  -8.2355881E+00  -9.0073538E+00  -9.8122139E+00  -1.0646425E+01  -1.1505463E+01  -1.2383981E+01  -1.3275834E+01  -1.4174069E+01  -1.5070955E+01  -1.5958022E+01  -1.6826130E+01  -1.7665550E+01  -1.8466072E+01  -1.9217131E+01  -1.9907953E+01  -2.0527729E+01  -2.1065792E+01  -2.1511805E+01  -2.1855968E+01  -2.2089201E+01  -2.2203310E+01  -2.2191118E+01  -2.2046516E+01  -2.1764395E+01  -2.1340397E+01  -2.0770382E+01  -2.0049482E+01  -1.9170525E+01  -1.8121643E+01  -1.6882847E+01  -1.5421845E+01  -1.3690697E+01  -1.1628991E+01  -9.1890306E+00  -6.4119530E+00  -3.5856049E+00  -1.3694079E+00  -3.9713717E-01  -3.3250871E-01  -2.7930769E-01  -1.2198388E-01  -3.2304708E-04   0.0000000E+00   0.0000000E+00   0.0000000E+00   0.0000000E+00   0.0000000E+00
   0.0000000E+00   0.0000000E+00   0.0000000E+00   0.0000000E+00   0.0000000E+00   0.0000000E+00   0.0000000E+00  -2.0627081E-07  -4.9732112E-06  -3.5203295E-05  -1.2519391E-04  -3.0763491E-04  -6.6223170E-04  -1.2929614E-03  -2.3420390E-03  -3.9975974E-03  -6.5020048E-03  -1.0160701E-02  -1.5352506E-02  -2.2541847E-02  -3.2282162E-02  -4.5229647E-02  -6.2189803E-02  -8.4047452E-02  -1.1183208E-01  -1.4680554E-01  -1.9032529E-01  -2.4405137E-01  -3.0955663E-01  -3.8886812E-01  -4.8414496E-01  -5.9776169E-01  -7.3231214E-01  -8.9060968E-01  -1.0756841E+00  -1.2907737E+00  -1.5393134E+00  -1.8249149E+00  -2.1513426E+00  -2.5224817E+00  -2.9422970E+00  -3.4147792E+00  -3.9435956E+00  -4.5265522E+00  -5.1790166E+00  -5.8989582E+00  -6.6894746E+00  -7.5532169E+00  -8.4922829E+00  -9.5081339E+00  -1.0602677E+01  -1.1798309E+01  -1.3048440E+01  -1.4372382E+01  -1.5766373E+01  -1.7225309E+01  -1.8742617E+01  -2.0310186E+01  -2.1918262E+01  -2.3555498E+01  -2.5208904E+01  -2.6863905E+01  -2.8504404E+01  -3.0112921E+01  -3.1670738E+01  -3.3158119E+01  -3.4554569E+01  -3.5839115E+01  -3.6990673E+01  -3.7988388E+01  -3.8812038E+01  -3.9442410E+01  -3.9861671E+01  -4.0053658E+01  -4.0004066E+01  -3.9700451E+01  -3.9131893E+01  -3.8288261E+01  -3.7158752E+01  -3.5729446E+01  -3.3979553E+01  -3.1876028E+01  -2.9366924E+01  -2.6375713E+01  -2.2804430E+01  -1.8566187E+01  -1.3689281E+01  -8.5347719E+00  -4.0233994E+00  -1.2885411E+00  -3.8836300E-01  -3.2551152E-01  -2.4202286E-01  -8.6626984E-02   0.0000000E+00   0.0000000E+00   0.0000000E+00   0.0000000E+00   0.0000000E+00   0.0000000E+00
   0.0000000E+00   0.0000000E+00   0.0000000E+00   0.0000000E+00   0.0000000E+00   0.0000000E+00   0.0000000E+00  -3.2318292E-07  -7.4448722E-06  -5.1847081E-05  -1.8323922E-04  -4.4971643E-04  -9.6770166E-04  -1.8896832E-03  -3.4249064E-03  -5.8512022E-03  -9.5278854E-03  -1.4909603E-02  -2.2563437E-02  -3.3190832E-02  -4.7624454E-02  -6.6855185E-02  -9.2146203E-02  -1.2482556E-01  -1.6645935E-01  -2.1908090E-01  -2.8480211E-01  -3.6637163E-01  -4.6608010E-01  -5.8727926E-01  -7.3346406E-01  -9.0847671E-01  -1.1158221E+00  -1.3626655E+00  -1.6515132E+00  -1.9887031E+00  -2.3800874E+00  -2.8317170E+00  -3.3466656E+00  -3.9432266E+00  -4.6166248E+00  -5.3779964E+00  -6.2332425E+00  -7.1717057E+00  -8.2355776E+00  -9.4147282E+00  -1.0715202E+01  -1.2142343E+01  -1.3700605E+01  -1.5393586E+01  -1.7229000E+01  -1.9275984E+01  -2.1391172E+01  -2.3639870E+01  -2.6016357E+01  -2.8512394E+01  -3.1117023E+01  -3.3816433E+01  -3.6593681E+01  -3.9428841E+01  -4.2298740E+01  -4.5175781E+01  -4.8033634E+01  -5.0839306E+01  -5.3558651E+01  -5.6155525E+01  -5.8592289E+01  -6.0830379E+01  -6.2830971E+01  -6.4555664E+01  -6.5967247E+01  -6.7030388E+01  -6.7712410E+01  -6.7986305E+01  -6.7856392E+01  -6.7235786E+01  -6.6133415E+01  -6.4528023E+01  -6.2395161E+01  -5.9701897E+01  -5.6399109E+01  -5.2411690E+01  -4.7629234E+01  -4.1906364E+01  -3.5097092E+01  -2.7174738E+01  -1.8505619E+01  -1.0220106E+01  -4.1199980E+00  -1.2123338E+00  -3.8038969E-01  -3.1875321E-01  -2.1692160E-01  -5.9738785E-02  -6.6104462E-08   0.0000000E+00   0.0000000E+00   0.0000000E+00   0.0000000E+00   0.0000000E+00
   0.0000000E+00   0.0000000E+00   0.0000000E+00   0.0000000E+00   0.0000000E+00   0.0000000E+00   0.0000000E+00  -4.7824477E-07  -1.0539482E-05  -7.2257972E-05  -2.5389995E-04  -6.2256638E-04  -1.3395319E-03  -2.6170430E-03  -4.7474732E-03  -8.1207054E-03  -1.3243203E-02  -2.0758966E-02  -3.1476222E-02  -4.6403639E-02  -6.6735797E-02  -9.3902275E-02  -1.2978502E-01  -1.7629278E-01  -2.3571041E-01  -3.1114990E-01  -4.0576583E-01  -5.2386361E-01  -6.6867995E-01  -8.4548938E-01  -1.0597134E+00  -1.3172882E+00  -1.6229515E+00  -1.9909806E+00  -2.4224076E+00  -2.9285326E+00  -3.5189235E+00  -4.2031803E+00  -4.9825840E+00  -5.8939319E+00  -6.9381166E+00  -8.1040297E+00  -9.4447041E+00  -1.0897332E+01  -1.2564819E+01  -1.4421931E+01  -1.6479877E+01  -1.8748833E+01  -2.1237633E+01  -2.3954382E+01  -2.6920776E+01  -3.0291656E+01  -3.3739471E+01  -3.7419659E+01  -4.1323772E+01  -4.5438969E+01  -4.9747559E+01  -5.4226654E+01  -5.8847801E+01  -6.3576969E+01  -6.8374115E+01  -7.3192200E+01  -7.7983849E+01  -8.2691605E+01  -8.7255188E+01  -9.1610634E+01  -9.5691216E+01  -9.9428490E+01  -1.0275359E+02  -1.0559845E+02  -1.0789725E+02  -1.0958765E+02  -1.1061259E+02  -1.1092736E+02  -1.1052002E+02  -1.0926546E+02  -1.0716578E+02  -1.0418005E+02  -1.0025877E+02  -9.5332565E+01  -8.9296822E+01  -8.2005310E+01  -7.3259010E+01  -6.2839630E+01  -5.0659359E+01  -3.7251080E+01  -2.3186359E+01  -1.1290765E+01  -3.9988503E+00  -1.1614071E+00  -3.7162319E-01  -3.1224725E-01  -1.8812442E-01  -3.9102893E-02   0.0000000E+00   0.0000000E+00   0.0000000E+00   0.0000000E+00   0.0000000E+00   0.0000000E+00
   0.0000000E+00   0.0000000E+00   0.0000000E+00   0.0000000E+00   0.0000000E+00   0.0000000E+00   0.0000000E+00  -6.7840364E-07  -1.4321546E-05  -9.6711541E-05  -3.3797038E-04  -8.2813331E-04  -1.7820923E-03  -3.4841672E-03  -6.3277083E-03  -1.0839756E-02  -1.7708264E-02  -2.7812941E-02  -4.2265087E-02  -6.2464014E-02  -9.0065129E-02  -1.2706366E-01  -1.7616054E-01  -2.4001490E-01  -3.2186142E-01  -4.2628822E-01  -5.5787182E-01  -7.2309232E-01  -9.2643678E-01  -1.1759143E+00  -1.4796815E+00  -1.8466232E+00  -2.2832177E+00  -2.8147457E+00  -3.4394248E+00  -4.1762280E+00  -5.0403376E+00  -6.0464487E+00  -7.1925893E+00  -8.5461874E+00  -1.0117914E+01  -1.1856429E+01  -1.3897904E+01  -1.6086840E+01  -1.8631023E+01  -2.1479187E+01  -2.4651381E+01  -2.8166197E+01  -3.2040348E+01  -3.6291111E+01  -4.0969582E+01  -4.6378853E+01  -5.1861561E+01  -5.7737801E+01  -6.3995602E+01  -7.0615448E+01  -7.7569298E+01  -8.4819893E+01  -9.2320282E+01  -1.0001336E+02  -1.0783139E+02  -1.1569563E+02  -1.2352245E+02  -1.3121402E+02  -1.3866624E+02  -1.4576849E+02  -1.5240561E+02  -1.5846361E+02  -1.6381497E+02  -1.6834625E+02  -1.7194427E+02  -1.7450237E+02  -1.7592397E+02  -1.7613277E+02  -1.7507648E+02  -1.7259181E+02  -1.6865623E+02  -1.6319327E+02  -1.5610808E+02  -1.4727341E+02  -1.3650085E+02  -1.2344441E+02  -1.0796943E+02  -8.9839882E+01  -6.9743134E+01  -4.7353512E+01  -2.6669556E+01  -1.1455546E+01  -3.7012630E+00  -1.1296290E+00  -3.6090991E-01  -2.8296426E-01  -1.6014130E-01  -2.4245108E-02   0.0000000E+00   0.0000000E+00   0.0000000E+00   0.0000000E+00   0.0000000E+00   0.0000000E+00
   0.0000000E+00   0.0000000E+00   0.0000000E+00   0.0000000E+00   0.0000000E+00   0.0000000E+00   0.0000000E+00  -9.3142552E-07  -1.8860414E-05  -1.2550212E-04  -4.3630312E-04  -1.0685195E-03  -2.3001241E-03  -4.5010163E-03  -8.1853438E-03  -1.4045545E-02  -2.2990162E-02  -3.6188226E-02  -5.5126660E-02  -8.1694655E-02  -1.1812691E-01  -1.6713941E-01  -2.3250040E-01  -3.1782967E-01  -4.2760533E-01  -5.6840467E-01  -7.4672449E-01  -9.7203273E-01  -1.2504778E+00  -1.5939013E+00  -2.0143006E+00  -2.5246797E+00  -3.1340504E+00  -3.8841286E+00  -4.7684894E+00  -5.8176923E+00  -7.0553031E+00  -8.5034256E+00  -1.0157813E+01  -1.2125387E+01  -1.4442192E+01  -1.6986706E+01  -2.0032854E+01  -2.3270267E+01  -2.7080376E+01  -3.1369020E+01  -3.6171066E+01  -4.1519413E+01  -4.7444645E+01  -5.3981968E+01  -6.1239349E+01  -6.9768677E+01  -7.8340988E+01  -8.7566238E+01  -9.7427841E+01  -1.0789637E+02  -1.1892763E+02  -1.3046147E+02  -1.4242178E+02  -1.5471223E+02  -1.6722034E+02  -1.7981512E+02  -1.9235193E+02  -2.0466632E+02  -2.1658148E+02  -2.2790942E+02  -2.3845596E+02  -2.4803622E+02  -2.5641632E+02  -2.6341360E+02  -2.6883792E+02  -2.7251117E+02  -2.7427347E+02  -2.7399078E+02  -2.7154190E+02  -2.6671939E+02  -2.5944901E+02  -2.4959364E+02  -2.3698312E+02  -2.2140138E+02  -2.0252583E+02  -1.7968692E+02  -1.5313499E+02  -1.2275811E+02  -8.9994164E+01  -5.6885593E+01  -2.8898310E+01  -1.1143887E+01  -3.4494710E+00  -1.0470867E+00  -3.3263120E-01  -2.6493374E-01  -1.3621375E-01  -1.4187373E-02   0.0000000E+00   0.0000000E+00   0.0000000E+00   0.0000000E+00   0.0000000E+00   0.0000000E+00
   0.0000000E+00   0.0000000E+00   0.0000000E+00   0.0000000E+00   0.0000000E+00   0.0000000E+00   0.0000000E+00  -1.2459687E-06  -2.4230671E-05  -1.5894436E-04  -5.4981379E-04  -1.3459937E-03  -2.8987725E-03  -5.6784633E-03  -1.0342057E-02  -1.7779192E-02  -2.9163579E-02  -4.6015639E-02  -7.0283033E-02  -1.0446285E-01  -1.5151127E-01  -2.1505472E-01  -3.0023611E-01  -4.1189763E-01  -5.5613452E-01  -7.4217379E-01  -9.7908700E-01  -1.2803986E+00  -1.6544776E+00  -2.1184800E+00  -2.6897542E+00  -3.3870366E+00  -4.2230868E+00  -5.2636018E+00  -6.4950728E+00  -7.9652638E+00  -9.7101583E+00  -1.1762783E+01  -1.4119061E+01  -1.6935659E+01  -2.0300484E+01  -2.3976254E+01  -2.8457100E+01  -3.3182858E+01  -3.8814968E+01  -4.5190453E+01  -5.2368492E+01  -6.0405766E+01  -6.9356750E+01  -7.9290489E+01  -9.0418427E+01  -1.0370388E+02  -1.1694501E+02  -1.3125098E+02  -1.4659784E+02  -1.6294087E+02  -1.8020979E+02  -1.9830725E+02  -2.1710999E+02  -2.3645540E+02  -2.5615842E+02  -2.7600168E+02  -2.9573917E+02  -3.1509726E+02  -3.3377982E+02  -3.5147284E+02  -3.6785638E+02  -3.8263660E+02  -3.9539206E+02  -4.0583817E+02  -4.1366278E+02  -4.1857541E+02  -4.2031540E+02  -4.1864807E+02  -4.1335159E+02  -4.0415540E+02  -3.9089462E+02  -3.7333490E+02  -3.5119131E+02  -3.2411951E+02  -2.9159982E+02  -2.5259650E+02  -2.0846684E+02  -1.5982448E+02  -1.1064510E+02  -6.2821739E+01  -2.8509985E+01  -9.9984102E+00  -3.0769398E+00  -9.9800617E-01  -3.1110385E-01  -2.3161691E-01  -1.0150909E-01  -7.7750562E-03   0.0000000E+00   0.0000000E+00   0.0000000E+00   0.0000000E+00   0.0000000E+00   0.0000000E+00
   0.0000000E+00   0.0000000E+00   0.0000000E+00   0.0000000E+00   0.0000000E+00   0.0000000E+00   0.0000000E+00  -1.6316646E-06  -3.0512541E-05  -1.9737484E-04  -6.7948626E-04  -1.6630057E-03  -3.5836236E-03  -7.0283841E-03  -1.2821671E-02  -2.2086192E-02  -3.6311701E-02  -5.7441968E-02  -8.7985329E-02  -1.3118722E-01  -1.9089617E-01  -2.7188128E-01  -3.8104016E-01  -5.2476436E-01  -7.1124244E-01  -9.5320034E-01  -1.2631446E+00  -1.6600581E+00  -2.1552978E+00  -2.7733307E+00  -3.5389197E+00  -4.4787655E+00  -5.6112089E+00  -7.0363784E+00  -8.7304773E+00  -1.0766512E+01  -1.3198757E+01  -1.6076540E+01  -1.9400990E+01  -2.3398403E+01  -2.8225958E+01  -3.3502750E+01  -4.0012333E+01  -4.6847088E+01  -5.5096516E+01  -6.4488724E+01  -7.5121902E+01  -8.7091263E+01  -1.0049147E+02  -1.1545302E+02  -1.3236638E+02  -1.5287263E+02  -1.7312807E+02  -1.9508884E+02  -2.1871747E+02  -2.4394298E+02  -2.7065082E+02  -2.9868100E+02  -3.2783221E+02  -3.5782922E+02  -3.8836862E+02  -4.1909079E+02  -4.4958276E+02  -4.7939474E+02  -5.0803888E+02  -5.3500165E+02  -5.5977051E+02  -5.8189355E+02  -6.0061969E+02  -6.1552789E+02  -6.2612006E+02  -6.3193518E+02  -6.3255560E+02  -6.2757776E+02  -6.1664246E+02  -5.9940265E+02  -5.7554150E+02  -5.4468695E+02  -5.0641016E+02  -4.6023166E+02  -4.0543945E+02  -3.4083752E+02  -2.7041516E+02  -1.9630223E+02  -1.2545660E+02  -6.5122833E+01  -2.6627605E+01  -8.8550148E+00  -2.8157339E+00  -9.1161972E-01  -2.7342072E-01  -2.0761579E-01  -7.9561934E-02  -2.6322280E-03   0.0000000E+00   0.0000000E+00   0.0000000E+00   0.0000000E+00   0.0000000E+00   0.0000000E+00
   0.0000000E+00   0.0000000E+00   0.0000000E+00   0.0000000E+00   0.0000000E+00   0.0000000E+00   0.0000000E+00  -2.0992049E-06  -3.7792346E-05  -2.4115395E-04  -8.2637841E-04  -2.0222024E-03  -4.3607471E-03  -8.5637597E-03  -1.5650395E-02  -2.7016928E-02  -4.4527307E-02  -7.0632152E-02  -1.0851793E-01  -1.6234565E-01  -2.3706199E-01  -3.3886316E-01  -4.7687113E-01  -6.5943664E-01  -8.9744920E-01  -1.2082254E+00  -1.6088361E+00  -2.1255636E+00  -2.7738070E+00  -3.5880368E+00  -4.6032481E+00  -5.8572116E+00  -7.3765688E+00  -9.3103600E+00  -1.1620327E+01  -1.4416200E+01  -1.7779087E+01  -2.1782888E+01  -2.6442991E+01  -3.2082508E+01  -3.8950634E+01  -4.6493279E+01  -5.5867310E+01  -6.5686218E+01  -7.7689491E+01  -9.1433327E+01  -1.0707679E+02  -1.2477552E+02  -1.4468980E+02  -1.6705661E+02  -1.9256186E+02  -2.2396605E+02  -2.5466196E+02  -2.8802768E+02  -3.2399548E+02  -3.6244391E+02  -4.0317786E+02  -4.4592786E+02  -4.9035992E+02  -5.3600482E+02  -5.8236694E+02  -6.2885516E+02  -6.7478467E+02  -7.1943005E+02  -7.6200616E+02  -8.0169763E+02  -8.3771790E+02  -8.6940924E+02  -8.9543951E+02  -9.1524249E+02  -9.2805347E+02  -9.3316785E+02  -9.2993292E+02  -9.1767621E+02  -8.9587970E+02  -8.6415338E+02  -8.2194995E+02  -7.6876245E+02  -7.0407880E+02  -6.2743750E+02  -5.3820709E+02  -4.3584378E+02  -3.2968506E+02  -2.2436537E+02  -1.3121216E+02  -6.1085434E+01  -2.2794781E+01  -7.4450774E+00  -2.4939232E+00  -8.4303421E-01  -2.4110256E-01  -1.6806331E-01  -5.4330029E-02  -2.5309240E-03   0.0000000E+00   0.0000000E+00   0.0000000E+00   0.0000000E+00   0.0000000E+00   0.0000000E+00
   0.0000000E+00   0.0000000E+00   0.0000000E+00   0.0000000E+00   0.0000000E+00   0.0000000E+00   0.0000000E+00  -2.6604375E-06  -4.6163004E-05  -2.9066787E-04  -9.9162897E-04  -2.4264466E-03  -5.2367430E-03  -1.0298793E-02  -1.8857088E-02  -3.2627258E-02  -5.3913992E-02  -8.5771777E-02  -1.3220340E-01  -1.9848476E-01  -2.9090890E-01  -4.1744792E-01  -5.9002858E-01  -8.1947637E-01  -1.1201580E+00  -1.5153838E+00  -2.0282731E+00  -2.6948268E+00  -3.5359418E+00  -4.5997152E+00  -5.9352374E+00  -7.5956783E+00  -9.6199617E+00  -1.2226137E+01  -1.5356074E+01  -1.9172594E+01  -2.3796074E+01  -2.9337658E+01  -3.5842129E+01  -4.3766449E+01  -5.3482265E+01  -6.4231598E+01  -7.7645645E+01  -9.1678200E+01  -1.0905294E+02  -1.2905321E+02  -1.5192920E+02  -1.7792708E+02  -2.0731036E+02  -2.4050594E+02  -2.7899911E+02  -3.2629236E+02  -3.7227936E+02  -4.2231223E+02  -4.7624789E+02  -5.3385828E+02  -5.9479254E+02  -6.5858215E+02  -7.2466351E+02  -7.9223022E+02  -8.6048016E+02  -9.2845319E+02  -9.9503455E+02  -1.0590890E+03  -1.1193966E+03  -1.1747197E+03  -1.2239324E+03  -1.2661707E+03  -1.2990580E+03  -1.3219816E+03  -1.3338334E+03  -1.3335962E+03  -1.3202966E+03  -1.2928804E+03  -1.2507629E+03  -1.1937123E+03  -1.1209375E+03  -1.0320131E+03  -9.2672583E+02  -8.0523932E+02  -6.6787769E+02  -5.1653729E+02  -3.6951721E+02  -2.3345372E+02  -1.2208698E+02  -5.2215302E+01  -1.8569401E+01  -6.3097014E+00  -2.2326443E+00  -7.2841656E-01  -1.9740230E-01  -1.3847466E-01  -3.9138023E-02  -6.4721104E-04   0.0000000E+00   0.0000000E+00   0.0000000E+00   0.0000000E+00   0.0000000E+00   0.0000000E+00
   0.0000000E+00   0.0000000E+00   0.0000000E+00   0.0000000E+00   0.0000000E+00   0.0000000E+00   0.0000000E+00  -3.3284716E-06  -5.5724577E-05  -3.4633087E-04  -1.1764639E-03  -2.8788371E-03  -6.2187971E-03  -1.2249040E-02  -2.2473572E-02  -3.8979206E-02  -6.4587623E-02  -1.0307006E-01  -1.5940838E-01  -2.4023119E-01  -3.5347778E-01  -5.0932431E-01  -7.2322017E-01  -1.0091163E+00  -1.3858492E+00  -1.8845290E+00  -2.5362732E+00  -3.3899891E+00  -4.4740758E+00  -5.8551512E+00  -7.6016908E+00  -9.7883310E+00  -1.2472022E+01  -1.5967806E+01  -2.0190647E+01  -2.5379763E+01  -3.1712852E+01  -3.9357624E+01  -4.8412304E+01  -5.9517876E+01  -7.3209602E+01  -8.8494118E+01  -1.0759702E+02  -1.2755582E+02  -1.5258388E+02  -1.8152521E+02  -2.1475792E+02  -2.5265405E+02  -2.9562979E+02  -3.4443878E+02  -4.0227603E+02  -4.7218506E+02  -5.3994507E+02  -6.1353070E+02  -6.9260919E+02  -7.7671851E+02  -8.6519788E+02  -9.5721185E+02  -1.0518016E+03  -1.1475770E+03  -1.2432706E+03  -1.3373608E+03  -1.4280825E+03  -1.5137415E+03  -1.5925358E+03  -1.6627098E+03  -1.7228407E+03  -1.7720092E+03  -1.8058693E+03  -1.8241823E+03  -1.8254902E+03  -1.8084822E+03  -1.7718680E+03  -1.7142435E+03  -1.6355140E+03  -1.5363518E+03  -1.4161024E+03  -1.2753058E+03  -1.1151998E+03  -9.3794507E+02  -7.4628015E+02  -5.4665503E+02  -3.6812305E+02  -2.1519565E+02  -1.0033333E+02  -4.0111614E+01  -1.4211624E+01  -5.1525078E+00  -1.9031291E+00  -6.2397498E-01  -1.6017024E-01  -1.0205688E-01  -2.1919869E-02  -5.5540726E-04   0.0000000E+00   0.0000000E+00   0.0000000E+00   0.0000000E+00   0.0000000E+00   0.0000000E+00
   0.0000000E+00   0.0000000E+00   0.0000000E+00   0.0000000E+00   0.0000000E+00   0.0000000E+00   0.0000000E+00  -4.1177927E-06  -6.6584871E-05  -4.0858766E-04  -1.3822055E-03  -3.3827303E-03  -7.3147379E-03  -1.4431558E-02  -2.6534976E-02  -4.6141732E-02  -7.6678015E-02  -1.2276328E-01  -1.9055043E-01  -2.8830487E-01  -4.2597532E-01  -6.1646813E-01  -8.7964427E-01  -1.2334033E+00  -1.7023249E+00  -2.3276434E+00  -3.1510425E+00  -4.2385411E+00  -5.6288133E+00  -7.4136019E+00  -9.6880455E+00  -1.2556760E+01  -1.6102907E+01  -2.0777643E+01  -2.6459774E+01  -3.3498039E+01  -4.2153595E+01  -5.2679813E+01  -6.5264999E+01  -8.0801270E+01  -1.0004299E+02  -1.2172828E+02  -1.4881541E+02  -1.7704755E+02  -2.1289337E+02  -2.5447475E+02  -3.0232947E+02  -3.5698401E+02  -4.1908810E+02  -4.9068668E+02  -5.7568024E+02  -6.7650970E+02  -7.7379138E+02  -8.7876837E+02  -9.9065808E+02  -1.1084996E+03  -1.2310306E+03  -1.3567634E+03  -1.4840963E+03  -1.6106554E+03  -1.7345420E+03  -1.8534420E+03  -1.9646555E+03  -2.0658110E+03  -2.1544067E+03  -2.2281746E+03  -2.2857407E+03  -2.3265994E+03  -2.3424395E+03  -2.3346970E+03  -2.3018804E+03  -2.2428511E+03  -2.1565835E+03  -2.0422156E+03  -1.9022188E+03  -1.7403944E+03  -1.5577244E+03  -1.3577880E+03  -1.1450909E+03  -9.2482562E+02  -7.0185199E+02  -4.8574442E+02  -3.1030649E+02  -1.6980942E+02  -7.0622818E+01  -2.8433168E+01  -1.0541008E+01  -4.1937122E+00  -1.5945187E+00  -4.8968533E-01  -1.1714659E-01  -7.5005002E-02  -1.5468446E-02  -2.3174046E-04   0.0000000E+00   0.0000000E+00   0.0000000E+00   0.0000000E+00   0.0000000E+00   0.0000000E+00
   0.0000000E+00   0.0000000E+00   0.0000000E+00   0.0000000E+00   0.0000000E+00   0.0000000E+00   0.0000000E+00  -5.0443878E-06  -7.8860088E-05  -4.7791618E-04  -1.6102802E-03  -3.9417683E-03  -8.5331080E-03  -1.6865078E-02  -3.1080142E-02  -5.4191649E-02  -9.0330884E-02  -1.4511888E-01  -2.2610632E-01  -3.4353527E-01  -5.0980461E-01  -7.4119854E-01  -1.0630918E+00  -1.4983784E+00  -2.0790150E+00  -2.8593624E+00  -3.8950510E+00  -5.2747831E+00  -7.0513344E+00  -9.3505154E+00  -1.2304152E+01  -1.6058807E+01  -2.0735367E+01  -2.6976055E+01  -3.4611050E+01  -4.4145584E+01  -5.5961777E+01  -7.0441727E+01  -8.7917259E+01  -1.0961941E+02  -1.3659399E+02  -1.6727141E+02  -2.0549088E+02  -2.4512057E+02  -2.9604083E+02  -3.5515765E+02  -4.2316168E+02  -5.0071823E+02  -5.8880988E+02  -6.9251410E+02  -8.1352301E+02  -9.5379736E+02  -1.0877990E+03  -1.2304624E+03  -1.3800437E+03  -1.5346230E+03  -1.6918754E+03  -1.8492750E+03  -2.0043107E+03  -2.1530107E+03  -2.2927900E+03  -2.4202805E+03  -2.5314114E+03  -2.6230427E+03  -2.6918506E+03  -2.7352715E+03  -2.7530645E+03  -2.7461047E+03  -2.6981367E+03  -2.6161340E+03  -2.5003928E+03  -2.3524031E+03  -2.1743967E+03  -1.9699032E+03  -1.7491515E+03  -1.5229210E+03  -1.2955945E+03  -1.0743199E+03  -8.6480554E+02  -6.7023401E+02  -4.9008313E+02  -3.2762482E+02  -2.0702634E+02  -1.1117291E+02  -4.3345188E+01  -1.8651087E+01  -7.5402613E+00  -3.2535355E+00  -1.2387902E+00  -3.7195724E-01  -8.3703533E-02  -4.7842894E-02  -5.4624458E-03   0.0000000E+00   0.0000000E+00   0.0000000E+00   0.0000000E+00   0.0000000E+00   0.0000000E+00   0.0000000E+00
   0.0000000E+00   0.0000000E+00   0.0000000E+00   0.0000000E+00   0.0000000E+00   0.0000000E+00   0.0000000E+00  -6.1258852E-06  -9.2675589E-05  -5.5483059E-04  -1.8622293E-03  -4.5599053E-03  -9.8832399E-03  -1.9570196E-02  -3.6152083E-02  -6.3214660E-02  -1.0571011E-01  -1.7044021E-01  -2.6662168E-01  -4.0688059E-01  -6.0660201E-01  -8.8624638E-01  -1.2780720E+00  -1.8113006E+00  -2.5273681E+00  -3.4976430E+00  -4.7961679E+00  -6.5417314E+00  -8.8064966E+00  -1.1762475E+01  -1.5592027E+01  -2.0500492E+01  -2.6662424E+01  -3.4988712E+01  -4.5243443E+01  -5.8154587E+01  -7.4278358E+01  -9.4187454E+01  -1.1843103E+02  -1.4868875E+02  -1.8638506E+02  -2.2958376E+02  -2.8313620E+02  -3.3811121E+02  -4.0952979E+02  -4.9220703E+02  -5.8686353E+02  -6.9415601E+02  -8.1545813E+02  -9.6165002E+02  -1.1259795E+03  -1.3106470E+03  -1.4835029E+03  -1.6630288E+03  -1.8457233E+03  -2.0281240E+03  -2.2063201E+03  -2.3764268E+03  -2.5348794E+03  -2.6750342E+03  -2.7937620E+03  -2.8860771E+03  -2.9471113E+03  -2.9725410E+03  -2.9567173E+03  -2.8980640E+03  -2.8009683E+03  -2.6699841E+03  -2.4773916E+03  -2.2470728E+03  -1.9885803E+03  -1.7138684E+03  -1.4355217E+03  -1.1668801E+03  -9.2623291E+02  -7.2465948E+02  -5.6087128E+02  -4.3338791E+02  -3.3685178E+02  -2.6285211E+02  -2.0100333E+02  -1.4405684E+02  -1.0164824E+02  -5.9481419E+01  -2.3489799E+01  -1.1764306E+01  -5.2818899E+00  -2.4421537E+00  -9.2112988E-01  -2.4755815E-01  -5.2450236E-02  -3.0581005E-02  -5.9491033E-03  -5.1890358E-05   0.0000000E+00   0.0000000E+00   0.0000000E+00   0.0000000E+00   0.0000000E+00   0.0000000E+00
   0.0000000E+00   0.0000000E+00   0.0000000E+00   0.0000000E+00   0.0000000E+00   0.0000000E+00   0.0000000E+00  -7.3817059E-06  -1.0816666E-04  -6.3988467E-04  -2.1397194E-03  -5.2414401E-03  -1.1375340E-02  -2.2569599E-02  -4.1798521E-02  -7.3306590E-02  -1.2300044E-01  -1.9907226E-01  -3.1272274E-01  -4.7945109E-01  -7.1828228E-01  -1.0548394E+00  -1.5299709E+00  -2.1809309E+00  -3.0613461E+00  -4.2646289E+00  -5.8891392E+00  -8.0936298E+00  -1.0976956E+01  -1.4773826E+01  -1.9736311E+01  -2.6152168E+01  -3.4271332E+01  -4.5383362E+01  -5.9160591E+01  -7.6646233E+01  -9.8643997E+01  -1.2600208E+02  -1.5958064E+02  -2.0163286E+02  -2.5404796E+02  -3.1441110E+02  -3.8863000E+02  -4.6347443E+02  -5.6164093E+02  -6.7432281E+02  -8.0197607E+02  -9.4695184E+02  -1.1068976E+03  -1.3005757E+03  -1.5083793E+03  -1.7315159E+03  -1.9325872E+03  -2.1325266E+03  -2.3251614E+03  -2.5050352E+03  -2.6662131E+03  -2.8054036E+03  -2.9175552E+03  -2.9888718E+03  -3.0158318E+03  -2.9906570E+03  -2.9051523E+03  -2.7564722E+03  -2.5435105E+03  -2.2758892E+03  -1.9757007E+03  -1.6596400E+03  -1.3046089E+03  -9.6766595E+02  -6.7257703E+02  -4.3533740E+02  -2.6106882E+02  -1.4541905E+02  -7.8382668E+01  -4.4281929E+01  -2.8607193E+01  -2.3195982E+01  -2.3838537E+01  -2.8281326E+01  -3.3685158E+01  -3.5850674E+01  -3.6010654E+01  -2.6859711E+01  -1.2029443E+01  -7.1939273E+00  -3.6101096E+00  -1.7570208E+00  -6.4351279E-01  -1.6504641E-01  -3.5184678E-02  -1.6514154E-02  -6.6524127E-04   0.0000000E+00   0.0000000E+00   0.0000000E+00   0.0000000E+00   0.0000000E+00   0.0000000E+00   0.0000000E+00
   0.0000000E+00   0.0000000E+00   0.0000000E+00   0.0000000E+00   0.0000000E+00   0.0000000E+00   0.0000000E+00  -8.8332317E-06  -1.2547942E-04  -7.3367526E-04  -2.4445548E-03  -5.9910538E-03  -1.3020592E-02  -2.5888303E-02  -4.8072483E-02  -8.4574781E-02  -1.4241058E-01  -2.3140831E-01  -3.6513028E-01  -5.6253749E-01  -8.4709418E-01  -1.2508074E+00  -1.8252482E+00  -2.6178918E+00  -3.6980636E+00  -5.1877713E+00  -7.2175274E+00  -9.9992828E+00  -1.3668674E+01  -1.8545603E+01  -2.4978449E+01  -3.3370472E+01  -4.4075890E+01  -5.8919441E+01  -7.7441559E+01  -1.0112780E+02  -1.3112636E+02  -1.6866818E+02  -2.1502528E+02  -2.7313766E+02  -3.4539661E+02  -4.2866937E+02  -5.2972412E+02  -6.2862634E+02  -7.5934692E+02  -9.0686823E+02  -1.0706553E+03  -1.2522013E+03  -1.4549735E+03  -1.6898453E+03  -1.9259380E+03  -2.1610984E+03  -2.3587712E+03  -2.5402937E+03  -2.6985798E+03  -2.8221709E+03  -2.9020786E+03  -2.9328926E+03  -2.9068247E+03  -2.8014348E+03  -2.6182275E+03  -2.3536597E+03  -2.0106799E+03  -1.6131002E+03  -1.1948889E+03  -8.0309052E+02  -4.8246164E+02  -2.4871097E+02  -9.0753151E+01  -1.7817953E+01   0.0000000E+00  -1.3281143E-01  -2.5605386E-01  -2.6075646E-01  -2.2203425E-01  -1.8478784E-01  -1.6412959E-01  -1.6204736E-01  -1.7477927E-01  -2.5331843E-01  -2.7316833E+00  -6.2193999E+00  -1.0668785E+01  -1.1308788E+01  -6.1770468E+00  -4.4373593E+00  -2.4643486E+00  -1.2476569E+00  -4.5043021E-01  -1.0841895E-01  -2.2307636E-02  -1.1457917E-02  -2.5712603E-03   0.0000000E+00   0.0000000E+00   0.0000000E+00   0.0000000E+00   0.0000000E+00   0.0000000E+00   0.0000000E+00
   0.0000000E+00   0.0000000E+00   0.0000000E+00   0.0000000E+00   0.0000000E+00   0.0000000E+00   0.0000000E+00  -1.0503992E-05  -1.4477181E-04  -8.3684659E-04  -2.7786919E-03  -6.8138479E-03  -1.4831265E-02  -2.9553961E-02  -5.5033021E-02  -9.7139739E-02  -1.6417691E-01  -2.6789805E-01  -4.2467642E-01  -6.5764534E-01  -9.9568844E-01  -1.4787132E+00  -2.1716878E+00  -3.1351285E+00  -4.4586124E+00  -6.3012967E+00  -8.8362713E+00  -1.2346498E+01  -1.7018332E+01  -2.3287617E+01  -3.1635950E+01  -4.2628109E+01  -5.6759785E+01  -7.6613846E+01  -1.0153202E+02  -1.3361188E+02  -1.7446375E+02  -2.2581537E+02  -2.8941739E+02  -3.6892752E+02  -4.6711761E+02  -5.7962927E+02  -7.1336871E+02  -8.3807513E+02  -1.0038900E+03  -1.1857803E+03  -1.3846475E+03  -1.5936876E+03  -1.8248270E+03  -2.0761936E+03  -2.3034832E+03  -2.5012373E+03  -2.6447332E+03  -2.7475449E+03  -2.7951174E+03  -2.7716172E+03  -2.6652100E+03  -2.4727097E+03  -2.1925383E+03  -1.8138723E+03  -1.3804946E+03  -9.3544641E+02  -5.3403479E+02  -2.3563266E+02  -6.5586662E+01  -5.8661518E+00   0.0000000E+00   0.0000000E+00  -2.0755380E-02  -1.0283933E-02  -1.8136696E-03  -2.9017269E-07  -8.7301072E-04  -2.7583255E-03  -4.2929440E-03  -7.5057675E-03  -3.5380591E-02  -5.5105008E-02  -6.6942938E-02  -9.6803859E-02  -6.9221002E-01  -1.5339468E+00  -3.4501526E+00  -4.9242725E+00  -3.3085732E+00  -2.7565284E+00  -1.6607443E+00  -8.6098385E-01  -3.0392417E-01  -7.5306125E-02  -1.8201802E-02  -5.8617145E-03  -2.8342174E-06   0.0000000E+00   0.0000000E+00   0.0000000E+00   0.0000000E+00   0.0000000E+00   0.0000000E+00   0.0000000E+00
   0.0000000E+00   0.0000000E+00   0.0000000E+00   0.0000000E+00   0.0000000E+00   0.0000000E+00   0.0000000E+00  -1.2419863E-05  -1.6621467E-04  -9.5009489E-04  -3.1442537E-03  -7.7153919E-03  -1.6820842E-02  -3.3597179E-02  -6.2746033E-02  -1.1113710E-01  -1.8856794E-01  -3.0905712E-01  -4.9232519E-01  -7.6653743E-01  -1.1672029E+00  -1.7440182E+00  -2.5787153E+00  -3.7485020E+00  -5.3691363E+00  -7.6481400E+00  -1.0815100E+01  -1.5248071E+01  -2.1203369E+01  -2.9274897E+01  -4.0128624E+01  -5.4554077E+01  -7.3233772E+01  -9.9825691E+01  -1.3335539E+02  -1.7674731E+02  -2.3219183E+02  -3.0198340E+02  -3.8828305E+02  -4.9526559E+02  -6.2559723E+02  -7.7270288E+02  -9.4197888E+02  -1.0881631E+03  -1.2839155E+03  -1.4929065E+03  -1.7022806E+03  -1.9234286E+03  -2.1514019E+03  -2.3793567E+03  -2.5450464E+03  -2.6206838E+03  -2.6301763E+03  -2.5620032E+03  -2.3918542E+03  -2.1074863E+03  -1.7003612E+03  -1.2550753E+03  -8.0499048E+02  -4.0726154E+02  -1.4182803E+02  -2.1482674E+01   0.0000000E+00   0.0000000E+00   0.0000000E+00  -2.1230011E-05  -1.8882005E-07   0.0000000E+00  -1.0363187E-05  -1.8019809E-03  -2.6448950E-04  -1.8496969E-07  -8.9491863E-05  -1.2799633E-03  -2.5116885E-03  -5.9895278E-03  -2.2651533E-02  -4.0574968E-02  -6.1100297E-02  -9.2545070E-02  -2.9100081E-01  -5.7430100E-01  -1.3513938E+00  -2.3101881E+00  -1.8424268E+00  -1.7264212E+00  -1.1070099E+00  -5.8186400E-01  -2.0224564E-01  -4.7732148E-02  -1.0887654E-02  -3.8475709E-03  -9.4222481E-04   0.0000000E+00   0.0000000E+00   0.0000000E+00   0.0000000E+00   0.0000000E+00   0.0000000E+00   0.0000000E+00
   0.0000000E+00   0.0000000E+00   0.0000000E+00   0.0000000E+00   0.0000000E+00   0.0000000E+00   0.0000000E+00  -1.4609303E-05  -1.8999298E-04  -1.0741733E-03  -3.5435476E-03  -8.7017762E-03  -1.9004164E-02  -3.8051903E-02  -7.1285196E-02  -1.2671988E-01  -2.1588938E-01  -3.5547861E-01  -5.6919718E-01  -8.9128584E-01  -1.3653684E+00  -2.0532901E+00  -3.0578053E+00  -4.4775600E+00  -6.4622440E+00  -9.2825117E+00  -1.3243104E+01  -1.8849884E+01  -2.6455667E+01  -3.6870113E+01  -5.1014179E+01  -6.9987366E+01  -9.4709000E+01  -1.3035959E+02  -1.7543294E+02  -2.3392670E+02  -3.0866782E+02  -4.0241943E+02  -5.1734894E+02  -6.5746240E+02  -8.2418829E+02  -1.0070828E+03  -1.2072306E+03  -1.3602361E+03  -1.5689045E+03  -1.7851053E+03  -1.9756960E+03  -2.1741965E+03  -2.3629038E+03  -2.5203093E+03  -2.5347908E+03  -2.3437668E+03  -2.1133701E+03  -1.7779908E+03  -1.3383411E+03  -8.4080530E+02  -3.6538788E+02  -8.7946518E+01  -2.8934529E+00   0.0000000E+00   0.0000000E+00   0.0000000E+00   0.0000000E+00   0.0000000E+00   0.0000000E+00   0.0000000E+00   0.0000000E+00   0.0000000E+00  -2.7546382E-06  -3.3530468E-04  -3.5239031E-05  -7.9857081E-08  -1.5147258E-05  -5.1141303E-04  -1.1173417E-03  -3.0740702E-03  -1.0157462E-02  -2.0307681E-02  -3.7287187E-02  -6.1614394E-02  -1.3661431E-01  -2.5685158E-01  -6.0655737E-01  -1.1537361E+00  -1.0456133E+00  -1.0715853E+00  -7.1825933E-01  -3.7770525E-01  -1.2597431E-01  -2.9267972E-02  -6.7526591E-03  -1.2220651E-03   0.0000000E+00   0.0000000E+00   0.0000000E+00   0.0000000E+00   0.0000000E+00   0.0000000E+00   0.0000000E+00   0.0000000E+00
   0.0000000E+00   0.0000000E+00   0.0000000E+00   0.0000000E+00   0.0000000E+00   0.0000000E+00   0.0000000E+00  -1.7103599E-05  -2.1630715E-04  -1.2098972E-03  -3.9790845E-03  -9.7796675E-03  -2.1397600E-02  -4.2955864E-02  -8.0733106E-02  -1.4406115E-01  -2.4649048E-01  -4.0784726E-01  -6.5660030E-01  -1.0343369E+00  -1.5946413E+00  -2.4144695E+00  -3.6230080E+00  -5.3465447E+00  -7.7788849E+00  -1.1273348E+01  -1.6234936E+01  -2.3341969E+01  -3.3080242E+01  -4.6554195E+01  -6.5036240E+01  -9.0046959E+01  -1.2278571E+02  -1.7057738E+02  -2.3097809E+02  -3.0928198E+02  -4.0880481E+02  -5.3226825E+02  -6.8079083E+02  -8.5675165E+02  -1.0584291E+03  -1.2694691E+03  -1.4834293E+03  -1.6172417E+03  -1.8147480E+03  -2.0048396E+03  -2.1459563E+03  -2.2931431E+03  -2.4083589E+03  -2.4191389E+03  -2.1307969E+03  -1.5211747E+03  -9.9398169E+02  -4.8156357E+02  -1.2385461E+02  -3.5851510E+00   0.0000000E+00   0.0000000E+00   0.0000000E+00   0.0000000E+00   0.0000000E+00   0.0000000E+00   0.0000000E+00   0.0000000E+00   0.0000000E+00   0.0000000E+00   0.0000000E+00   0.0000000E+00  -8.0406210E-07  -6.5767359E-05  -4.6973209E-06   0.0000000E+00  -4.4167382E-06  -2.0120594E-04  -4.9190671E-04  -1.4976989E-03  -4.4520125E-03  -9.6098771E-03  -1.9054990E-02  -3.2057498E-02  -6.0677327E-02  -1.1696972E-01  -2.8649226E-01  -5.9310502E-01  -5.9188271E-01  -6.5499663E-01  -4.5348418E-01  -2.3647384E-01  -7.4651062E-02  -1.5683044E-02  -3.3674024E-03  -9.4865798E-04  -3.5885478E-05   0.0000000E+00   0.0000000E+00   0.0000000E+00   0.0000000E+00   0.0000000E+00   0.0000000E+00   0.0000000E+00
   0.0000000E+00   0.0000000E+00   0.0000000E+00   0.0000000E+00   0.0000000E+00   0.0000000E+00  -3.7979217E-07  -1.9937139E-05  -2.4537457E-04  -1.3581517E-03  -4.4536018E-03  -1.0956381E-02  -2.4019230E-02  -4.8351079E-02  -9.1182567E-02  -1.6335727E-01  -2.8077146E-01  -4.6695617E-01  -7.5606686E-01  -1.1985919E+00  -1.8603733E+00  -2.8372102E+00  -4.2916365E+00  -6.3857322E+00  -9.3708544E+00  -1.3708963E+01  -1.9939247E+01  -2.8973661E+01  -4.1480927E+01  -5.8967922E+01  -8.3187927E+01  -1.1621895E+02  -1.5954858E+02  -2.2348602E+02  -3.0387811E+02  -4.0738138E+02  -5.3717426E+02  -6.9464288E+02  -8.7785699E+02  -1.0853635E+03  -1.3101355E+03  -1.5282910E+03  -1.7111515E+03  -1.8148488E+03  -1.9710348E+03  -2.1095452E+03  -2.1827476E+03  -2.2575879E+03  -2.2322854E+03  -1.9100669E+03  -1.0928931E+03  -2.7803336E+02  -2.4207634E+01   0.0000000E+00   0.0000000E+00   0.0000000E+00   0.0000000E+00   0.0000000E+00   0.0000000E+00   0.0000000E+00   0.0000000E+00   0.0000000E+00   0.0000000E+00   0.0000000E+00   0.0000000E+00   0.0000000E+00   0.0000000E+00   0.0000000E+00   0.0000000E+00  -1.3707616E-05  -6.0703604E-07   0.0000000E+00  -1.8672949E-06  -7.8800767E-05  -2.1551804E-04  -7.0358871E-04  -1.9267763E-03  -4.4265408E-03  -9.7311195E-03  -1.5494405E-02  -2.4792053E-02  -5.0237957E-02  -1.3391049E-01  -3.0449066E-01  -3.2911035E-01  -3.9093649E-01  -2.7710530E-01  -1.4099196E-01  -4.0590543E-02  -7.5892163E-03  -1.4173746E-03   0.0000000E+00   0.0000000E+00   0.0000000E+00   0.0000000E+00   0.0000000E+00   0.0000000E+00   0.0000000E+00   0.0000000E+00   0.0000000E+00
   0.0000000E+00   0.0000000E+00   0.0000000E+00   0.0000000E+00   0.0000000E+00   0.0000000E+00  -5.2280620E-07  -2.3147737E-05  -2.7743130E-04  -1.5198973E-03  -4.9700863E-03  -1.2239951E-02  -2.6889073E-02  -5.4284465E-02  -1.0273812E-01  -1.8483162E-01  -3.1919253E-01  -5.3372777E-01  -8.6940038E-01  -1.3875086E+00  -2.1690254E+00  -3.3333216E+00  -5.0851693E+00  -7.6332107E+00  -1.1304188E+01  -1.6703417E+01  -2.4550304E+01  -3.6074562E+01  -5.2195557E+01  -7.4967812E+01  -1.0679317E+02  -1.5045512E+02  -2.0764011E+02  -2.9272086E+02  -3.9838269E+02  -5.3229413E+02  -6.9599341E+02  -8.8714655E+02  -1.0980713E+03  -1.3216426E+03  -1.5453019E+03  -1.7420127E+03  -1.8590356E+03  -1.9135900E+03  -2.0122157E+03  -2.0906404E+03  -2.0870071E+03  -2.0306040E+03  -1.6731224E+03  -8.1246875E+02  -7.0698135E+01   0.0000000E+00   0.0000000E+00   0.0000000E+00   0.0000000E+00   0.0000000E+00   0.0000000E+00   0.0000000E+00   0.0000000E+00   0.0000000E+00   0.0000000E+00   0.0000000E+00   0.0000000E+00   0.0000000E+00   0.0000000E+00   0.0000000E+00   0.0000000E+00   0.0000000E+00   0.0000000E+00  -3.0252622E-06  -7.4979148E-08   0.0000000E+00  -9.2705039E-07  -3.0920608E-05  -9.4188130E-05  -3.2017261E-04  -8.3029311E-04  -2.0178652E-03  -4.7233496E-03  -7.1690786E-03  -1.0325545E-02  -2.1027453E-02  -6.1146904E-02  -1.5468328E-01  -1.8040781E-01  -2.3067801E-01  -1.6665599E-01  -8.1856325E-02  -2.0784386E-02  -2.9976098E-03  -5.0052901E-04  -2.3118391E-04   0.0000000E+00   0.0000000E+00   0.0000000E+00   0.0000000E+00   0.0000000E+00   0.0000000E+00   0.0000000E+00   0.0000000E+00
   0.0000000E+00   0.0000000E+00   0.0000000E+00   0.0000000E+00   0.0000000E+00   0.0000000E+00  -7.0243732E-07  -2.6776961E-05  -3.1273384E-04  -1.6961790E-03  -5.5318037E-03  -1.3639224E-02  -3.0029338E-02  -6.0808510E-02  -1.1551788E-01  -2.0873918E-01  -3.6228478E-01  -6.0923928E-01  -9.9873364E-01  -1.6052309E+00  -2.5284464E+00  -3.9173477E+00  -6.0304523E+00  -9.1372919E+00  -1.3663789E+01  -2.0405277E+01  -3.0324070E+01  -4.5083519E+01  -6.5943962E+01  -9.5699425E+01  -1.3760349E+02  -1.9526053E+02  -2.7024213E+02  -3.8225555E+02  -5.1818170E+02  -6.8557764E+02  -8.8168298E+02  -1.0973621E+03  -1.3174181E+03  -1.5312009E+03  -1.7271279E+03  -1.8721439E+03  -1.9019011E+03  -1.9051747E+03  -1.9475681E+03  -1.9586908E+03  -1.8288729E+03  -1.4515056E+03  -6.0755408E+02  -1.7168322E+01   0.0000000E+00   0.0000000E+00   0.0000000E+00   0.0000000E+00   0.0000000E+00   0.0000000E+00   0.0000000E+00   0.0000000E+00   0.0000000E+00   0.0000000E+00   0.0000000E+00   0.0000000E+00   0.0000000E+00   0.0000000E+00   0.0000000E+00   0.0000000E+00   0.0000000E+00   0.0000000E+00   0.0000000E+00  -6.9955070E-07   0.0000000E+00   0.0000000E+00  -4.3726624E-07  -1.2201715E-05  -4.1111482E-05  -1.4273603E-04  -3.5789184E-04  -9.1844954E-04  -2.2657809E-03  -3.2509221E-03  -4.0192930E-03  -8.9642191E-03  -2.8581887E-02  -8.0200419E-02  -1.0087664E-01  -1.3841194E-01  -1.0218421E-01  -4.8001230E-02  -1.0264821E-02  -1.0038774E-03  -8.9200483E-05   0.0000000E+00   0.0000000E+00   0.0000000E+00   0.0000000E+00   0.0000000E+00   0.0000000E+00   0.0000000E+00   0.0000000E+00   0.0000000E+00
   0.0000000E+00   0.0000000E+00   0.0000000E+00   0.0000000E+00   0.0000000E+00   0.0000000E+00  -9.2484601E-07  -3.0870531E-05  -3.5156132E-04  -1.8881349E-03  -6.1423313E-03  -1.5163952E-02  -3.3464711E-02  -6.7982107E-02  -1.2965566E-01  -2.3537196E-01  -4.1066366E-01  -6.9475442E-01  -1.1466014E+00  -1.8567532E+00  -2.9482327E+00  -4.6073303E+00  -7.1613145E+00  -1.0959800E+01  -1.6559834E+01  -2.5009838E+01  -3.7600616E+01  -5.6588737E+01  -8.3692390E+01  -1.2268852E+02  -1.7789537E+02  -2.5371037E+02  -3.5081934E+02  -4.9554105E+02  -6.6446094E+02  -8.6296411E+02  -1.0807341E+03  -1.3001121E+03  -1.5029713E+03  -1.6801930E+03  -1.8226733E+03  -1.8772761E+03  -1.8467933E+03  -1.8087853E+03  -1.7931162E+03  -1.6815178E+03  -1.2453440E+03  -4.4627951E+02  -1.1529105E+00   0.0000000E+00   0.0000000E+00   0.0000000E+00   0.0000000E+00   0.0000000E+00   0.0000000E+00   0.0000000E+00   0.0000000E+00   0.0000000E+00   0.0000000E+00   0.0000000E+00   0.0000000E+00   0.0000000E+00   0.0000000E+00   0.0000000E+00   0.0000000E+00   0.0000000E+00   0.0000000E+00   0.0000000E+00   0.0000000E+00   0.0000000E+00   0.0000000E+00   0.0000000E+00  -1.9993804E-07  -4.8555703E-06  -1.7950215E-05  -6.2872641E-05  -1.5487584E-04  -4.1899347E-04  -1.0814534E-03  -1.4658171E-03  -1.6214270E-03  -3.7489964E-03  -1.3288113E-02  -4.1767854E-02  -5.7536043E-02  -8.4171951E-02  -6.3349113E-02  -2.8892357E-02  -5.4519484E-03  -3.2054217E-04  -1.0376052E-05  -3.7952427E-07   0.0000000E+00   0.0000000E+00   0.0000000E+00   0.0000000E+00   0.0000000E+00   0.0000000E+00   0.0000000E+00   0.0000000E+00
   0.0000000E+00   0.0000000E+00   0.0000000E+00   0.0000000E+00   0.0000000E+00   0.0000000E+00  -1.1969403E-06  -3.5478748E-05  -3.9421784E-04  -2.0970060E-03  -6.8055918E-03  -1.6824916E-02  -3.7222710E-02  -7.5871497E-02  -1.4530356E-01  -2.6506570E-01  -4.6504518E-01  -7.9176283E-01  -1.3160336E+00  -2.1481335E+00  -3.4402018E+00  -5.4258308E+00  -8.5207710E+00  -1.3180615E+01  -2.0136719E+01  -3.0776260E+01  -4.6835495E+01  -7.1382889E+01  -1.0673705E+02  -1.5794234E+02  -2.3052356E+02  -3.2926443E+02  -4.5236813E+02  -6.3368860E+02  -8.3276764E+02  -1.0506124E+03  -1.2678958E+03  -1.4647328E+03  -1.6239485E+03  -1.7440547E+03  -1.8014725E+03  -1.7945924E+03  -1.7186818E+03  -1.6405178E+03  -1.5097285E+03  -1.0918140E+03  -3.2252899E+02   0.0000000E+00   0.0000000E+00   0.0000000E+00   0.0000000E+00   0.0000000E+00   0.0000000E+00   0.0000000E+00   0.0000000E+00   0.0000000E+00   0.0000000E+00   0.0000000E+00   0.0000000E+00   0.0000000E+00   0.0000000E+00   0.0000000E+00   0.0000000E+00   0.0000000E+00   0.0000000E+00   0.0000000E+00   0.0000000E+00   0.0000000E+00   0.0000000E+00   0.0000000E+00   0.0000000E+00   0.0000000E+00   0.0000000E+00  -1.9541192E-06  -7.8562425E-06  -2.7537992E-05  -6.7476649E-05  -1.9216017E-04  -5.1645545E-04  -6.6560070E-04  -6.7861436E-04  -1.6314300E-03  -6.4157597E-03  -2.2337530E-02  -3.3360530E-02  -5.1790733E-02  -3.9770856E-02  -1.7749669E-02  -3.0155350E-03  -1.2332718E-04  -9.8456974E-07   0.0000000E+00   0.0000000E+00   0.0000000E+00   0.0000000E+00   0.0000000E+00   0.0000000E+00   0.0000000E+00   0.0000000E+00   0.0000000E+00
   0.0000000E+00   0.0000000E+00   0.0000000E+00   0.0000000E+00   0.0000000E+00   0.0000000E+00  -1.5264608E-06  -4.0656967E-05  -4.4103505E-04  -2.3241485E-03  -7.5258957E-03  -1.8634053E-02  -4.1334067E-02  -8.4551416E-02  -1.6263506E-01  -2.9820776E-01  -5.2626628E-01  -9.0202975E-01  -1.5106733E+00  -2.4867711E+00  -4.0190215E+00  -6.4013157E+00  -1.0164056E+01  -1.5904060E+01  -2.4585716E+01  -3.8051876E+01  -5.8643608E+01  -9.0537323E+01  -1.3680466E+02  -2.0403091E+02  -2.9882263E+02  -4.2513269E+02  -5.7583978E+02  -7.9253992E+02  -1.0095818E+03  -1.2239662E+03  -1.4149283E+03  -1.5636267E+03  -1.6628398E+03  -1.7028103E+03  -1.7052977E+03  -1.6503545E+03  -1.5323788E+03  -1.3531289E+03  -9.2924634E+02  -2.3973471E+02   0.0000000E+00   0.0000000E+00   0.0000000E+00   0.0000000E+00   0.0000000E+00   0.0000000E+00   0.0000000E+00   0.0000000E+00   0.0000000E+00   0.0000000E+00   0.0000000E+00   0.0000000E+00   0.0000000E+00   0.0000000E+00   0.0000000E+00   0.0000000E+00   0.0000000E+00   0.0000000E+00   0.0000000E+00   0.0000000E+00   0.0000000E+00   0.0000000E+00   0.0000000E+00   0.0000000E+00   0.0000000E+00   0.0000000E+00   0.0000000E+00  -7.9715244E-07  -3.4531183E-06  -1.2050323E-05  -2.9661129E-05  -8.8807399E-05  -2.4784487E-04  -3.0731002E-04  -2.9431866E-04  -7.3755533E-04  -3.2062812E-03  -1.2238392E-02  -1.9634701E-02  -3.2199342E-02  -2.5222231E-02  -1.1067839E-02  -1.7196876E-03  -5.3998680E-05  -2.7485774E-07   0.0000000E+00   0.0000000E+00   0.0000000E+00   0.0000000E+00   0.0000000E+00   0.0000000E+00   0.0000000E+00   0.0000000E+00   0.0000000E+00
   0.0000000E+00   0.0000000E+00   0.0000000E+00   0.0000000E+00   0.0000000E+00   0.0000000E+00  -1.9220754E-06  -4.6466146E-05  -4.9237517E-04  -2.5710464E-03  -8.3079906E-03  -2.0604609E-02  -4.5833211E-02  -9.4106443E-02  -1.8184866E-01  -3.3524710E-01  -5.9531003E-01  -1.0276591E+00  -1.7349303E+00  -2.8817728E+00  -4.7030554E+00  -7.5700507E+00  -1.2162878E+01  -1.9267962E+01  -3.0163113E+01  -4.7306793E+01  -7.3860062E+01  -1.1549754E+02  -1.7615315E+02  -2.6406870E+02  -3.8614166E+02  -5.4284418E+02  -7.1760498E+02  -9.5945813E+02  -1.1716121E+03  -1.3570659E+03  -1.4973091E+03  -1.5845238E+03  -1.6068728E+03  -1.5988269E+03  -1.5582825E+03  -1.4542549E+03  -1.2316505E+03  -7.7928235E+02  -1.6118712E+02   0.0000000E+00   0.0000000E+00   0.0000000E+00   0.0000000E+00   0.0000000E+00   0.0000000E+00   0.0000000E+00   0.0000000E+00   0.0000000E+00   0.0000000E+00   0.0000000E+00   0.0000000E+00   0.0000000E+00   0.0000000E+00   0.0000000E+00   0.0000000E+00   0.0000000E+00   0.0000000E+00   0.0000000E+00   0.0000000E+00   0.0000000E+00   0.0000000E+00   0.0000000E+00   0.0000000E+00   0.0000000E+00   0.0000000E+00   0.0000000E+00   0.0000000E+00  -3.3012626E-07  -1.5266315E-06  -5.2863652E-06  -1.3174660E-05  -4.1433934E-05  -1.1991092E-04  -1.4514154E-04  -1.3199316E-04  -3.4553051E-04  -1.6535063E-03  -6.8553071E-03  -1.1722344E-02  -2.0218838E-02  -1.6138529E-02  -6.9849505E-03  -1.0044145E-03  -2.5309324E-05  -9.4338432E-08   0.0000000E+00   0.0000000E+00   0.0000000E+00   0.0000000E+00   0.0000000E+00   0.0000000E+00   0.0000000E+00   0.0000000E+00   0.0000000E+00
   0.0000000E+00   0.0000000E+00   0.0000000E+00   0.0000000E+00   0.0000000E+00   0.0000000E+00  -2.3934856E-06  -5.2973446E-05  -5.4863427E-04  -2.8393259E-03  -9.1571137E-03  -2.2751322E-02  -5.0758809E-02  -1.0463259E-01  -2.0317249E-01  -3.7670636E-01  -6.7333740E-01  -1.1711736E+00  -1.9941809E+00  -3.3444402E+00  -5.5155158E+00  -8.9787502E+00  -1.4611469E+01  -2.3456745E+01  -3.7216442E+01  -5.9183270E+01  -9.3622459E+01  -1.4819394E+02  -2.2761926E+02  -3.4142114E+02  -4.9467151E+02  -6.7979437E+02  -8.6667743E+02  -1.1126169E+03  -1.2946091E+03  -1.4279429E+03  -1.5063806E+03  -1.5192544E+03  -1.4978397E+03  -1.4533862E+03  -1.3631646E+03  -1.1395901E+03  -6.5166187E+02  -9.6523949E+01   0.0000000E+00   0.0000000E+00   0.0000000E+00   0.0000000E+00   0.0000000E+00   0.0000000E+00   0.0000000E+00   0.0000000E+00   0.0000000E+00   0.0000000E+00   0.0000000E+00   0.0000000E+00   0.0000000E+00   0.0000000E+00   0.0000000E+00   0.0000000E+00   0.0000000E+00   0.0000000E+00   0.0000000E+00   0.0000000E+00   0.0000000E+00   0.0000000E+00   0.0000000E+00   0.0000000E+00   0.0000000E+00   0.0000000E+00   0.0000000E+00   0.0000000E+00   0.0000000E+00  -1.3891534E-07  -6.7970780E-07  -2.3307575E-06  -5.9191952E-06  -1.9542662E-05  -5.8623787E-05  -7.0317990E-05  -6.1058068E-05  -1.6727942E-04  -8.7753520E-04  -3.9189276E-03  -7.0954440E-03  -1.2816980E-02  -1.0411183E-02  -4.4538830E-03  -5.9796392E-04  -1.2462605E-05  -3.6297557E-08   0.0000000E+00   0.0000000E+00   0.0000000E+00   0.0000000E+00   0.0000000E+00   0.0000000E+00   0.0000000E+00   0.0000000E+00   0.0000000E+00
   0.0000000E+00   0.0000000E+00   0.0000000E+00   0.0000000E+00   0.0000000E+00   0.0000000E+00  -2.9515443E-06  -6.0252933E-05  -6.1024626E-04  -3.1307735E-03  -1.0079056E-02  -2.5090631E-02  -5.6154422E-02  -1.1623924E-01  -2.2686970E-01  -4.2319697E-01  -7.6172715E-01  -1.3356194E+00  -2.2950327E+00  -3.8889320E+00  -6.4860625E+00  -1.0688325E+01  -1.7635347E+01  -2.8720636E+01  -4.6222832E+01  -7.4565468E+01  -1.1947582E+02  -1.9113760E+02  -2.9448120E+02  -4.3882761E+02  -6.2325342E+02  -8.2629633E+02  -1.0040655E+03  -1.2292375E+03  -1.3585388E+03  -1.4301582E+03  -1.4368237E+03  -1.4079723E+03  -1.3542759E+03  -1.2624048E+03  -1.0417738E+03  -5.4629907E+02  -4.9020863E+01   0.0000000E+00   0.0000000E+00   0.0000000E+00   0.0000000E+00   0.0000000E+00   0.0000000E+00   0.0000000E+00   0.0000000E+00   0.0000000E+00   0.0000000E+00   0.0000000E+00   0.0000000E+00   0.0000000E+00   0.0000000E+00   0.0000000E+00   0.0000000E+00   0.0000000E+00   0.0000000E+00   0.0000000E+00   0.0000000E+00   0.0000000E+00   0.0000000E+00   0.0000000E+00   0.0000000E+00   0.0000000E+00   0.0000000E+00   0.0000000E+00   0.0000000E+00   0.0000000E+00   0.0000000E+00   0.0000000E+00  -3.0506777E-07  -1.0346914E-06  -2.6919652E-06  -9.3276658E-06  -2.9006815E-05  -3.4950299E-05  -2.9059851E-05  -8.3464292E-05  -4.7807134E-04  -2.2826840E-03  -4.3518273E-03  -8.1981737E-03  -6.7673265E-03  -2.8654984E-03  -3.6158197E-04  -6.3592520E-06   0.0000000E+00   0.0000000E+00   0.0000000E+00   0.0000000E+00   0.0000000E+00   0.0000000E+00   0.0000000E+00   0.0000000E+00   0.0000000E+00   0.0000000E+00
   0.0000000E+00   0.0000000E+00   0.0000000E+00   0.0000000E+00   0.0000000E+00   0.0000000E+00  -3.6083898E-06  -6.8386325E-05  -6.7768694E-04  -3.4473545E-03  -1.1080232E-02  -2.7640915E-02  -6.2069271E-02  -1.2905149E-01  -2.5324529E-01  -4.7543809E-01  -8.6212742E-01  -1.5247027E+00  -2.6456790E+00  -4.5331683E+00  -7.6530509E+00  -1.2779298E+01  -2.1404240E+01  -3.5404240E+01  -5.7845211E+01  -9.4675323E+01  -1.5348804E+02  -2.4741275E+02  -3.7987558E+02  -5.5657507E+02  -7.6443817E+02  -9.6432159E+02  -1.1073807E+03  -1.2903889E+03  -1.3579858E+03  -1.3599456E+03  -1.3262697E+03  -1.2665616E+03  -1.1659869E+03  -9.3709351E+02  -4.4442288E+02  -1.9096973E+01   0.0000000E+00   0.0000000E+00   0.0000000E+00   0.0000000E+00   0.0000000E+00   0.0000000E+00   0.0000000E+00   0.0000000E+00   0.0000000E+00   0.0000000E+00   0.0000000E+00   0.0000000E+00   0.0000000E+00   0.0000000E+00   0.0000000E+00   0.0000000E+00   0.0000000E+00   0.0000000E+00   0.0000000E+00   0.0000000E+00   0.0000000E+00   0.0000000E+00   0.0000000E+00   0.0000000E+00   0.0000000E+00   0.0000000E+00   0.0000000E+00   0.0000000E+00   0.0000000E+00   0.0000000E+00   0.0000000E+00   0.0000000E+00  -1.3812758E-07  -4.6309822E-07  -1.2398548E-06  -4.5085367E-06  -1.4539925E-05  -1.7803339E-05  -1.4195411E-05  -4.2814150E-05  -2.6675087E-04  -1.3527522E-03  -2.7025503E-03  -5.2883225E-03  -4.4295778E-03  -1.8581122E-03  -2.2149128E-04  -3.3409265E-06   0.0000000E+00   0.0000000E+00   0.0000000E+00   0.0000000E+00   0.0000000E+00   0.0000000E+00   0.0000000E+00   0.0000000E+00   0.0000000E+00   0.0000000E+00
   0.0000000E+00   0.0000000E+00   0.0000000E+00   0.0000000E+00   0.0000000E+00   0.0000000E+00  -4.3775958E-06  -7.7463890E-05  -7.5147918E-04  -3.7912352E-03  -1.2167768E-02  -3.0422783E-02  -6.8559170E-02  -1.4321296E-01  -2.8265443E-01  -5.3428048E-01  -9.7652185E-01  -1.7429684E+00  -3.0563788E+00  -5.3001003E+00  -9.0667639E+00  -1.5359793E+01  -2.6151531E+01  -4.3989639E+01  -7.3014046E+01  -1.2119488E+02  -1.9832639E+02  -3.2036392E+02  -4.8538715E+02  -6.8971149E+02  -9.0253851E+02  -1.0727467E+03  -1.1599586E+03  -1.2906475E+03  -1.2897992E+03  -1.2521539E+03  -1.1879564E+03  -1.0791324E+03  -8.3507141E+02  -3.4632321E+02  -3.2976353E+00   0.0000000E+00   0.0000000E+00   0.0000000E+00   0.0000000E+00   0.0000000E+00   0.0000000E+00   0.0000000E+00   0.0000000E+00   0.0000000E+00   0.0000000E+00   0.0000000E+00   0.0000000E+00   0.0000000E+00   0.0000000E+00   0.0000000E+00   0.0000000E+00   0.0000000E+00   0.0000000E+00   0.0000000E+00   0.0000000E+00   0.0000000E+00   0.0000000E+00   0.0000000E+00   0.0000000E+00   0.0000000E+00   0.0000000E+00   0.0000000E+00   0.0000000E+00   0.0000000E+00   0.0000000E+00   0.0000000E+00   0.0000000E+00   0.0000000E+00   0.0000000E+00  -2.0916968E-07  -5.7850252E-07  -2.2078975E-06  -7.3875822E-06  -9.2807113E-06  -7.1011013E-06  -2.2528402E-05  -1.5212828E-04  -8.1448938E-04  -1.6979739E-03  -3.4383391E-03  -2.9180888E-03  -1.2132741E-03  -1.3716234E-04  -1.7961469E-06   0.0000000E+00   0.0000000E+00   0.0000000E+00   0.0000000E+00   0.0000000E+00   0.0000000E+00   0.0000000E+00   0.0000000E+00   0.0000000E+00   0.0000000E+00
   0.0000000E+00   0.0000000E+00   0.0000000E+00   0.0000000E+00   0.0000000E+00   0.0000000E+00  -5.2743399E-06  -8.7585417E-05  -8.3219825E-04  -4.1648089E-03  -1.3349600E-02  -3.3459414E-02  -7.5687617E-02  -1.5888929E-01  -3.1551287E-01  -6.0073692E-01  -1.1073166E+00  -1.9960446E+00  -3.5401237E+00  -6.2195115E+00  -1.0794156E+01  -1.8577581E+01  -3.2204109E+01  -5.5161877E+01  -9.3042671E+01  -1.5639523E+02  -2.5716040E+02  -4.1262216E+02  -6.0857190E+02  -8.2552411E+02  -1.0170006E+03  -1.1335773E+03  -1.1577788E+03  -1.2267319E+03  -1.1860604E+03  -1.1174424E+03  -1.0004827E+03  -7.4115082E+02  -2.6277835E+02   0.0000000E+00   0.0000000E+00   0.0000000E+00   0.0000000E+00   0.0000000E+00   0.0000000E+00   0.0000000E+00   0.0000000E+00   0.0000000E+00   0.0000000E+00   0.0000000E+00   0.0000000E+00   0.0000000E+00   0.0000000E+00   0.0000000E+00   0.0000000E+00   0.0000000E+00   0.0000000E+00   0.0000000E+00   0.0000000E+00   0.0000000E+00   0.0000000E+00   0.0000000E+00   0.0000000E+00   0.0000000E+00   0.0000000E+00   0.0000000E+00   0.0000000E+00   0.0000000E+00   0.0000000E+00   0.0000000E+00   0.0000000E+00   0.0000000E+00   0.0000000E+00   0.0000000E+00   0.0000000E+00   0.0000000E+00  -2.7350086E-07  -1.0957893E-06  -3.8056678E-06  -4.9430728E-06  -3.6301944E-06  -1.2135519E-05  -8.8510111E-05  -4.9760990E-04  -1.0783970E-03  -2.2519981E-03  -1.9337488E-03  -7.9711981E-04  -8.5730288E-05  -9.8374915E-07   0.0000000E+00   0.0000000E+00   0.0000000E+00   0.0000000E+00   0.0000000E+00   0.0000000E+00   0.0000000E+00   0.0000000E+00   0.0000000E+00   0.0000000E+00
   0.0000000E+00   0.0000000E+00   0.0000000E+00   0.0000000E+00   0.0000000E+00   0.0000000E+00  -6.3155958E-06  -9.8861361E-05  -9.2047849E-04  -4.5707263E-03  -1.4634587E-02  -3.6776971E-02  -8.3527178E-02  -1.7627239E-01  -3.5231015E-01  -6.7602175E-01  -1.2574548E+00  -2.2909713E+00  -4.1135716E+00  -7.3306456E+00  -1.2925995E+01  -2.2638727E+01  -4.0029011E+01  -6.9907944E+01  -1.1977679E+02  -2.0319466E+02  -3.3310864E+02  -5.2408398E+02  -7.4008618E+02  -9.4463556E+02  -1.0889421E+03  -1.1399541E+03  -1.1088828E+03  -1.1278871E+03  -1.0549796E+03  -9.2925690E+02  -6.5727014E+02  -2.0336650E+02   0.0000000E+00   0.0000000E+00   0.0000000E+00   0.0000000E+00   0.0000000E+00   0.0000000E+00   0.0000000E+00   0.0000000E+00   0.0000000E+00   0.0000000E+00   0.0000000E+00   0.0000000E+00   0.0000000E+00   0.0000000E+00   0.0000000E+00   0.0000000E+00   0.0000000E+00   0.0000000E+00   0.0000000E+00   0.0000000E+00   0.0000000E+00   0.0000000E+00   0.0000000E+00   0.0000000E+00   0.0000000E+00   0.0000000E+00   0.0000000E+00   0.0000000E+00   0.0000000E+00   0.0000000E+00   0.0000000E+00   0.0000000E+00   0.0000000E+00   0.0000000E+00   0.0000000E+00   0.0000000E+00   0.0000000E+00   0.0000000E+00  -1.3103235E-07  -5.5123763E-07  -1.9877639E-06  -2.6857206E-06  -1.8929975E-06  -6.6802477E-06  -5.2446550E-05  -3.0811294E-04  -6.9176295E-04  -1.4850345E-03  -1.2884018E-03  -5.2658754E-04  -5.4010547E-05  -5.4704702E-07   0.0000000E+00   0.0000000E+00   0.0000000E+00   0.0000000E+00   0.0000000E+00   0.0000000E+00   0.0000000E+00   0.0000000E+00   0.0000000E+00   0.0000000E+00
   0.0000000E+00   0.0000000E+00   0.0000000E+00   0.0000000E+00   0.0000000E+00   0.0000000E+00  -7.5203488E-06  -1.1141412E-04  -1.0170204E-03  -5.0119273E-03  -1.6032647E-02  -4.0405069E-02  -9.2161059E-02  -1.9558546E-01  -3.9362627E-01  -7.6160216E-01  -1.4305716E+00  -2.6366591E+00  -4.7983966E+00  -8.6861267E+00  -1.5587894E+01  -2.7837124E+01  -5.0307182E+01  -8.9661804E+01  -1.5574818E+02  -2.6494522E+02  -4.2781445E+02  -6.4898975E+02  -8.6280780E+02  -1.0278732E+03  -1.1078352E+03  -1.0882056E+03  -1.0262429E+03  -1.0006658E+03  -8.6498169E+02  -5.7979407E+02  -1.5185486E+02   0.0000000E+00   0.0000000E+00   0.0000000E+00   0.0000000E+00   0.0000000E+00   0.0000000E+00   0.0000000E+00   0.0000000E+00   0.0000000E+00   0.0000000E+00   0.0000000E+00   0.0000000E+00   0.0000000E+00   0.0000000E+00   0.0000000E+00   0.0000000E+00   0.0000000E+00   0.0000000E+00   0.0000000E+00   0.0000000E+00   0.0000000E+00   0.0000000E+00   0.0000000E+00   0.0000000E+00   0.0000000E+00   0.0000000E+00   0.0000000E+00   0.0000000E+00   0.0000000E+00   0.0000000E+00   0.0000000E+00   0.0000000E+00   0.0000000E+00   0.0000000E+00   0.0000000E+00   0.0000000E+00   0.0000000E+00   0.0000000E+00   0.0000000E+00   0.0000000E+00  -2.8107510E-07  -1.0525812E-06  -1.4863382E-06  -1.0052159E-06  -3.7517850E-06  -3.1601816E-05  -1.9313781E-04  -4.4783807E-04  -9.8541717E-04  -8.6267153E-04  -3.4957172E-04  -3.4259992E-05  -3.0805282E-07   0.0000000E+00   0.0000000E+00   0.0000000E+00   0.0000000E+00   0.0000000E+00   0.0000000E+00   0.0000000E+00   0.0000000E+00   0.0000000E+00   0.0000000E+00
   0.0000000E+00   0.0000000E+00   0.0000000E+00   0.0000000E+00   0.0000000E+00   0.0000000E+00  -8.9098430E-06  -1.2537949E-04  -1.1225995E-03  -5.4916851E-03  -1.7554918E-02  -4.4377353E-02  -1.0168514E-01  -2.1708947E-01  -4.4015330E-01  -8.5926640E-01  -1.6312051E+00  -3.0445409E+00  -5.6232705E+00  -1.0357984E+01  -1.8957914E+01  -3.4602509E+01  -6.4049889E+01  -1.1649855E+02  -2.0421751E+02  -3.4456543E+02  -5.3892279E+02  -7.7374756E+02  -9.5744714E+02  -1.0616650E+03  -1.0664042E+03  -1.0023079E+03  -9.1510303E+02  -8.1477594E+02  -5.0739703E+02  -1.0686638E+02   0.0000000E+00   0.0000000E+00   0.0000000E+00   0.0000000E+00   0.0000000E+00   0.0000000E+00   0.0000000E+00   0.0000000E+00   0.0000000E+00   0.0000000E+00   0.0000000E+00   0.0000000E+00   0.0000000E+00   0.0000000E+00   0.0000000E+00   0.0000000E+00   0.0000000E+00   0.0000000E+00   0.0000000E+00   0.0000000E+00   0.0000000E+00   0.0000000E+00   0.0000000E+00   0.0000000E+00   0.0000000E+00   0.0000000E+00   0.0000000E+00   0.0000000E+00   0.0000000E+00   0.0000000E+00   0.0000000E+00   0.0000000E+00   0.0000000E+00   0.0000000E+00   0.0000000E+00   0.0000000E+00   0.0000000E+00   0.0000000E+00   0.0000000E+00   0.0000000E+00   0.0000000E+00  -1.4525847E-07  -5.6480275E-07  -8.3215491E-07  -5.4276268E-07  -2.1467088E-06  -1.9336137E-05  -1.2243818E-04  -2.9237618E-04  -6.5764633E-04  -5.8020896E-04  -2.3306755E-04  -2.1860071E-05  -1.7530149E-07   0.0000000E+00   0.0000000E+00   0.0000000E+00   0.0000000E+00   0.0000000E+00   0.0000000E+00   0.0000000E+00   0.0000000E+00   0.0000000E+00   0.0000000E+00
   0.0000000E+00   0.0000000E+00   0.0000000E+00   0.0000000E+00   0.0000000E+00   0.0000000E+00  -1.0507862E-05  -1.4090839E-04  -1.2380754E-03  -6.0136486E-03  -1.9213950E-02  -4.8732225E-02  -1.1221047E-01  -2.4109255E-01  -4.9272326E-01  -9.7121501E-01  -1.8650914E+00  -3.5295150E+00  -6.6268835E+00  -1.2447218E+01  -2.3295509E+01  -4.3579670E+01  -8.2776680E+01  -1.5333669E+02  -2.6881732E+02  -4.4257208E+02  -6.5729919E+02  -8.7927948E+02  -1.0077830E+03  -1.0352603E+03  -9.8691180E+02  -8.9017181E+02  -7.5917468E+02  -5.0938107E+02  -6.8943130E+01   0.0000000E+00   0.0000000E+00   0.0000000E+00   0.0000000E+00   0.0000000E+00   0.0000000E+00   0.0000000E+00   0.0000000E+00   0.0000000E+00   0.0000000E+00   0.0000000E+00   0.0000000E+00   0.0000000E+00   0.0000000E+00   0.0000000E+00   0.0000000E+00   0.0000000E+00   0.0000000E+00   0.0000000E+00   0.0000000E+00   0.0000000E+00   0.0000000E+00   0.0000000E+00   0.0000000E+00   0.0000000E+00   0.0000000E+00   0.0000000E+00   0.0000000E+00   0.0000000E+00   0.0000000E+00   0.0000000E+00   0.0000000E+00   0.0000000E+00   0.0000000E+00   0.0000000E+00   0.0000000E+00   0.0000000E+00   0.0000000E+00   0.0000000E+00   0.0000000E+00   0.0000000E+00   0.0000000E+00   0.0000000E+00  -3.0695048E-07  -4.7079141E-07  -2.9759610E-07  -1.2498019E-06  -1.1998790E-05  -7.8424171E-05  -1.9235897E-04  -4.4120100E-04  -3.9181334E-04  -1.5598694E-04  -1.4019021E-05  -1.0064187E-07   0.0000000E+00   0.0000000E+00   0.0000000E+00   0.0000000E+00   0.0000000E+00   0.0000000E+00   0.0000000E+00   0.0000000E+00   0.0000000E+00   0.0000000E+00
   0.0000000E+00   0.0000000E+00   0.0000000E+00   0.0000000E+00   0.0000000E+00   0.0000000E+00  -1.2341048E-05  -1.5816877E-04  -1.3644045E-03  -6.5819011E-03  -2.1023929E-02  -5.3513676E-02  -1.2386629E-01  -2.6796019E-01  -5.5234528E-01  -1.1001866E+00  -2.1395841E+00  -4.1113553E+00  -7.8626752E+00  -1.5099561E+01  -2.8990574E+01  -5.5759304E+01  -1.0876288E+02  -2.0398322E+02  -3.5229874E+02  -5.5412842E+02  -7.6660046E+02  -9.4783063E+02  -1.0074468E+03  -9.6733014E+02  -8.7972302E+02  -7.5311261E+02  -5.8408685E+02  -3.2826221E+02  -4.3809155E+01   0.0000000E+00   0.0000000E+00   0.0000000E+00   0.0000000E+00   0.0000000E+00   0.0000000E+00   0.0000000E+00   0.0000000E+00   0.0000000E+00   0.0000000E+00   0.0000000E+00   0.0000000E+00   0.0000000E+00   0.0000000E+00   0.0000000E+00   0.0000000E+00   0.0000000E+00   0.0000000E+00   0.0000000E+00   0.0000000E+00   0.0000000E+00   0.0000000E+00   0.0000000E+00   0.0000000E+00   0.0000000E+00   0.0000000E+00   0.0000000E+00   0.0000000E+00   0.0000000E+00   0.0000000E+00   0.0000000E+00   0.0000000E+00   0.0000000E+00   0.0000000E+00   0.0000000E+00   0.0000000E+00   0.0000000E+00   0.0000000E+00   0.0000000E+00   0.0000000E+00   0.0000000E+00   0.0000000E+00   0.0000000E+00  -1.6887314E-07  -2.6909507E-07  -1.6550217E-07  -7.3950520E-07  -7.5424641E-06  -5.0709721E-05  -1.2745171E-04  -2.9740360E-04  -2.6555223E-04  -1.0474990E-04  -9.0297344E-06  -5.8211157E-08   0.0000000E+00   0.0000000E+00   0.0000000E+00   0.0000000E+00   0.0000000E+00   0.0000000E+00   0.0000000E+00   0.0000000E+00   0.0000000E+00   0.0000000E+00
   0.0000000E+00   0.0000000E+00   0.0000000E+00   0.0000000E+00   0.0000000E+00   0.0000000E+00  -1.4439270E-05  -1.7734780E-04  -1.5026515E-03  -7.2010243E-03  -2.3000952E-02  -5.8772352E-02  -1.3680398E-01  -2.9812932E-01  -6.2025517E-01  -1.2496321E+00  -2.4642692E+00  -4.8168898E+00  -9.4065723E+00  -1.8532459E+01  -3.6648388E+01  -7.2687042E+01  -1.4530511E+02  -2.7261749E+02  -4.5397488E+02  -6.6677765E+02  -8.4759552E+02  -9.6819165E+02  -9.5324097E+02  -8.6949194E+02  -7.5375287E+02  -6.0860474E+02  -4.3457849E+02  -2.1780823E+02  -2.8342344E+01   0.0000000E+00   0.0000000E+00   0.0000000E+00   0.0000000E+00   0.0000000E+00   0.0000000E+00   0.0000000E+00   0.0000000E+00   0.0000000E+00   0.0000000E+00   0.0000000E+00   0.0000000E+00   0.0000000E+00   0.0000000E+00   0.0000000E+00   0.0000000E+00   0.0000000E+00   0.0000000E+00   0.0000000E+00   0.0000000E+00   0.0000000E+00   0.0000000E+00   0.0000000E+00   0.0000000E+00   0.0000000E+00   0.0000000E+00   0.0000000E+00   0.0000000E+00   0.0000000E+00   0.0000000E+00   0.0000000E+00   0.0000000E+00   0.0000000E+00   0.0000000E+00   0.0000000E+00   0.0000000E+00   0.0000000E+00   0.0000000E+00   0.0000000E+00   0.0000000E+00   0.0000000E+00   0.0000000E+00   0.0000000E+00  -9.4009991E-08  -1.5535544E-07  -9.3259629E-08  -4.4424317E-07  -4.7977883E-06  -3.3074779E-05  -8.4991545E-05  -2.0133855E-04  -1.8056190E-04  -7.0548369E-05  -5.8241608E-06   0.0000000E+00   0.0000000E+00   0.0000000E+00   0.0000000E+00   0.0000000E+00   0.0000000E+00   0.0000000E+00   0.0000000E+00   0.0000000E+00   0.0000000E+00   0.0000000E+00
   0.0000000E+00   0.0000000E+00   0.0000000E+00   0.0000000E+00   0.0000000E+00   0.0000000E+00  -1.6836042E-05  -1.9865455E-04  -1.6540063E-03  -7.8761736E-03  -2.5163362E-02  -6.4566843E-02  -1.5120202E-01  -3.3212662E-01  -6.9798350E-01  -1.4239663E+00  -2.8518946E+00  -5.6834960E+00  -1.1370191E+01  -2.3082994E+01  -4.7237122E+01  -9.6765778E+01  -1.9678400E+02  -3.6207843E+02  -5.6645459E+02  -7.6194781E+02  -8.8561786E+02  -9.3271967E+02  -8.6550061E+02  -7.5299615E+02  -6.2186603E+02  -4.7629553E+02  -3.2015790E+02  -1.4839258E+02  -1.8627817E+01   0.0000000E+00   0.0000000E+00   0.0000000E+00   0.0000000E+00   0.0000000E+00   0.0000000E+00   0.0000000E+00   0.0000000E+00   0.0000000E+00   0.0000000E+00   0.0000000E+00   0.0000000E+00   0.0000000E+00   0.0000000E+00   0.0000000E+00   0.0000000E+00   0.0000000E+00   0.0000000E+00   0.0000000E+00   0.0000000E+00   0.0000000E+00   0.0000000E+00   0.0000000E+00   0.0000000E+00   0.0000000E+00   0.0000000E+00   0.0000000E+00   0.0000000E+00   0.0000000E+00   0.0000000E+00   0.0000000E+00   0.0000000E+00   0.0000000E+00   0.0000000E+00   0.0000000E+00   0.0000000E+00   0.0000000E+00   0.0000000E+00   0.0000000E+00   0.0000000E+00   0.0000000E+00   0.0000000E+00   0.0000000E+00   0.0000000E+00  -9.0566154E-08   0.0000000E+00  -2.7068774E-07  -3.0853630E-06  -2.1744660E-05  -5.7010762E-05  -1.3683450E-04  -1.2312506E-04  -4.7633243E-05  -3.7695675E-06   0.0000000E+00   0.0000000E+00   0.0000000E+00   0.0000000E+00   0.0000000E+00   0.0000000E+00   0.0000000E+00   0.0000000E+00   0.0000000E+00   0.0000000E+00   0.0000000E+00
   0.0000000E+00   0.0000000E+00   0.0000000E+00   0.0000000E+00   0.0000000E+00  -6.7638689E-07  -1.9569015E-05  -2.2232295E-04  -1.8198017E-03  -8.6131748E-03  -2.7532144E-02  -7.0965327E-02  -1.6727230E-01  -3.7059310E-01  -7.8745019E-01  -1.6289357E+00  -3.3198276E+00  -6.7649903E+00  -1.3924457E+01  -2.9295309E+01  -6.2335648E+01  -1.3159175E+02  -2.6799200E+02  -4.7060373E+02  -6.7418713E+02  -8.2134167E+02  -8.7605664E+02  -8.5904077E+02  -7.5672101E+02  -6.2952893E+02  -4.9754935E+02  -3.6637729E+02  -2.3659438E+02  -1.0347411E+02  -1.2410569E+01   0.0000000E+00   0.0000000E+00   0.0000000E+00   0.0000000E+00   0.0000000E+00   0.0000000E+00   0.0000000E+00   0.0000000E+00   0.0000000E+00   0.0000000E+00   0.0000000E+00   0.0000000E+00   0.0000000E+00   0.0000000E+00   0.0000000E+00   0.0000000E+00   0.0000000E+00   0.0000000E+00   0.0000000E+00   0.0000000E+00   0.0000000E+00   0.0000000E+00   0.0000000E+00   0.0000000E+00   0.0000000E+00   0.0000000E+00   0.0000000E+00   0.0000000E+00   0.0000000E+00   0.0000000E+00   0.0000000E+00   0.0000000E+00   0.0000000E+00   0.0000000E+00   0.0000000E+00   0.0000000E+00   0.0000000E+00   0.0000000E+00   0.0000000E+00   0.0000000E+00   0.0000000E+00   0.0000000E+00   0.0000000E+00   0.0000000E+00   0.0000000E+00   0.0000000E+00  -1.6715107E-07  -2.0041548E-06  -1.4400278E-05  -3.8446997E-05  -9.3321338E-05  -8.4170380E-05  -3.2230138E-05  -2.4468293E-06   0.0000000E+00   0.0000000E+00   0.0000000E+00   0.0000000E+00   0.0000000E+00   0.0000000E+00   0.0000000E+00   0.0000000E+00   0.0000000E+00   0.0000000E+00   0.0000000E+00
   0.0000000E+00   0.0000000E+00   0.0000000E+00   0.0000000E+00   0.0000000E+00  -9.0287034E-07  -2.2680530E-05  -2.4861528E-04  -2.0015349E-03  -9.4186310E-03  -3.0131429E-02  -7.8047633E-02  -1.8526848E-01  -4.1431776E-01  -8.9110082E-01  -1.8721828E+00  -3.8924537E+00  -8.1420755E+00  -1.7343761E+01  -3.8080997E+01  -8.4510361E+01  -1.8204773E+02  -3.6194406E+02  -5.8814294E+02  -7.5680615E+02  -8.3450293E+02  -8.2458185E+02  -7.5995874E+02  -6.3881427E+02  -5.1042688E+02  -3.8997583E+02  -2.8038531E+02  -1.7657066E+02  -7.3601555E+01  -8.3640699E+00   0.0000000E+00   0.0000000E+00   0.0000000E+00   0.0000000E+00   0.0000000E+00   0.0000000E+00   0.0000000E+00   0.0000000E+00   0.0000000E+00   0.0000000E+00   0.0000000E+00   0.0000000E+00   0.0000000E+00   0.0000000E+00   0.0000000E+00   0.0000000E+00   0.0000000E+00   0.0000000E+00   0.0000000E+00   0.0000000E+00   0.0000000E+00   0.0000000E+00   0.0000000E+00   0.0000000E+00   0.0000000E+00   0.0000000E+00   0.0000000E+00   0.0000000E+00   0.0000000E+00   0.0000000E+00   0.0000000E+00   0.0000000E+00   0.0000000E+00   0.0000000E+00   0.0000000E+00   0.0000000E+00   0.0000000E+00   0.0000000E+00   0.0000000E+00   0.0000000E+00   0.0000000E+00   0.0000000E+00   0.0000000E+00   0.0000000E+00   0.0000000E+00   0.0000000E+00  -1.0451957E-07  -1.3139302E-06  -9.6003942E-06  -2.6054566E-05  -6.3844447E-05  -5.7666279E-05  -2.1847023E-05  -1.5920194E-06   0.0000000E+00   0.0000000E+00   0.0000000E+00   0.0000000E+00   0.0000000E+00   0.0000000E+00   0.0000000E+00   0.0000000E+00   0.0000000E+00   0.0000000E+00   0.0000000E+00
   0.0000000E+00   0.0000000E+00   0.0000000E+00   0.0000000E+00   0.0000000E+00  -1.1775605E-06  -2.6218269E-05  -2.7782630E-04  -2.2008934E-03  -1.0300059E-02  -3.2989107E-02  -8.5907862E-02  -2.0549715E-01  -4.6428400E-01  -1.0121080E+00  -2.1641450E+00  -4.6053462E+00  -9.9419594E+00  -2.2091251E+01  -5.1003998E+01  -1.1776111E+02  -2.5348514E+02  -4.7587411E+02  -6.9553802E+02  -7.9719672E+02  -8.0233051E+02  -7.4257788E+02  -6.4806366E+02  -5.2260901E+02  -4.0434344E+02  -3.0256375E+02  -2.1532622E+02  -1.3348387E+02  -5.3231537E+01  -5.6907988E+00   0.0000000E+00   0.0000000E+00   0.0000000E+00   0.0000000E+00   0.0000000E+00   0.0000000E+00   0.0000000E+00   0.0000000E+00   0.0000000E+00   0.0000000E+00   0.0000000E+00   0.0000000E+00   0.0000000E+00   0.0000000E+00   0.0000000E+00   0.0000000E+00   0.0000000E+00   0.0000000E+00   0.0000000E+00   0.0000000E+00   0.0000000E+00   0.0000000E+00   0.0000000E+00   0.0000000E+00   0.0000000E+00   0.0000000E+00   0.0000000E+00   0.0000000E+00   0.0000000E+00   0.0000000E+00   0.0000000E+00   0.0000000E+00   0.0000000E+00   0.0000000E+00   0.0000000E+00   0.0000000E+00   0.0000000E+00   0.0000000E+00   0.0000000E+00   0.0000000E+00   0.0000000E+00   0.0000000E+00   0.0000000E+00   0.0000000E+00   0.0000000E+00   0.0000000E+00  -6.6132536E-08  -8.6879163E-07  -6.4397245E-06  -1.7734912E-05  -4.3799904E-05  -3.9582261E-05  -1.4830618E-05  -1.0378267E-06   0.0000000E+00   0.0000000E+00   0.0000000E+00   0.0000000E+00   0.0000000E+00   0.0000000E+00   0.0000000E+00   0.0000000E+00   0.0000000E+00   0.0000000E+00   0.0000000E+00
   0.0000000E+00   0.0000000E+00   0.0000000E+00   0.0000000E+00   0.0000000E+00  -1.5076270E-06  -3.0236024E-05  -3.1028810E-04  -2.4197849E-03  -1.1266053E-02  -3.6137603E-02  -9.4657801E-02  -2.2833270E-01  -5.2173686E-01  -1.1546811E+00  -2.5195701E+00  -5.5129957E+00  -1.2377201E+01  -2.8984930E+01  -7.0739700E+01  -1.6770012E+02  -3.4904016E+02  -5.9711072E+02  -7.7054065E+02  -7.8897583E+02  -7.3433606E+02  -6.4267041E+02  -5.3458514E+02  -4.1671646E+02  -3.1573090E+02  -2.3445111E+02  -1.6685580E+02  -1.0230483E+02  -3.9026001E+01  -3.9018128E+00   0.0000000E+00   0.0000000E+00   0.0000000E+00   0.0000000E+00   0.0000000E+00   0.0000000E+00   0.0000000E+00   0.0000000E+00   0.0000000E+00   0.0000000E+00   0.0000000E+00   0.0000000E+00   0.0000000E+00   0.0000000E+00   0.0000000E+00   0.0000000E+00   0.0000000E+00   0.0000000E+00   0.0000000E+00   0.0000000E+00   0.0000000E+00   0.0000000E+00   0.0000000E+00   0.0000000E+00   0.0000000E+00   0.0000000E+00   0.0000000E+00   0.0000000E+00   0.0000000E+00   0.0000000E+00   0.0000000E+00   0.0000000E+00   0.0000000E+00   0.0000000E+00   0.0000000E+00   0.0000000E+00   0.0000000E+00   0.0000000E+00   0.0000000E+00   0.0000000E+00   0.0000000E+00   0.0000000E+00   0.0000000E+00   0.0000000E+00   0.0000000E+00   0.0000000E+00   0.0000000E+00  -5.7899513E-07  -4.3439632E-06  -1.2120525E-05  -3.0122614E-05  -2.7212602E-05  -1.0079310E-05  -6.7756412E-07   0.0000000E+00   0.0000000E+00   0.0000000E+00   0.0000000E+00   0.0000000E+00   0.0000000E+00   0.0000000E+00   0.0000000E+00   0.0000000E+00   0.0000000E+00   0.0000000E+00
   0.0000000E+00   0.0000000E+00   0.0000000E+00   0.0000000E+00   0.0000000E+00  -1.9012975E-06  -3.4794564E-05  -3.4637583E-04  -2.6603751E-03  -1.2326488E-02  -3.9614853E-02  -1.0443146E-01  -2.5423831E-01  -5.8828217E-01  -1.3245705E+00  -2.9602473E+00  -6.7041440E+00  -1.5825619E+01  -3.9511322E+01  -1.0166018E+02  -2.4061275E+02  -4.6486411E+02  -7.0313062E+02  -7.9707159E+02  -7.3762946E+02  -6.4339160E+02  -5.3652136E+02  -4.2863943E+02  -3.2634619E+02  -2.4515436E+02  -1.8267607E+02  -1.3086668E+02  -7.9452843E+01  -2.8922434E+01  -2.6916127E+00   0.0000000E+00   0.0000000E+00   0.0000000E+00   0.0000000E+00   0.0000000E+00   0.0000000E+00   0.0000000E+00   0.0000000E+00   0.0000000E+00   0.0000000E+00   0.0000000E+00   0.0000000E+00   0.0000000E+00   0.0000000E+00   0.0000000E+00   0.0000000E+00   0.0000000E+00   0.0000000E+00   0.0000000E+00   0.0000000E+00   0.0000000E+00   0.0000000E+00   0.0000000E+00   0.0000000E+00   0.0000000E+00   0.0000000E+00   0.0000000E+00   0.0000000E+00   0.0000000E+00   0.0000000E+00   0.0000000E+00   0.0000000E+00   0.0000000E+00   0.0000000E+00   0.0000000E+00   0.0000000E+00   0.0000000E+00   0.0000000E+00   0.0000000E+00   0.0000000E+00   0.0000000E+00   0.0000000E+00   0.0000000E+00   0.0000000E+00   0.0000000E+00   0.0000000E+00   0.0000000E+00  -3.8867640E-07  -2.9454052E-06  -8.3137784E-06  -2.0761219E-05  -1.8733250E-05  -6.8561908E-06  -4.4285133E-07   0.0000000E+00   0.0000000E+00   0.0000000E+00   0.0000000E+00   0.0000000E+00   0.0000000E+00   0.0000000E+00   0.0000000E+00   0.0000000E+00   0.0000000E+00   0.0000000E+00
   0.0000000E+00   0.0000000E+00   0.0000000E+00   0.0000000E+00   0.0000000E+00  -2.3680118E-06  -3.9962692E-05  -3.8651447E-04  -2.9251312E-03  -1.3492771E-02  -4.3465562E-02  -1.1539112E-01  -2.8379560E-01  -6.6604072E-01  -1.5299379E+00  -3.5203269E+00  -8.3341532E+00  -2.0996708E+01  -5.6363930E+01  -1.5015488E+02  -3.4017532E+02  -5.8569452E+02  -7.6992401E+02  -7.7161237E+02  -6.5577307E+02  -5.4206134E+02  -4.3392828E+02  -3.3632803E+02  -2.5312839E+02  -1.9071231E+02  -1.4378127E+02  -1.0402641E+02  -6.2452030E+01  -2.1622068E+01  -1.8695767E+00   0.0000000E+00   0.0000000E+00   0.0000000E+00   0.0000000E+00   0.0000000E+00   0.0000000E+00   0.0000000E+00   0.0000000E+00   0.0000000E+00   0.0000000E+00   0.0000000E+00   0.0000000E+00   0.0000000E+00   0.0000000E+00   0.0000000E+00   0.0000000E+00   0.0000000E+00   0.0000000E+00   0.0000000E+00   0.0000000E+00   0.0000000E+00   0.0000000E+00   0.0000000E+00   0.0000000E+00   0.0000000E+00   0.0000000E+00   0.0000000E+00   0.0000000E+00   0.0000000E+00   0.0000000E+00   0.0000000E+00   0.0000000E+00   0.0000000E+00   0.0000000E+00   0.0000000E+00   0.0000000E+00   0.0000000E+00   0.0000000E+00   0.0000000E+00   0.0000000E+00   0.0000000E+00   0.0000000E+00   0.0000000E+00   0.0000000E+00   0.0000000E+00   0.0000000E+00   0.0000000E+00  -2.6267298E-07  -2.0065972E-06  -5.7215052E-06  -1.4336206E-05  -1.2909821E-05  -4.6665873E-06  -2.8966397E-07   0.0000000E+00   0.0000000E+00   0.0000000E+00   0.0000000E+00   0.0000000E+00   0.0000000E+00   0.0000000E+00   0.0000000E+00   0.0000000E+00   0.0000000E+00   0.0000000E+00
