   0.0000000E+00   0.0000000E+00   0.0000000E+00   0.0000000E+00   0.0000000E+00   0.0000000E+00   0.0000000E+00   0.0000000E+00   0.0000000E+00   0.0000000E+00   0.0000000E+00   0.0000000E+00   0.0000000E+00   0.0000000E+00   0.0000000E+00   0.0000000E+00   0.0000000E+00   0.0000000E+00   0.0000000E+00   0.0000000E+00   0.0000000E+00   0.0000000E+00   0.0000000E+00   0.0000000E+00   0.0000000E+00   0.0000000E+00   0.0000000E+00   0.0000000E+00   0.0000000E+00   0.0000000E+00   0.0000000E+00   0.0000000E+00   0.0000000E+00   0.0000000E+00   0.0000000E+00   0.0000000E+00   0.0000000E+00   0.0000000E+00   0.0000000E+00   0.0000000E+00   0.0000000E+00   0.0000000E+00   0.0000000E+00   0.0000000E+00   0.0000000E+00   0.0000000E+00   0.0000000E+00   0.0000000E+00   0.0000000E+00   0.0000000E+00   0.0000000E+00   0.0000000E+00   0.0000000E+00   0.0000000E+00   0.0000000E+00   0.0000000E+00   0.0000000E+00   0.0000000E+00   0.0000000E+00   0.0000000E+00   0.0000000E+00   0.0000000E+00   0.0000000E+00   0.0000000E+00   0.0000000E+00   0.0000000E+00   0.0000000E+00   0.0000000E+00   0.0000000E+00   0.0000000E+00   0.0000000E+00   0.0000000E+00   0.0000000E+00   0.0000000E+00   0.0000000E+00   0.0000000E+00   0.0000000E+00   0.0000000E+00   0.0000000E+00   0.0000000E+00   0.0000000E+00   0.0000000E+00   0.0000000E+00   0.0000000E+00   0.0000000E+00   0.0000000E+00   0.0000000E+00   0.0000000E+00   0.0000000E+00   0.0000000E+00   0.0000000E+00   0.0000000E+00   0.0000000E+00   0.0000000E+00   0.0000000E+00   0.0000000E+00   0.0000000E+00   0.0000000E+00   0.0000000E+00   0.0000000E+00
   0.0000000E+00   0.0000000E+00   0.0000000E+00   0.0000000E+00   0.0000000E+00   0.0000000E+00   0.0000000E+00   0.0000000E+00   0.0000000E+00   0.0000000E+00   0.0000000E+00   0.0000000E+00   0.0000000E+00   0.0000000E+00   0.0000000E+00   0.0000000E+00   0.0000000E+00   0.0000000E+00   0.0000000E+00   0.0000000E+00   0.0000000E+00   0.0000000E+00   0.0000000E+00   0.0000000E+00   0.0000000E+00   0.0000000E+00   0.0000000E+00   0.0000000E+00   0.0000000E+00   0.0000000E+00   0.0000000E+00   0.0000000E+00   0.0000000E+00   0.0000000E+00   0.0000000E+00   0.0000000E+00   0.0000000E+00   0.0000000E+00   0.0000000E+00   0.0000000E+00   0.0000000E+00   0.0000000E+00   0.0000000E+00   0.0000000E+00   0.0000000E+00   0.0000000E+00   0.0000000E+00   0.0000000E+00   0.0000000E+00   0.0000000E+00   0.0000000E+00   0.0000000E+00   0.0000000E+00   0.0000000E+00   0.0000000E+00   0.0000000E+00   0.0000000E+00   0.0000000E+00   0.0000000E+00   0.0000000E+00   0.0000000E+00   0.0000000E+00   0.0000000E+00   0.0000000E+00   0.0000000E+00   0.0000000E+00   0.0000000E+00   0.0000000E+00   0.0000000E+00   0.0000000E+00   0.0000000E+00   0.0000000E+00   0.0000000E+00   0.0000000E+00   0.0000000E+00   0.0000000E+00   0.0000000E+00   0.0000000E+00   0.0000000E+00   0.0000000E+00   0.0000000E+00   0.0000000E+00   0.0000000E+00   0.0000000E+00   0.0000000E+00   0.0000000E+00   0.0000000E+00   0.0000000E+00   0.0000000E+00   0.0000000E+00   0.0000000E+00   0.0000000E+00   0.0000000E+00   0.0000000E+00   0.0000000E+00   0.0000000E+00   0.0000000E+00   0.0000000E+00   0.0000000E+00   0.0000000E+00
   0.0000000E+00   0.0000000E+00   0.0000000E+00   0.0000000E+00   0.0000000E+00   0.0000000E+00   0.0000000E+00   0.0000000E+00   0.0000000E+00   0.0000000E+00   0.0000000E+00   0.0000000E+00   0.0000000E+00   0.0000000E+00   0.0000000E+00   0.0000000E+00   0.0000000E+00   0.0000000E+00   0.0000000E+00   0.0000000E+00   0.0000000E+00   0.0000000E+00   0.0000000E+00   0.0000000E+00   0.0000000E+00   0.0000000E+00   0.0000000E+00   0.0000000E+00   0.0000000E+00   0.0000000E+00   0.0000000E+00   0.0000000E+00   0.0000000E+00   0.0000000E+00   0.0000000E+00   0.0000000E+00   0.0000000E+00   0.0000000E+00   0.0000000E+00   0.0000000E+00   0.0000000E+00   0.0000000E+00   0.0000000E+00   0.0000000E+00   0.0000000E+00   0.0000000E+00   0.0000000E+00   0.0000000E+00   0.0000000E+00   0.0000000E+00   0.0000000E+00   0.0000000E+00   0.0000000E+00   0.0000000E+00   0.0000000E+00   0.0000000E+00   0.0000000E+00   0.0000000E+00   0.0000000E+00   0.0000000E+00   0.0000000E+00   0.0000000E+00   0.0000000E+00   0.0000000E+00   0.0000000E+00   0.0000000E+00   0.0000000E+00   0.0000000E+00   0.0000000E+00   0.0000000E+00   0.0000000E+00   0.0000000E+00   0.0000000E+00   0.0000000E+00   0.0000000E+00   0.0000000E+00   0.0000000E+00   0.0000000E+00   0.0000000E+00   0.0000000E+00   0.0000000E+00   0.0000000E+00   0.0000000E+00   0.0000000E+00   0.0000000E+00   0.0000000E+00   0.0000000E+00   0.0000000E+00   0.0000000E+00   0.0000000E+00   0.0000000E+00   0.0000000E+00   0.0000000E+00   0.0000000E+00   0.0000000E+00   0.0000000E+00   0.0000000E+00   0.0000000E+00   0.0000000E+00   0.0000000E+00
   0.0000000E+00   0.0000000E+00   0.0000000E+00   0.0000000E+00   0.0000000E+00   0.0000000E+00   0.0000000E+00   0.0000000E+00  -4.2634717E-01  -1.4665800E+00  -3.2514584E+00  -5.6934695E+00  -9.1847382E+00  -1.3948021E+01  -2.0220676E+01  -2.8254513E+01  -3.8315498E+01  -5.0683338E+01  -6.5650894E+01  -8.3523430E+01  -1.0461774E+02  -1.2926099E+02  -1.5778947E+02  -1.9054713E+02  -2.2788387E+02  -2.7015356E+02  -3.1771213E+02  -3.7091498E+02  -4.3011465E+02  -4.9565796E+02  -5.6788300E+02  -6.4711603E+02  -7.3366821E+02  -8.2783167E+02  -9.2987640E+02  -1.0400458E+03  -1.1585530E+03  -1.2855770E+03  -1.4212581E+03  -1.5656937E+03  -1.7189349E+03  -1.8809813E+03  -2.0517776E+03  -2.2312097E+03  -2.4191001E+03  -2.6152058E+03  -2.8192134E+03  -3.0307373E+03  -3.2493164E+03  -3.4744121E+03  -3.7054067E+03  -3.9416016E+03  -4.1822173E+03  -4.4263931E+03  -4.6731875E+03  -4.9215796E+03  -5.1704717E+03  -5.4186899E+03  -5.6649912E+03  -5.9080659E+03  -6.1465425E+03  -6.3789956E+03  -6.6039512E+03  -6.8198975E+03  -7.0252900E+03  -7.2185664E+03  -7.3981528E+03  -7.5624795E+03  -7.7099912E+03  -7.8391616E+03  -7.9485088E+03  -8.0366089E+03  -8.1021143E+03  -8.1437690E+03  -8.1604263E+03  -8.1510688E+03  -8.1148242E+03  -8.0509868E+03  -7.9590347E+03  -7.8386504E+03  -7.6897397E+03  -7.5124492E+03  -7.3071860E+03  -7.0746338E+03  -6.8157695E+03  -6.5318770E+03  -6.2245586E+03  -5.8957466E+03  -5.5477065E+03  -5.1830415E+03  -4.8045884E+03  -4.4009922E+03  -4.0016023E+03  -3.5838010E+03  -1.0826384E+03   0.0000000E+00   0.0000000E+00   0.0000000E+00   0.0000000E+00   0.0000000E+00
   0.0000000E+00   0.0000000E+00   0.0000000E+00   0.0000000E+00   0.0000000E+00   0.0000000E+00   0.0000000E+00  -1.3345665E-01  -9.6145976E-01  -3.2349515E+00  -7.0849171E+00  -1.2323303E+01  -1.9764257E+01  -2.9858141E+01  -4.3082619E+01  -5.9942989E+01  -8.0972336E+01  -1.0673145E+02  -1.3780852E+02  -1.7481857E+02  -2.1840260E+02  -2.6922641E+02  -3.2797897E+02  -3.9537073E+02  -4.7213104E+02  -5.5900562E+02  -6.5675323E+02  -7.6614197E+02  -8.8794519E+02  -1.0229365E+03  -1.1718849E+03  -1.3355486E+03  -1.5146687E+03  -1.7099625E+03  -1.9221155E+03  -2.1517739E+03  -2.3995356E+03  -2.6659417E+03  -2.9514661E+03  -3.2565068E+03  -3.5813750E+03  -3.9262842E+03  -4.2913403E+03  -4.6765303E+03  -5.0817124E+03  -5.5066035E+03  -5.9507710E+03  -6.4136206E+03  -6.8943892E+03  -7.3921323E+03  -7.9057202E+03  -8.4338271E+03  -8.9749229E+03  -9.5272832E+03  -1.0088967E+04  -1.0657820E+04  -1.1231484E+04  -1.1807389E+04  -1.2382760E+04  -1.2954626E+04  -1.3519827E+04  -1.4075024E+04  -1.4616718E+04  -1.5141260E+04  -1.5644875E+04  -1.6123686E+04  -1.6573738E+04  -1.6991027E+04  -1.7371531E+04  -1.7711248E+04  -1.8006229E+04  -1.8252615E+04  -1.8446684E+04  -1.8584881E+04  -1.8663861E+04  -1.8680510E+04  -1.8631957E+04  -1.8515564E+04  -1.8328859E+04  -1.8069408E+04  -1.7734520E+04  -1.7320762E+04  -1.6823061E+04  -1.6233156E+04  -1.5536945E+04  -1.4709952E+04  -1.3709697E+04  -1.2463058E+04  -1.0846196E+04  -8.6590947E+03  -5.7263896E+03  -4.5382417E+03  -4.0182810E+03  -3.2839487E+03  -6.6023499E+01   0.0000000E+00   0.0000000E+00   0.0000000E+00   0.0000000E+00   0.0000000E+00
   0.0000000E+00   0.0000000E+00   0.0000000E+00   0.0000000E+00   0.0000000E+00   0.0000000E+00   0.0000000E+00  -2.2628586E-01  -1.5757195E+00  -5.2193351E+00  -1.1353042E+01  -1.9701242E+01  -3.1546701E+01  -4.7606236E+01  -6.8643265E+01  -9.5469330E+01  -1.2894543E+02  -1.6998299E+02  -2.1954453E+02  -2.7864404E+02  -3.4834677E+02  -4.2976877E+02  -5.2407550E+02  -6.3248041E+02  -7.5624213E+02  -8.9666162E+02  -1.0550779E+03  -1.2328634E+03  -1.4314178E+03  -1.6521619E+03  -1.8965284E+03  -2.1659541E+03  -2.4618687E+03  -2.7856838E+03  -3.1387798E+03  -3.5224922E+03  -3.9380950E+03  -4.3867856E+03  -4.8696665E+03  -5.3877241E+03  -5.9418115E+03  -6.5326250E+03  -7.1606826E+03  -7.8262998E+03  -8.5295693E+03  -9.2703320E+03  -1.0048156E+04  -1.0862314E+04  -1.1711758E+04  -1.2595091E+04  -1.3510557E+04  -1.4456001E+04  -1.5428815E+04  -1.6426164E+04  -1.7444582E+04  -1.8480230E+04  -1.9528820E+04  -2.0585611E+04  -2.1645422E+04  -2.2702631E+04  -2.3751191E+04  -2.4784656E+04  -2.5796205E+04  -2.6778674E+04  -2.7724592E+04  -2.8626242E+04  -2.9475707E+04  -3.0264932E+04  -3.0985797E+04  -3.1630189E+04  -3.2190078E+04  -3.2657602E+04  -3.3025133E+04  -3.3285363E+04  -3.3431320E+04  -3.3456418E+04  -3.3354367E+04  -3.3119023E+04  -3.2744047E+04  -3.2222234E+04  -3.1544363E+04  -3.0697189E+04  -2.9660094E+04  -2.8399547E+04  -2.6860332E+04  -2.4952391E+04  -2.2533852E+04  -1.9398363E+04  -1.5302409E+04  -1.0167410E+04  -5.0675581E+03  -4.3971064E+03  -3.8294321E+03  -2.6898657E+03   0.0000000E+00   0.0000000E+00   0.0000000E+00   0.0000000E+00   0.0000000E+00   0.0000000E+00
   0.0000000E+00   0.0000000E+00   0.0000000E+00   0.0000000E+00   0.0000000E+00   0.0000000E+00   0.0000000E+00  -3.3655426E-01  -2.2617481E+00  -7.3897481E+00  -1.5989467E+01  -2.7716875E+01  -4.4365505E+01  -6.6959305E+01  -9.6596588E+01  -1.3445384E+02  -1.8179131E+02  -2.3996556E+02  -3.1040350E+02  -3.9454044E+02  -4.9411285E+02  -6.1102081E+02  -7.4634595E+02  -9.0270306E+02  -1.0825685E+03  -1.2868324E+03  -1.5181901E+03  -1.7771210E+03  -2.0689773E+03  -2.3947966E+03  -2.7570159E+03  -3.1581140E+03  -3.6005959E+03  -4.0869771E+03  -4.6197617E+03  -5.2014204E+03  -5.8343657E+03  -6.5209243E+03  -7.2633032E+03  -8.0635591E+03  -8.9235596E+03  -9.8449443E+03  -1.0829087E+04  -1.1921678E+04  -1.3041371E+04  -1.4226758E+04  -1.5477735E+04  -1.6793691E+04  -1.8173455E+04  -1.9615244E+04  -2.1116584E+04  -2.2542660E+04  -2.4136562E+04  -2.5777033E+04  -2.7458424E+04  -2.9174348E+04  -3.0917559E+04  -3.2679953E+04  -3.4452512E+04  -3.6225398E+04  -3.7987926E+04  -3.9728602E+04  -4.1435188E+04  -4.3094762E+04  -4.4693793E+04  -4.6218254E+04  -4.7653711E+04  -4.8985461E+04  -5.0198680E+04  -5.1278555E+04  -5.2210449E+04  -5.2980039E+04  -5.3573473E+04  -5.3977441E+04  -5.4179262E+04  -5.4166773E+04  -5.3928117E+04  -5.3451203E+04  -5.2722668E+04  -5.1726078E+04  -5.0438871E+04  -4.8827258E+04  -4.6838145E+04  -4.4386652E+04  -4.1338652E+04  -3.7491078E+04  -3.2566695E+04  -2.6272967E+04  -1.8572574E+04  -1.0421546E+04  -4.8640552E+03  -4.3284556E+03  -3.9007063E+03  -2.1312158E+03  -4.6021905E+00   0.0000000E+00   0.0000000E+00   0.0000000E+00   0.0000000E+00   0.0000000E+00
   0.0000000E+00   0.0000000E+00   0.0000000E+00   0.0000000E+00   0.0000000E+00   0.0000000E+00   0.0000000E+00  -4.6504298E-01  -3.0174875E+00  -9.7345266E+00  -2.0967537E+01  -3.6327209E+01  -5.8159348E+01  -8.7838867E+01  -1.2685312E+02  -1.7680946E+02  -2.3944699E+02  -3.1664880E+02  -4.1042480E+02  -5.2282037E+02  -6.5630688E+02  -8.1362408E+02  -9.9645374E+02  -1.2085348E+03  -1.4535258E+03  -1.7329866E+03  -2.0509749E+03  -2.4084761E+03  -2.8133091E+03  -3.2674231E+03  -3.7747400E+03  -4.3393037E+03  -4.9763540E+03  -5.6568247E+03  -6.4182773E+03  -7.2539019E+03  -8.1679604E+03  -9.1646523E+03  -1.0285762E+04  -1.1422045E+04  -1.2690314E+04  -1.4056179E+04  -1.5521745E+04  -1.7164957E+04  -1.8852393E+04  -2.0648010E+04  -2.2552574E+04  -2.4566023E+04  -2.6687369E+04  -2.8914699E+04  -3.1247709E+04  -3.3439523E+04  -3.5928988E+04  -3.8501160E+04  -4.1147254E+04  -4.3857051E+04  -4.6618785E+04  -4.9419109E+04  -5.2242973E+04  -5.5073816E+04  -5.7893492E+04  -6.0682363E+04  -6.3419395E+04  -6.6082266E+04  -6.8647547E+04  -7.1090891E+04  -7.3387227E+04  -7.5511016E+04  -7.7436555E+04  -7.9138211E+04  -8.0590727E+04  -8.1769523E+04  -8.2650875E+04  -8.3212109E+04  -8.3431586E+04  -8.3288422E+04  -8.2761852E+04  -8.1829891E+04  -8.0466953E+04  -7.8639789E+04  -7.6300852E+04  -7.3377836E+04  -6.9757875E+04  -6.5265906E+04  -5.9640973E+04  -5.2529215E+04  -4.3553875E+04  -3.2602734E+04  -2.0545627E+04  -1.0127045E+04  -4.7639473E+03  -4.2505742E+03  -3.4684177E+03  -1.6440302E+03   0.0000000E+00   0.0000000E+00   0.0000000E+00   0.0000000E+00   0.0000000E+00   0.0000000E+00
   0.0000000E+00   0.0000000E+00   0.0000000E+00   0.0000000E+00   0.0000000E+00   0.0000000E+00   0.0000000E+00  -6.1278433E-01  -3.8430004E+00  -1.2249363E+01  -2.6276693E+01  -4.5516869E+01  -7.2910568E+01  -1.1023163E+02  -1.5941666E+02  -2.2257846E+02  -3.0202771E+02  -4.0028372E+02  -5.2007526E+02  -6.6419922E+02  -8.3606158E+02  -1.0395071E+03  -1.2769420E+03  -1.5536152E+03  -1.8748268E+03  -2.2429827E+03  -2.6640781E+03  -3.1396357E+03  -3.6811353E+03  -4.2917861E+03  -4.9776680E+03  -5.7449756E+03  -6.6166606E+03  -7.5514702E+03  -8.6041289E+03  -9.7659092E+03  -1.1043994E+04  -1.2445066E+04  -1.4035934E+04  -1.5730271E+04  -1.7462262E+04  -1.9545816E+04  -2.1544990E+04  -2.3954432E+04  -2.6427098E+04  -2.9072930E+04  -3.1894639E+04  -3.4893641E+04  -3.8069895E+04  -4.1422305E+04  -4.4958562E+04  -4.8206270E+04  -5.1991746E+04  -5.5918547E+04  -5.9973375E+04  -6.4140289E+04  -6.8400578E+04  -7.2732766E+04  -7.7112250E+04  -8.1511797E+04  -8.5901078E+04  -9.0244797E+04  -9.4512375E+04  -9.8664031E+04  -1.0266021E+05  -1.0645971E+05  -1.1002020E+05  -1.1329852E+05  -1.1625141E+05  -1.1883585E+05  -1.2100967E+05  -1.2273201E+05  -1.2396389E+05  -1.2467280E+05  -1.2487177E+05  -1.2442559E+05  -1.2334766E+05  -1.2159958E+05  -1.1913463E+05  -1.1588963E+05  -1.1177220E+05  -1.0664180E+05  -1.0028367E+05  -9.2379852E+04  -8.2495984E+04  -7.0143258E+04  -5.5056945E+04  -3.7906816E+04  -2.1351896E+04  -9.7362051E+03  -4.6738472E+03  -4.1761201E+03  -3.1784109E+03  -1.2383364E+03   0.0000000E+00   0.0000000E+00   0.0000000E+00   0.0000000E+00   0.0000000E+00   0.0000000E+00
   0.0000000E+00   0.0000000E+00   0.0000000E+00   0.0000000E+00   0.0000000E+00   0.0000000E+00   0.0000000E+00  -7.8096110E-01  -4.7394700E+00  -1.4933802E+01  -3.1914846E+01  -5.5285130E+01  -8.8625053E+01  -1.3416003E+02  -1.9434337E+02  -2.7187790E+02  -3.6975317E+02  -4.9125272E+02  -6.3998590E+02  -8.1966815E+02  -1.0348867E+03  -1.2909285E+03  -1.5910573E+03  -1.9425389E+03  -2.3529290E+03  -2.8256824E+03  -3.3695127E+03  -3.9864509E+03  -4.6933521E+03  -5.4951382E+03  -6.4009736E+03  -7.4200312E+03  -8.5877168E+03  -9.8427266E+03  -1.1266957E+04  -1.2848518E+04  -1.4599084E+04  -1.6528707E+04  -1.8746955E+04  -2.1113365E+04  -2.3531576E+04  -2.6496014E+04  -2.9312174E+04  -3.2796703E+04  -3.6360895E+04  -4.0197559E+04  -4.4313328E+04  -4.8712863E+04  -5.3398613E+04  -5.8372699E+04  -6.3661680E+04  -6.8345109E+04  -7.4012031E+04  -7.9914562E+04  -8.6032508E+04  -9.2341195E+04  -9.8811195E+04  -1.0540812E+05  -1.1209241E+05  -1.1881959E+05  -1.2553980E+05  -1.3219641E+05  -1.3873653E+05  -1.4509511E+05  -1.5120644E+05  -1.5700214E+05  -1.6241192E+05  -1.6736444E+05  -1.7178833E+05  -1.7561300E+05  -1.7876964E+05  -1.8119211E+05  -1.8281844E+05  -1.8360128E+05  -1.8353366E+05  -1.8243862E+05  -1.8032045E+05  -1.7711483E+05  -1.7274038E+05  -1.6708141E+05  -1.5996261E+05  -1.5113497E+05  -1.4022545E+05  -1.2672155E+05  -1.1006975E+05  -9.0324531E+04  -6.6529594E+04  -4.1839707E+04  -2.1292322E+04  -9.4050273E+03  -4.5731445E+03  -4.1057344E+03  -2.8380503E+03  -8.9591168E+02   0.0000000E+00   0.0000000E+00   0.0000000E+00   0.0000000E+00   0.0000000E+00   0.0000000E+00
   0.0000000E+00   0.0000000E+00   0.0000000E+00   0.0000000E+00   0.0000000E+00   0.0000000E+00   0.0000000E+00  -9.7086817E-01  -5.7087879E+00  -1.7789776E+01  -3.7885155E+01  -6.5640518E+01  -1.0532375E+02  -1.5967012E+02  -2.3172505E+02  -3.2487762E+02  -4.4292047E+02  -5.9005078E+02  -7.7095099E+02  -9.9045190E+02  -1.2546272E+03  -1.5706304E+03  -1.9427251E+03  -2.3808567E+03  -2.8956514E+03  -3.4918472E+03  -4.1819258E+03  -4.9683032E+03  -5.8756450E+03  -6.9111680E+03  -8.0884072E+03  -9.4206797E+03  -1.0963071E+04  -1.2621765E+04  -1.4521373E+04  -1.6644752E+04  -1.9010381E+04  -2.1632967E+04  -2.4651447E+04  -2.7963537E+04  -3.1288701E+04  -3.5475848E+04  -3.9381523E+04  -4.4388516E+04  -4.9478570E+04  -5.4992887E+04  -6.0945496E+04  -6.7347500E+04  -7.4206938E+04  -8.1534320E+04  -8.9394047E+04  -9.5983430E+04  -1.0438823E+05  -1.1317755E+05  -1.2232082E+05  -1.3177997E+05  -1.4150872E+05  -1.5145223E+05  -1.6154700E+05  -1.7172091E+05  -1.8189267E+05  -1.9197200E+05  -2.0186859E+05  -2.1147744E+05  -2.2069092E+05  -2.2939720E+05  -2.3748219E+05  -2.4483409E+05  -2.5132956E+05  -2.5685902E+05  -2.6131278E+05  -2.6458638E+05  -2.6658381E+05  -2.6723197E+05  -2.6647725E+05  -2.6410872E+05  -2.6010061E+05  -2.5434478E+05  -2.4670086E+05  -2.3697383E+05  -2.2486789E+05  -2.0986347E+05  -1.9153920E+05  -1.6920114E+05  -1.4313711E+05  -1.1073961E+05  -7.5843742E+04  -4.3360375E+04  -2.0312309E+04  -9.1482285E+03  -4.4473052E+03  -3.7677395E+03  -2.4959006E+03  -6.2278058E+02   0.0000000E+00   0.0000000E+00   0.0000000E+00   0.0000000E+00   0.0000000E+00   0.0000000E+00
   0.0000000E+00   0.0000000E+00   0.0000000E+00   0.0000000E+00   0.0000000E+00   0.0000000E+00   0.0000000E+00  -1.1838964E+00  -6.7533574E+00  -2.0820885E+01  -4.4194466E+01  -7.6598145E+01  -1.2303867E+02  -1.8682567E+02  -2.7168140E+02  -3.8179047E+02  -5.2189270E+02  -6.9727319E+02  -9.1391638E+02  -1.1780007E+03  -1.4974626E+03  -1.8818567E+03  -2.3365942E+03  -2.8751626E+03  -3.5123374E+03  -4.2544092E+03  -5.1190337E+03  -6.1087402E+03  -7.2594346E+03  -8.5813838E+03  -1.0094261E+04  -1.1817194E+04  -1.3835835E+04  -1.6004368E+04  -1.8514059E+04  -2.1339068E+04  -2.4508037E+04  -2.8042609E+04  -3.2125311E+04  -3.6732695E+04  -4.1255621E+04  -4.7154820E+04  -5.2508879E+04  -5.9693777E+04  -6.6929602E+04  -7.4821789E+04  -8.3397797E+04  -9.2680852E+04  -1.0269034E+05  -1.1345573E+05  -1.2511055E+05  -1.3412456E+05  -1.4651292E+05  -1.5951595E+05  -1.7308683E+05  -1.8716612E+05  -2.0168042E+05  -2.1654195E+05  -2.3164942E+05  -2.4688447E+05  -2.6211636E+05  -2.7720097E+05  -2.9198734E+05  -3.0630781E+05  -3.1998891E+05  -3.3285131E+05  -3.4471456E+05  -3.5540856E+05  -3.6472281E+05  -3.7249406E+05  -3.7855250E+05  -3.8273784E+05  -3.8490512E+05  -3.8493559E+05  -3.8270312E+05  -3.7796366E+05  -3.7063238E+05  -3.6052909E+05  -3.4741709E+05  -3.3097688E+05  -3.1071353E+05  -2.8567316E+05  -2.5558619E+05  -2.1957559E+05  -1.7811016E+05  -1.3091234E+05  -8.2985711E+04  -4.3445016E+04  -1.9288156E+04  -8.5114082E+03  -4.1245537E+03  -3.5519363E+03  -2.2100801E+03  -4.1412064E+02   0.0000000E+00   0.0000000E+00   0.0000000E+00   0.0000000E+00   0.0000000E+00   0.0000000E+00
   0.0000000E+00   0.0000000E+00   0.0000000E+00   0.0000000E+00   0.0000000E+00   0.0000000E+00   0.0000000E+00  -1.4215264E+00  -7.8759904E+00  -2.4032017E+01  -5.0852467E+01  -8.8178299E+01  -1.4181081E+02  -2.1570540E+02  -3.1435638E+02  -4.4286832E+02  -6.0709521E+02  -8.1361359E+02  -1.0699817E+03  -1.3840001E+03  -1.7659314E+03  -2.2284011E+03  -2.7781213E+03  -3.4332397E+03  -4.2141025E+03  -5.1288652E+03  -6.2022275E+03  -7.4363418E+03  -8.8831523E+03  -1.0556957E+04  -1.2485996E+04  -1.4697604E+04  -1.7324271E+04  -2.0137990E+04  -2.3433318E+04  -2.7170127E+04  -3.1392109E+04  -3.6131684E+04  -4.1634832E+04  -4.7887410E+04  -5.4132375E+04  -6.2217371E+04  -6.9719984E+04  -8.0054609E+04  -9.0326195E+04  -1.0160920E+05  -1.1395463E+05  -1.2740762E+05  -1.4200953E+05  -1.5782873E+05  -1.7511705E+05  -1.8696733E+05  -2.0512709E+05  -2.2424567E+05  -2.4424811E+05  -2.6503944E+05  -2.8650106E+05  -3.0849100E+05  -3.3084662E+05  -3.5337341E+05  -3.7586272E+05  -3.9808500E+05  -4.1979431E+05  -4.4072709E+05  -4.6061053E+05  -4.7916562E+05  -4.9611756E+05  -5.1121650E+05  -5.2411562E+05  -5.3458488E+05  -5.4237206E+05  -5.4724138E+05  -5.4897975E+05  -5.4739444E+05  -5.4226300E+05  -5.3329638E+05  -5.2030859E+05  -5.0300119E+05  -4.8098203E+05  -4.5372909E+05  -4.2041900E+05  -3.7954109E+05  -3.3141603E+05  -2.7545275E+05  -2.1447484E+05  -1.4518872E+05  -8.4208195E+04  -4.0441070E+04  -1.7434666E+04  -8.0155933E+03  -3.8645166E+03  -3.1544602E+03  -1.7360149E+03  -2.6373215E+02   0.0000000E+00   0.0000000E+00   0.0000000E+00   0.0000000E+00   0.0000000E+00   0.0000000E+00
   0.0000000E+00   0.0000000E+00   0.0000000E+00   0.0000000E+00   0.0000000E+00   0.0000000E+00   0.0000000E+00  -1.6853282E+00  -9.0798559E+00  -2.7429134E+01  -5.7871223E+01  -1.0040573E+02  -1.6168904E+02  -2.4640164E+02  -3.5991696E+02  -5.0840106E+02  -6.9901611E+02  -9.3986731E+02  -1.2404099E+03  -1.6103909E+03  -2.0629697E+03  -2.6146814E+03  -3.2736917E+03  -4.0642554E+03  -5.0141611E+03  -6.1337871E+03  -7.4573662E+03  -8.9858457E+03  -1.0793899E+04  -1.2901130E+04  -1.5347685E+04  -1.8172539E+04  -2.1579289E+04  -2.5211129E+04  -2.9521846E+04  -3.4447949E+04  -4.0055309E+04  -4.6393391E+04  -5.3799977E+04  -6.2275832E+04  -7.0861344E+04  -8.1946359E+04  -9.2408055E+04  -1.0735128E+05  -1.2194288E+05  -1.3808878E+05  -1.5588016E+05  -1.7540030E+05  -1.9673141E+05  -2.2001662E+05  -2.4569814E+05  -2.6026252E+05  -2.8669197E+05  -3.1456484E+05  -3.4375425E+05  -3.7410209E+05  -4.0541138E+05  -4.3744859E+05  -4.6994997E+05  -5.0259656E+05  -5.3505875E+05  -5.6697588E+05  -5.9795912E+05  -6.2760756E+05  -6.5550981E+05  -6.8125356E+05  -7.0444681E+05  -7.2474756E+05  -7.4160888E+05  -7.5473912E+05  -7.6378888E+05  -7.6843281E+05  -7.6836994E+05  -7.6329506E+05  -7.5286406E+05  -7.3673238E+05  -7.1453725E+05  -6.8578906E+05  -6.4985200E+05  -6.0589256E+05  -5.5261294E+05  -4.8794884E+05  -4.1375834E+05  -3.3024275E+05  -2.4220039E+05  -1.5310856E+05  -8.1344156E+04  -3.6696965E+04  -1.5821886E+04  -7.2419165E+03  -3.4249128E+03  -2.8630627E+03  -1.4445712E+03  -1.7787448E+02   0.0000000E+00   0.0000000E+00   0.0000000E+00   0.0000000E+00   0.0000000E+00   0.0000000E+00
   0.0000000E+00   0.0000000E+00   0.0000000E+00   0.0000000E+00   0.0000000E+00   0.0000000E+00   0.0000000E+00  -1.9769624E+00  -1.0368453E+01  -3.1019157E+01  -6.5264923E+01  -1.1330926E+02  -1.8272964E+02  -2.7901987E+02  -4.0855289E+02  -5.7871765E+02  -7.9820947E+02  -1.0769396E+03  -1.4266439E+03  -1.8593997E+03  -2.3919653E+03  -3.0458342E+03  -3.8307732E+03  -4.7790127E+03  -5.9282432E+03  -7.2914819E+03  -8.9157910E+03  -1.0799591E+04  -1.3049592E+04  -1.5692342E+04  -1.8784496E+04  -2.2381607E+04  -2.6794508E+04  -3.1465779E+04  -3.7093742E+04  -4.3576891E+04  -5.1013551E+04  -5.9480297E+04  -6.9446789E+04  -8.0935453E+04  -9.2711453E+04  -1.0792078E+05  -1.2246186E+05  -1.4423189E+05  -1.6500336E+05  -1.8815730E+05  -2.1385131E+05  -2.4223283E+05  -2.7345694E+05  -3.0780056E+05  -3.4000022E+05  -3.6157353E+05  -3.9958906E+05  -4.3965619E+05  -4.8154581E+05  -5.2498112E+05  -5.6962450E+05  -6.1508519E+05  -6.6093300E+05  -7.0664975E+05  -7.5172706E+05  -7.9561656E+05  -8.3773350E+05  -8.7750550E+05  -9.1435862E+05  -9.4773900E+05  -9.7715188E+05  -1.0021935E+06  -1.0220496E+06  -1.0364297E+06  -1.0449039E+06  -1.0470661E+06  -1.0425142E+06  -1.0307814E+06  -1.0113814E+06  -9.8391062E+05  -9.4769912E+05  -9.0195906E+05  -8.4569719E+05  -7.7765938E+05  -6.9600112E+05  -5.9843762E+05  -4.9007450E+05  -3.7287428E+05  -2.5609373E+05  -1.4789612E+05  -7.2156406E+04  -3.1233830E+04  -1.3755212E+04  -6.5436206E+03  -3.0349463E+03  -2.3794011E+03  -1.0588422E+03  -8.8314392E+01   0.0000000E+00   0.0000000E+00   0.0000000E+00   0.0000000E+00   0.0000000E+00   0.0000000E+00
   0.0000000E+00   0.0000000E+00   0.0000000E+00   0.0000000E+00   0.0000000E+00   0.0000000E+00   0.0000000E+00  -2.2981846E+00  -1.1745599E+01  -3.4809902E+01  -7.3049751E+01  -1.2692157E+02  -2.0499622E+02  -3.1367883E+02  -4.6047754E+02  -6.5418817E+02  -9.0530078E+02  -1.2258562E+03  -1.6303279E+03  -2.1335771E+03  -2.7568262E+03  -3.5278364E+03  -4.4581099E+03  -5.5902637E+03  -6.9751240E+03  -8.6288232E+03  -1.0615626E+04  -1.2929368E+04  -1.5721711E+04  -1.9028275E+04  -2.2928555E+04  -2.7501779E+04  -3.3219824E+04  -3.9213961E+04  -4.6557215E+04  -5.5086297E+04  -6.4946777E+04  -7.6257984E+04  -8.9677531E+04  -1.0525668E+05  -1.2138860E+05  -1.4226756E+05  -1.6242588E+05  -1.9443891E+05  -2.2408703E+05  -2.5737411E+05  -2.9456316E+05  -3.3590453E+05  -3.8167847E+05  -4.3240175E+05  -4.6924234E+05  -5.0008059E+05  -5.5365444E+05  -6.0985762E+05  -6.6825306E+05  -7.2833625E+05  -7.8951606E+05  -8.5113619E+05  -9.1250419E+05  -9.7280388E+05  -1.0312949E+06  -1.0872031E+06  -1.1397279E+06  -1.1881522E+06  -1.2317908E+06  -1.2700316E+06  -1.3024012E+06  -1.3285738E+06  -1.3474170E+06  -1.3588301E+06  -1.3623856E+06  -1.3576494E+06  -1.3441168E+06  -1.3211010E+06  -1.2879789E+06  -1.2442946E+06  -1.1888794E+06  -1.1205295E+06  -1.0378076E+06  -9.3902950E+05  -8.2197756E+05  -6.8503544E+05  -5.3898056E+05  -3.8786866E+05  -2.4414780E+05  -1.3091444E+05  -6.0170461E+04  -2.6076053E+04  -1.1854453E+04  -5.5521865E+03  -2.5180500E+03  -2.0091064E+03  -8.3268976E+02  -7.0237251E+01   0.0000000E+00   0.0000000E+00   0.0000000E+00   0.0000000E+00   0.0000000E+00   0.0000000E+00
   0.0000000E+00   0.0000000E+00   0.0000000E+00   0.0000000E+00   0.0000000E+00   0.0000000E+00   0.0000000E+00  -2.6508505E+00  -1.3215429E+01  -3.8810059E+01  -8.1243820E+01  -1.4127924E+02  -2.2855975E+02  -3.5051105E+02  -5.1592938E+02  -7.3522736E+02  -1.0209939E+03  -1.3877783E+03  -1.8533344E+03  -2.4358457E+03  -3.1620635E+03  -4.0676538E+03  -5.1659614E+03  -6.5131021E+03  -8.1772861E+03  -1.0178313E+04  -1.2603446E+04  -1.5438785E+04  -1.8898865E+04  -2.3031127E+04  -2.7946617E+04  -3.3758414E+04  -4.1179836E+04  -4.8859680E+04  -5.8444730E+04  -6.9671250E+04  -8.2752984E+04  -9.7875648E+04  -1.1596197E+05  -1.3709725E+05  -1.5917283E+05  -1.8782453E+05  -2.1568153E+05  -2.6326438E+05  -3.0568928E+05  -3.5363847E+05  -4.0753219E+05  -4.6777534E+05  -5.3484719E+05  -5.9156344E+05  -6.4319781E+05  -6.8510288E+05  -7.5796575E+05  -8.3352262E+05  -9.1092475E+05  -9.8924994E+05  -1.0674789E+06  -1.1445501E+06  -1.2194180E+06  -1.2908980E+06  -1.3580552E+06  -1.4199665E+06  -1.4757375E+06  -1.5247122E+06  -1.5663336E+06  -1.6002129E+06  -1.6262285E+06  -1.6444501E+06  -1.6533705E+06  -1.6534498E+06  -1.6444161E+06  -1.6258942E+06  -1.5972752E+06  -1.5576021E+06  -1.5062061E+06  -1.4426351E+06  -1.3650631E+06  -1.2718819E+06  -1.1613244E+06  -1.0315543E+06  -8.8051512E+05  -7.0854162E+05  -5.3402900E+05  -3.6200041E+05  -2.0798208E+05  -1.0355917E+05  -4.6135344E+04  -2.0524078E+04  -9.6485625E+03  -4.6217573E+03  -2.0692454E+03  -1.5430016E+03  -5.2089514E+02  -1.7188698E+01   0.0000000E+00   0.0000000E+00   0.0000000E+00   0.0000000E+00   0.0000000E+00   0.0000000E+00
   0.0000000E+00   0.0000000E+00   0.0000000E+00   0.0000000E+00   0.0000000E+00   0.0000000E+00   0.0000000E+00  -3.0369222E+00  -1.4782406E+01  -4.3029182E+01  -8.9867203E+01  -1.5642278E+02  -2.5349893E+02  -3.8966367E+02  -5.7517383E+02  -8.2229895E+02  -1.1460804E+03  -1.5640197E+03  -2.0977969E+03  -2.7695586E+03  -3.6128945E+03  -4.6734233E+03  -5.9663994E+03  -7.5654463E+03  -9.5617578E+03  -1.1979433E+04  -1.4936419E+04  -1.8406309E+04  -2.2691404E+04  -2.7854469E+04  -3.4050129E+04  -4.1439863E+04  -5.1098949E+04  -6.0928023E+04  -7.3452930E+04  -8.8246094E+04  -1.0561854E+05  -1.2585662E+05  -1.5025139E+05  -1.7891956E+05  -2.0907327E+05  -2.4830778E+05  -2.8660784E+05  -3.5815972E+05  -4.1895169E+05  -4.8803962E+05  -5.6605444E+05  -6.5360944E+05  -7.5149106E+05  -8.0095769E+05  -8.6934862E+05  -9.2178444E+05  -1.0149742E+06  -1.1093234E+06  -1.2032614E+06  -1.2952135E+06  -1.3835798E+06  -1.4668558E+06  -1.5437308E+06  -1.6128024E+06  -1.6732882E+06  -1.7245115E+06  -1.7659212E+06  -1.7974402E+06  -1.8191424E+06  -1.8313609E+06  -1.8348410E+06  -1.8304498E+06  -1.8160068E+06  -1.7930238E+06  -1.7614906E+06  -1.7211372E+06  -1.6712501E+06  -1.6106640E+06  -1.5390399E+06  -1.4562670E+06  -1.3601042E+06  -1.2490506E+06  -1.1216256E+06  -9.7644925E+05  -8.1203638E+05  -6.3093444E+05  -4.5753022E+05  -2.9337034E+05  -1.5225911E+05  -7.4272438E+04  -3.3258914E+04  -1.5655500E+04  -7.6003984E+03  -3.5512656E+03  -1.5556943E+03  -1.1904691E+03  -4.1123331E+02  -2.2832863E+01   0.0000000E+00   0.0000000E+00   0.0000000E+00   0.0000000E+00   0.0000000E+00   0.0000000E+00
   0.0000000E+00   0.0000000E+00   0.0000000E+00   0.0000000E+00   0.0000000E+00   0.0000000E+00   0.0000000E+00  -3.4584756E+00  -1.6451330E+01  -4.7477734E+01  -9.8941994E+01  -1.7239685E+02  -2.7990070E+02  -4.3129965E+02  -6.3850616E+02  -9.1592090E+02  -1.2814506E+03  -1.7560679E+03  -2.3661501E+03  -3.1385688E+03  -4.1153677E+03  -5.3546807E+03  -6.8736714E+03  -8.7686494E+03  -1.1161175E+04  -1.4080365E+04  -1.7685076E+04  -2.1929205E+04  -2.7237416E+04  -3.3692258E+04  -4.1508500E+04  -5.0916730E+04  -6.3535891E+04  -7.6103492E+04  -9.2494797E+04  -1.1201360E+05  -1.3510702E+05  -1.6220894E+05  -1.9511061E+05  -2.3393564E+05  -2.7496728E+05  -3.2841775E+05  -3.8061019E+05  -4.8948997E+05  -5.7650856E+05  -6.7575138E+05  -7.8807219E+05  -9.1429794E+05  -1.0555741E+06  -1.0631621E+06  -1.1454940E+06  -1.2018546E+06  -1.3088658E+06  -1.4121612E+06  -1.5092346E+06  -1.5978799E+06  -1.6761595E+06  -1.7426066E+06  -1.7963278E+06  -1.8364052E+06  -1.8631364E+06  -1.8769136E+06  -1.8782314E+06  -1.8682314E+06  -1.8480625E+06  -1.8191011E+06  -1.7832451E+06  -1.7421679E+06  -1.6919595E+06  -1.6356286E+06  -1.5733619E+06  -1.5050496E+06  -1.4301119E+06  -1.3477652E+06  -1.2591122E+06  -1.1654645E+06  -1.0653151E+06  -9.5849512E+05  -8.4465800E+05  -7.2283225E+05  -5.9062100E+05  -4.4937597E+05  -3.2132272E+05  -2.0006767E+05  -9.6635336E+04  -4.7774941E+04  -2.2311211E+04  -1.1144391E+04  -5.5263198E+03  -2.6311353E+03  -1.1482643E+03  -8.1547937E+02  -1.7838593E+02   0.0000000E+00   0.0000000E+00   0.0000000E+00   0.0000000E+00   0.0000000E+00   0.0000000E+00   0.0000000E+00
   0.0000000E+00   0.0000000E+00   0.0000000E+00   0.0000000E+00   0.0000000E+00   0.0000000E+00   0.0000000E+00  -3.9177098E+00  -1.8227360E+01  -5.2167095E+01  -1.0849236E+02  -1.8925050E+02  -3.0786072E+02  -4.7559912E+02  -7.0625415E+02  -1.0166721E+03  -1.4281057E+03  -1.9656099E+03  -2.6611785E+03  -3.5473162E+03  -4.6765146E+03  -6.1226348E+03  -7.9046553E+03  -1.0148257E+04  -1.3015132E+04  -1.6540232E+04  -2.0936932E+04  -2.6128643E+04  -3.2710586E+04  -4.0790660E+04  -5.0666594E+04  -6.2667398E+04  -7.9231305E+04  -9.5280031E+04  -1.1676660E+05  -1.4255111E+05  -1.7326527E+05  -2.0954817E+05  -2.5384652E+05  -3.0621294E+05  -3.6163534E+05  -4.3372784E+05  -5.0376659E+05  -6.7131088E+05  -7.9520325E+05  -9.3653194E+05  -1.0962188E+06  -1.1965368E+06  -1.3694629E+06  -1.3637490E+06  -1.4466950E+06  -1.4890938E+06  -1.5894981E+06  -1.6767284E+06  -1.7479344E+06  -1.8013148E+06  -1.8359155E+06  -1.8518139E+06  -1.8500308E+06  -1.8312411E+06  -1.7979036E+06  -1.7519452E+06  -1.6950450E+06  -1.6294192E+06  -1.5567390E+06  -1.4788989E+06  -1.3985719E+06  -1.3174714E+06  -1.2284045E+06  -1.1367094E+06  -1.0431426E+06  -9.4851581E+05  -8.5352938E+05  -7.5931375E+05  -6.6977381E+05  -5.8829488E+05  -5.1471850E+05  -4.4986703E+05  -3.9316103E+05  -3.4155488E+05  -2.8853844E+05  -2.2911098E+05  -1.7416716E+05  -1.1239431E+05  -5.2778160E+04  -2.8450014E+04  -1.4162579E+04  -7.5084590E+03  -3.8069463E+03  -1.7470360E+03  -7.6234076E+02  -5.6946844E+02  -1.9499899E+02  -3.3427775E+00   0.0000000E+00   0.0000000E+00   0.0000000E+00   0.0000000E+00   0.0000000E+00   0.0000000E+00
   0.0000000E+00   0.0000000E+00   0.0000000E+00   0.0000000E+00   0.0000000E+00   0.0000000E+00  -2.8004521E-05  -4.4169555E+00  -2.0116032E+01  -5.7109631E+01  -1.1854473E+02  -2.0703745E+02  -3.3748431E+02  -5.2276117E+02  -7.7878217E+02  -1.1251997E+03  -1.5871749E+03  -2.1945625E+03  -2.9860725E+03  -4.0009294E+03  -5.3045356E+03  -6.9905156E+03  -9.0794238E+03  -1.1734968E+04  -1.5171915E+04  -1.9431979E+04  -2.4801225E+04  -3.1156363E+04  -3.9330488E+04  -4.9463637E+04  -6.1967828E+04  -7.7311586E+04  -9.9173742E+04  -1.1962499E+05  -1.4783081E+05  -1.8191159E+05  -2.2273630E+05  -2.7120588E+05  -3.3057447E+05  -4.0062784E+05  -4.7449500E+05  -5.7002881E+05  -6.6159944E+05  -9.2177269E+05  -1.0959931E+06  -1.2937480E+06  -1.5155398E+06  -1.7615479E+06  -1.6997329E+06  -1.6563318E+06  -1.7106375E+06  -1.7075305E+06  -1.7653629E+06  -1.7986382E+06  -1.8064125E+06  -1.7897175E+06  -1.7506596E+06  -1.6926350E+06  -1.6194848E+06  -1.5330899E+06  -1.4375739E+06  -1.3351700E+06  -1.2270875E+06  -1.1152800E+06  -1.0010449E+06  -8.8654088E+05  -7.7543962E+05  -6.6924875E+05  -5.5919819E+05  -4.5488194E+05  -3.5900609E+05  -2.7399619E+05  -2.0154411E+05  -1.4289203E+05  -9.9758438E+04  -7.1684562E+04  -5.5900609E+04  -5.0464375E+04  -5.3365672E+04  -6.1878469E+04  -7.0869766E+04  -7.3476477E+04  -7.0416812E+04  -5.2602059E+04  -2.6163965E+04  -1.5640344E+04  -8.3759297E+03  -4.6552168E+03  -2.3739407E+03  -1.0969091E+03  -4.9788745E+02  -3.3632285E+02  -4.6268505E+01   0.0000000E+00   0.0000000E+00   0.0000000E+00   0.0000000E+00   0.0000000E+00   0.0000000E+00   0.0000000E+00
   0.0000000E+00   0.0000000E+00   0.0000000E+00   0.0000000E+00   0.0000000E+00   0.0000000E+00  -4.5991292E-05  -4.9586849E+00  -2.2123291E+01  -6.2318752E+01  -1.2912788E+02  -2.2581650E+02  -3.6888721E+02  -5.7300580E+02  -8.5649524E+02  -1.2422284E+03  -1.7599327E+03  -2.4451082E+03  -3.3444985E+03  -4.5053525E+03  -6.0090283E+03  -7.9739990E+03  -1.0421953E+04  -1.3565843E+04  -1.7690744E+04  -2.2846152E+04  -2.9415186E+04  -3.7203418E+04  -4.7376168E+04  -6.0113520E+04  -7.5984625E+04  -9.5654305E+04  -1.2469139E+05  -1.5065814E+05  -1.8771203E+05  -2.3272731E+05  -2.8684781E+05  -3.5125541E+05  -4.3008956E+05  -5.2242844E+05  -6.1864744E+05  -7.4153944E+05  -8.5616119E+05  -1.2621932E+06  -1.5015486E+06  -1.7696819E+06  -1.8553769E+06  -2.1041240E+06  -1.9715160E+06  -1.8549682E+06  -1.8394628E+06  -1.7560450E+06  -1.7346898E+06  -1.6844495E+06  -1.6089740E+06  -1.5133105E+06  -1.4026644E+06  -1.2823952E+06  -1.1567782E+06  -1.0260499E+06  -8.9416244E+05  -7.6219556E+05  -6.3075744E+05  -5.0307659E+05  -3.8275409E+05  -2.7496603E+05  -1.8512014E+05  -1.1403315E+05  -5.7009953E+04  -1.9489184E+04   0.0000000E+00  -3.1985312E+03  -2.4163970E+03  -1.7133352E+03  -1.2513076E+03  -1.0036772E+03  -9.2720795E+02  -1.0135569E+03  -1.2765579E+03  -2.0605410E+03  -8.4360264E+03  -1.6018893E+04  -2.2849898E+04  -2.1679910E+04  -1.2096174E+04  -8.1693979E+03  -4.6951631E+03  -2.7207380E+03  -1.4136267E+03  -6.4442889E+02  -2.9459012E+02  -2.2361444E+02  -8.0579971E+01   0.0000000E+00   0.0000000E+00   0.0000000E+00   0.0000000E+00   0.0000000E+00   0.0000000E+00   0.0000000E+00
   0.0000000E+00   0.0000000E+00   0.0000000E+00   0.0000000E+00   0.0000000E+00   0.0000000E+00  -6.6354667E-05  -5.5455265E+00  -2.4255516E+01  -6.7808983E+01  -1.4027316E+02  -2.4565198E+02  -4.0219666E+02  -6.2657635E+02  -9.3984436E+02  -1.3685709E+03  -1.9478210E+03  -2.7197393E+03  -3.7406841E+03  -5.0674956E+03  -6.8012695E+03  -9.0917441E+03  -1.1961015E+04  -1.5685854E+04  -2.0644688E+04  -2.6895883E+04  -3.4952395E+04  -4.4511715E+04  -5.7204086E+04  -7.3258188E+04  -9.3458297E+04  -1.1874242E+05  -1.5757947E+05  -1.9034289E+05  -2.3899330E+05  -2.9828194E+05  -3.6960100E+05  -4.5430681E+05  -5.5727244E+05  -6.7596294E+05  -7.9659244E+05  -9.4713731E+05  -1.0805139E+06  -1.7129566E+06  -2.0290555E+06  -2.0928465E+06  -2.7437648E+06  -2.3178448E+06  -2.0781212E+06  -1.8600224E+06  -1.7453511E+06  -1.5708801E+06  -1.4638494E+06  -1.3384105E+06  -1.2002050E+06  -1.0550889E+06  -9.0753394E+05  -7.6153925E+05  -6.1966181E+05  -4.8090294E+05  -3.5189428E+05  -2.3679116E+05  -1.4059158E+05  -6.9329625E+04  -2.4842572E+04  -4.2490039E+03   0.0000000E+00   0.0000000E+00   0.0000000E+00  -1.4879365E-01  -1.3888834E+02  -1.0557749E-02  -1.0115408E+00  -4.6371217E+00  -8.8580418E+00  -1.8399515E+01  -8.3520203E+01  -1.4886162E+02  -2.2025372E+02  -3.8403204E+02  -1.9130742E+03  -3.9379131E+03  -7.2076763E+03  -8.5443887E+03  -5.4731123E+03  -4.0706541E+03  -2.4867712E+03  -1.4905647E+03  -7.8714642E+02  -3.8163925E+02  -2.0194814E+02  -1.1730905E+02  -1.0927845E+00   0.0000000E+00   0.0000000E+00   0.0000000E+00   0.0000000E+00   0.0000000E+00   0.0000000E+00   0.0000000E+00
   0.0000000E+00   0.0000000E+00   0.0000000E+00   0.0000000E+00   0.0000000E+00   0.0000000E+00  -1.9222235E-04  -6.1802735E+00  -2.6519558E+01  -7.3596054E+01  -1.5201472E+02  -2.6661429E+02  -4.3755267E+02  -6.8374207E+02  -1.0293323E+03  -1.5051407E+03  -2.1524756E+03  -3.0213091E+03  -4.1795181E+03  -5.6954268E+03  -7.6945620E+03  -1.0366068E+04  -1.3731308E+04  -1.8149875E+04  -2.4124482E+04  -3.1723496E+04  -4.1634035E+04  -5.3389258E+04  -6.9271875E+04  -8.9566781E+04  -1.1535071E+05  -1.4793562E+05  -2.0027641E+05  -2.4117762E+05  -3.0487803E+05  -3.8247216E+05  -4.7540066E+05  -5.8478088E+05  -7.1555394E+05  -8.6189700E+05  -1.0038345E+06  -1.1739985E+06  -1.3107420E+06  -2.2837190E+06  -2.6759365E+06  -2.2884258E+06  -2.8608770E+06  -2.2915045E+06  -1.9382815E+06  -1.6296485E+06  -1.4298146E+06  -1.1954601E+06  -1.0369835E+06  -8.7724369E+05  -7.1802662E+05  -5.6304144E+05  -4.1524406E+05  -2.8371594E+05  -1.7260452E+05  -8.6022242E+04  -3.0993525E+04   0.0000000E+00   0.0000000E+00   0.0000000E+00   0.0000000E+00   0.0000000E+00   0.0000000E+00   0.0000000E+00   0.0000000E+00   0.0000000E+00   0.0000000E+00   0.0000000E+00   0.0000000E+00   0.0000000E+00   0.0000000E+00  -2.7782912E-03  -1.7138683E+01  -4.4537312E+01  -8.8701843E+01  -1.8163751E+02  -5.8972101E+02  -1.2180861E+03  -2.4484385E+03  -3.3725188E+03  -2.4350769E+03  -1.9628717E+03  -1.2596442E+03  -7.7749579E+02  -4.2159619E+02  -2.0661920E+02  -1.1101915E+02  -7.7303581E+01  -2.8408504E+01   0.0000000E+00   0.0000000E+00   0.0000000E+00   0.0000000E+00   0.0000000E+00   0.0000000E+00   0.0000000E+00
   0.0000000E+00   0.0000000E+00   0.0000000E+00   0.0000000E+00   0.0000000E+00   0.0000000E+00  -3.9663052E-04  -6.8659024E+00  -2.8922775E+01  -7.9696999E+01  -1.6438972E+02  -2.8878049E+02  -4.7510941E+02  -7.4480170E+02  -1.1255206E+03  -1.6529662E+03  -2.3757561E+03  -3.3530952E+03  -4.6666763E+03  -6.3985977E+03  -8.7046719E+03  -1.1823802E+04  -1.5774906E+04  -2.1025244E+04  -2.8243600E+04  -3.7509402E+04  -4.9744141E+04  -6.4230438E+04  -8.4169758E+04  -1.0990634E+05  -1.4290977E+05  -1.8499075E+05  -2.5610423E+05  -3.0625422E+05  -3.8913838E+05  -4.8949475E+05  -6.0822612E+05  -7.4517550E+05  -9.0377231E+05  -1.0722652E+06  -1.2222470E+06  -1.3899712E+06  -1.4995810E+06  -2.9568838E+06  -2.7911625E+06  -2.2564830E+06  -2.6533968E+06  -1.9921624E+06  -1.5767155E+06  -1.2371138E+06  -1.0011582E+06  -7.5223312E+05  -5.8469844E+05  -4.2877028E+05  -2.8557931E+05  -1.6316630E+05  -6.9565438E+04  -1.6645148E+04   0.0000000E+00   0.0000000E+00   0.0000000E+00   0.0000000E+00   0.0000000E+00   0.0000000E+00   0.0000000E+00   0.0000000E+00   0.0000000E+00   0.0000000E+00   0.0000000E+00   0.0000000E+00   0.0000000E+00   0.0000000E+00   0.0000000E+00   0.0000000E+00   0.0000000E+00   0.0000000E+00   0.0000000E+00  -4.0614186E-03  -2.2085892E+01  -6.6819397E+01  -1.9276782E+02  -4.1541833E+02  -8.8303046E+02  -1.3416295E+03  -1.0638457E+03  -9.0889417E+02  -6.0601508E+02  -3.8272900E+02  -2.1029568E+02  -1.0795840E+02  -6.2342426E+01  -2.7387573E+01   0.0000000E+00   0.0000000E+00   0.0000000E+00   0.0000000E+00   0.0000000E+00   0.0000000E+00   0.0000000E+00   0.0000000E+00
   0.0000000E+00   0.0000000E+00   0.0000000E+00   0.0000000E+00   0.0000000E+00   0.0000000E+00  -6.9181394E-04  -7.6055856E+00  -3.1473085E+01  -8.6130272E+01  -1.7743864E+02  -3.1223499E+02  -5.1503680E+02  -8.1008667E+02  -1.2290377E+03  -1.8132087E+03  -2.6197847E+03  -3.7188760E+03  -5.2087734E+03  -7.1881353E+03  -9.8503740E+03  -1.3497386E+04  -1.8143125E+04  -2.4395123E+04  -3.3145016E+04  -4.4484098E+04  -5.9650504E+04  -7.7543016E+04  -1.0266194E+05  -1.3540170E+05  -1.7774902E+05  -2.3215223E+05  -3.2958806E+05  -3.8920875E+05  -4.9578834E+05  -6.2295788E+05  -7.6975831E+05  -9.3269912E+05  -1.1109569E+06  -1.2838090E+06  -1.4137992E+06  -1.5415435E+06  -3.2109605E+06  -2.9455525E+06  -2.6069488E+06  -1.9705256E+06  -2.1642198E+06  -1.5198374E+06  -1.1256736E+06  -8.1621400E+05  -5.7951319E+05  -3.4399719E+05  -2.0083111E+05  -9.1496883E+04  -2.2774729E+04   0.0000000E+00   0.0000000E+00   0.0000000E+00   0.0000000E+00   0.0000000E+00   0.0000000E+00   0.0000000E+00   0.0000000E+00   0.0000000E+00   0.0000000E+00   0.0000000E+00   0.0000000E+00   0.0000000E+00   0.0000000E+00   0.0000000E+00   0.0000000E+00   0.0000000E+00   0.0000000E+00   0.0000000E+00   0.0000000E+00   0.0000000E+00   0.0000000E+00   0.0000000E+00   0.0000000E+00  -2.8274311E-02  -5.6014584E+01  -1.3933698E+02  -3.2081644E+02  -5.2812463E+02  -4.4877991E+02  -4.0243823E+02  -2.7637061E+02  -1.7803944E+02  -9.8991562E+01  -5.0777565E+01  -3.0237389E+01  -2.2199030E+01  -2.3092041E+00   0.0000000E+00   0.0000000E+00   0.0000000E+00   0.0000000E+00   0.0000000E+00   0.0000000E+00   0.0000000E+00
   0.0000000E+00   0.0000000E+00   0.0000000E+00   0.0000000E+00   0.0000000E+00   0.0000000E+00  -1.0947388E-03  -8.4027109E+00  -3.4179001E+01  -9.2915871E+01  -1.9120563E+02  -3.3707031E+02  -5.5752258E+02  -8.7996576E+02  -1.3405886E+03  -1.9871830E+03  -2.8869893E+03  -4.1230225E+03  -5.8135527E+03  -8.0771943E+03  -1.1154141E+04  -1.5426281E+04  -2.0898941E+04  -2.8362910E+04  -3.9010352E+04  -5.2944641E+04  -7.1833617E+04  -9.3984078E+04  -1.2574062E+05  -1.6751014E+05  -2.2193681E+05  -2.9222553E+05  -4.2685850E+05  -4.9391088E+05  -6.2818625E+05  -7.8394325E+05  -9.5589344E+05  -1.1340125E+06  -1.3100795E+06  -1.4534852E+06  -1.5226041E+06  -1.5679004E+06  -3.8982442E+06  -2.6182935E+06  -2.1571270E+06  -1.5227205E+06  -1.5683019E+06  -1.0366714E+06  -7.1329300E+05  -4.4760381E+05  -2.2096658E+05  -5.4347344E+04   0.0000000E+00   0.0000000E+00   0.0000000E+00   0.0000000E+00   0.0000000E+00   0.0000000E+00   0.0000000E+00   0.0000000E+00   0.0000000E+00   0.0000000E+00   0.0000000E+00   0.0000000E+00   0.0000000E+00   0.0000000E+00   0.0000000E+00   0.0000000E+00   0.0000000E+00   0.0000000E+00   0.0000000E+00   0.0000000E+00   0.0000000E+00   0.0000000E+00   0.0000000E+00   0.0000000E+00   0.0000000E+00   0.0000000E+00   0.0000000E+00   0.0000000E+00  -2.8520697E-03  -3.3220001E+01  -1.0828384E+02  -1.9759167E+02  -1.7673294E+02  -1.6521390E+02  -1.1596609E+02  -7.6101509E+01  -4.2484791E+01  -2.1972389E+01  -1.3011202E+01   0.0000000E+00   0.0000000E+00   0.0000000E+00   0.0000000E+00   0.0000000E+00   0.0000000E+00   0.0000000E+00   0.0000000E+00   0.0000000E+00
   0.0000000E+00   0.0000000E+00   0.0000000E+00   0.0000000E+00   0.0000000E+00   0.0000000E+00  -1.6238492E-03  -9.2608976E+00  -3.7049702E+01  -1.0007550E+02  -2.0573883E+02  -3.6338812E+02  -6.0277417E+02  -9.5485022E+02  -1.4609661E+03  -2.1763821E+03  -3.1801584E+03  -4.5706128E+03  -6.4901167E+03  -9.0814121E+03  -1.2643025E+04  -1.7658807E+04  -2.4120170E+04  -3.3058102E+04  -4.6072352E+04  -6.3277379E+04  -8.6927117E+04  -1.1440760E+05  -1.5469502E+05  -2.0810906E+05  -2.7807856E+05  -3.6857766E+05  -5.5610469E+05  -6.2361088E+05  -7.8711119E+05  -9.6750394E+05  -1.1515698E+06  -1.3196285E+06  -1.4556860E+06  -1.5253524E+06  -1.4964850E+06  -1.4374505E+06  -4.4879805E+06  -2.0713378E+06  -1.5955998E+06  -1.0625551E+06  -1.0368416E+06  -6.4040869E+05  -3.7758538E+05  -1.4940867E+05   0.0000000E+00   0.0000000E+00   0.0000000E+00   0.0000000E+00   0.0000000E+00   0.0000000E+00   0.0000000E+00   0.0000000E+00   0.0000000E+00   0.0000000E+00   0.0000000E+00   0.0000000E+00   0.0000000E+00   0.0000000E+00   0.0000000E+00   0.0000000E+00   0.0000000E+00   0.0000000E+00   0.0000000E+00   0.0000000E+00   0.0000000E+00   0.0000000E+00   0.0000000E+00   0.0000000E+00   0.0000000E+00   0.0000000E+00   0.0000000E+00   0.0000000E+00   0.0000000E+00   0.0000000E+00   0.0000000E+00   0.0000000E+00   0.0000000E+00   0.0000000E+00   0.0000000E+00   0.0000000E+00   0.0000000E+00  -1.3476549E-02  -1.5523326E+01  -8.0054836E+00  -5.0562930E+00  -5.8038940E+00   0.0000000E+00   0.0000000E+00   0.0000000E+00   0.0000000E+00   0.0000000E+00   0.0000000E+00   0.0000000E+00   0.0000000E+00
   0.0000000E+00   0.0000000E+00   0.0000000E+00   0.0000000E+00   0.0000000E+00   0.0000000E+00  -2.2992315E-03  -1.0184025E+01  -4.0095081E+01  -1.0763272E+02  -2.2109085E+02  -3.9130020E+02  -6.5102148E+02  -1.0351992E+03  -1.5910641E+03  -2.3825061E+03  -3.5025063E+03  -5.0675703E+03  -7.2492241E+03  -1.0219472E+04  -1.4349793E+04  -2.0254549E+04  -2.7903664E+04  -3.8644152E+04  -5.4632137E+04  -7.5989828E+04  -1.0577486E+05  -1.3992698E+05  -1.9119634E+05  -2.5958678E+05  -3.4934941E+05  -4.6494509E+05  -7.2795150E+05  -7.7910825E+05  -9.6733338E+05  -1.1576588E+06  -1.3258405E+06  -1.4435068E+06  -1.4946145E+06  -1.4567592E+06  -1.3255464E+06  -4.5925575E+06  -3.4265332E+06  -1.4835210E+06  -1.0840475E+06  -6.8927750E+05  -6.3092256E+05  -3.3057991E+05  -1.1332785E+05   0.0000000E+00   0.0000000E+00   0.0000000E+00   0.0000000E+00   0.0000000E+00   0.0000000E+00   0.0000000E+00   0.0000000E+00   0.0000000E+00   0.0000000E+00   0.0000000E+00   0.0000000E+00   0.0000000E+00   0.0000000E+00   0.0000000E+00   0.0000000E+00   0.0000000E+00   0.0000000E+00   0.0000000E+00   0.0000000E+00   0.0000000E+00   0.0000000E+00   0.0000000E+00   0.0000000E+00   0.0000000E+00   0.0000000E+00   0.0000000E+00   0.0000000E+00   0.0000000E+00   0.0000000E+00   0.0000000E+00   0.0000000E+00   0.0000000E+00   0.0000000E+00   0.0000000E+00   0.0000000E+00   0.0000000E+00   0.0000000E+00   0.0000000E+00  -1.1135325E-03  -2.0225630E+00  -1.1699003E+00   0.0000000E+00   0.0000000E+00   0.0000000E+00   0.0000000E+00   0.0000000E+00   0.0000000E+00   0.0000000E+00   0.0000000E+00   0.0000000E+00
   0.0000000E+00   0.0000000E+00   0.0000000E+00   0.0000000E+00   0.0000000E+00   0.0000000E+00  -3.1427981E-03  -1.1176245E+01  -4.3325817E+01  -1.1561313E+02  -2.3731923E+02  -4.2092966E+02  -7.0251984E+02  -1.1215272E+03  -1.7318934E+03  -2.6074988E+03  -3.8577524E+03  -5.6208389E+03  -8.1036548E+03  -1.1513834E+04  -1.6314389E+04  -2.3287576E+04  -3.2370951E+04  -4.5329125E+04  -6.5083328E+04  -9.1755695E+04  -1.2951236E+05  -1.7199511E+05  -2.3739452E+05  -3.2490678E+05  -4.3938022E+05  -5.8481544E+05  -9.5543238E+05  -9.5547325E+05  -1.1527966E+06  -1.3230299E+06  -1.4330250E+06  -1.4564926E+06  -1.3948951E+06  -1.2551716E+06  -4.6473750E+06  -3.4168370E+06  -2.3986138E+06  -9.9146094E+05  -6.9567631E+05  -4.1584431E+05  -3.1818150E+05  -8.7798484E+04   0.0000000E+00   0.0000000E+00   0.0000000E+00   0.0000000E+00   0.0000000E+00   0.0000000E+00   0.0000000E+00   0.0000000E+00   0.0000000E+00   0.0000000E+00   0.0000000E+00   0.0000000E+00   0.0000000E+00   0.0000000E+00   0.0000000E+00   0.0000000E+00   0.0000000E+00   0.0000000E+00   0.0000000E+00   0.0000000E+00   0.0000000E+00   0.0000000E+00   0.0000000E+00   0.0000000E+00   0.0000000E+00   0.0000000E+00   0.0000000E+00   0.0000000E+00   0.0000000E+00   0.0000000E+00   0.0000000E+00   0.0000000E+00   0.0000000E+00   0.0000000E+00   0.0000000E+00   0.0000000E+00   0.0000000E+00   0.0000000E+00   0.0000000E+00   0.0000000E+00   0.0000000E+00   0.0000000E+00   0.0000000E+00   0.0000000E+00   0.0000000E+00   0.0000000E+00   0.0000000E+00   0.0000000E+00   0.0000000E+00   0.0000000E+00   0.0000000E+00   0.0000000E+00
   0.0000000E+00   0.0000000E+00   0.0000000E+00   0.0000000E+00   0.0000000E+00   0.0000000E+00  -4.1784802E-03  -1.2242019E+01  -4.6753464E+01  -1.2404459E+02  -2.5448698E+02  -4.5241232E+02  -7.5755316E+02  -1.2144117E+03  -1.8846011E+03  -2.8535901E+03  -4.2502207E+03  -6.2385972E+03  -9.0686807E+03  -1.2991670E+04  -1.8585865E+04  -2.6850734E+04  -3.7675840E+04  -5.3380324E+04  -7.7946234E+04  -1.1147951E+05  -1.5968380E+05  -2.1250280E+05  -2.9600922E+05  -4.0757388E+05  -5.5180081E+05  -7.2998938E+05  -1.2528646E+06  -1.1374108E+06  -1.3125936E+06  -1.4189825E+06  -1.4278250E+06  -1.3360138E+06  -1.1771878E+06  -4.6680200E+06  -3.3951718E+06  -2.3590470E+06  -1.5868160E+06  -6.3351562E+05  -4.1750928E+05  -2.0442822E+05  -7.2130430E+04   0.0000000E+00   0.0000000E+00   0.0000000E+00   0.0000000E+00   0.0000000E+00   0.0000000E+00   0.0000000E+00   0.0000000E+00   0.0000000E+00   0.0000000E+00   0.0000000E+00   0.0000000E+00   0.0000000E+00   0.0000000E+00   0.0000000E+00   0.0000000E+00   0.0000000E+00   0.0000000E+00   0.0000000E+00   0.0000000E+00   0.0000000E+00   0.0000000E+00   0.0000000E+00   0.0000000E+00   0.0000000E+00   0.0000000E+00   0.0000000E+00   0.0000000E+00   0.0000000E+00   0.0000000E+00   0.0000000E+00   0.0000000E+00   0.0000000E+00   0.0000000E+00   0.0000000E+00   0.0000000E+00   0.0000000E+00   0.0000000E+00   0.0000000E+00   0.0000000E+00   0.0000000E+00   0.0000000E+00   0.0000000E+00   0.0000000E+00   0.0000000E+00   0.0000000E+00   0.0000000E+00   0.0000000E+00   0.0000000E+00   0.0000000E+00   0.0000000E+00   0.0000000E+00   0.0000000E+00
   0.0000000E+00   0.0000000E+00   0.0000000E+00   0.0000000E+00   0.0000000E+00   0.0000000E+00  -5.4324381E-03  -1.3386142E+01  -5.0390522E+01  -1.3295749E+02  -2.7266327E+02  -4.8589847E+02  -8.1643823E+02  -1.3145033E+03  -2.0504922E+03  -3.1233486E+03  -4.6849614E+03  -6.9305347E+03  -1.0162667E+04  -1.4686083E+04  -2.1224930E+04  -3.1061525E+04  -4.4014871E+04  -6.3144539E+04  -9.3917031E+04  -1.3639012E+05  -1.9841131E+05  -2.6388847E+05  -3.7036778E+05  -5.1134666E+05  -6.8908488E+05  -8.9781619E+05  -1.6324914E+06  -1.2953018E+06  -1.4034320E+06  -1.4034135E+06  -1.2946399E+06  -1.1113525E+06  -4.6673085E+06  -3.3684562E+06  -2.3272258E+06  -1.5546928E+06  -1.0116056E+06  -3.7876678E+05  -1.9930489E+05  -3.0075896E+04   0.0000000E+00   0.0000000E+00   0.0000000E+00   0.0000000E+00   0.0000000E+00   0.0000000E+00   0.0000000E+00   0.0000000E+00   0.0000000E+00   0.0000000E+00   0.0000000E+00   0.0000000E+00   0.0000000E+00   0.0000000E+00   0.0000000E+00   0.0000000E+00   0.0000000E+00   0.0000000E+00   0.0000000E+00   0.0000000E+00   0.0000000E+00   0.0000000E+00   0.0000000E+00   0.0000000E+00   0.0000000E+00   0.0000000E+00   0.0000000E+00   0.0000000E+00   0.0000000E+00   0.0000000E+00   0.0000000E+00   0.0000000E+00   0.0000000E+00   0.0000000E+00   0.0000000E+00   0.0000000E+00   0.0000000E+00   0.0000000E+00   0.0000000E+00   0.0000000E+00   0.0000000E+00   0.0000000E+00   0.0000000E+00   0.0000000E+00   0.0000000E+00   0.0000000E+00   0.0000000E+00   0.0000000E+00   0.0000000E+00   0.0000000E+00   0.0000000E+00   0.0000000E+00   0.0000000E+00   0.0000000E+00
   0.0000000E+00   0.0000000E+00   0.0000000E+00   0.0000000E+00   0.0000000E+00   0.0000000E+00  -6.9332826E-03  -1.4613774E+01  -5.4250542E+01  -1.4238495E+02  -2.9192410E+02  -5.2155444E+02  -8.7952911E+02  -1.4225367E+03  -2.2310583E+03  -3.4197449E+03  -5.1679014E+03  -7.7081953E+03  -1.1407851E+04  -1.6637715E+04  -2.4307377E+04  -3.6070203E+04  -5.1641828E+04  -7.5076555E+04  -1.1393946E+05  -1.6817780E+05  -2.4863992E+05  -3.2923300E+05  -4.6427691E+05  -6.3939469E+05  -8.5018350E+05  -1.0768958E+06  -2.0977380E+06  -1.3873140E+06  -1.3852351E+06  -1.2650145E+06  -1.0676721E+06  -4.6536050E+06  -3.3427860E+06  -2.3016642E+06  -1.5349276E+06  -9.9151762E+05  -6.0081312E+05  -1.7367077E+05   0.0000000E+00   0.0000000E+00   0.0000000E+00   0.0000000E+00   0.0000000E+00   0.0000000E+00   0.0000000E+00   0.0000000E+00   0.0000000E+00   0.0000000E+00   0.0000000E+00   0.0000000E+00   0.0000000E+00   0.0000000E+00   0.0000000E+00   0.0000000E+00   0.0000000E+00   0.0000000E+00   0.0000000E+00   0.0000000E+00   0.0000000E+00   0.0000000E+00   0.0000000E+00   0.0000000E+00   0.0000000E+00   0.0000000E+00   0.0000000E+00   0.0000000E+00   0.0000000E+00   0.0000000E+00   0.0000000E+00   0.0000000E+00   0.0000000E+00   0.0000000E+00   0.0000000E+00   0.0000000E+00   0.0000000E+00   0.0000000E+00   0.0000000E+00   0.0000000E+00   0.0000000E+00   0.0000000E+00   0.0000000E+00   0.0000000E+00   0.0000000E+00   0.0000000E+00   0.0000000E+00   0.0000000E+00   0.0000000E+00   0.0000000E+00   0.0000000E+00   0.0000000E+00   0.0000000E+00   0.0000000E+00   0.0000000E+00   0.0000000E+00
   0.0000000E+00   0.0000000E+00   0.0000000E+00   0.0000000E+00   0.0000000E+00   0.0000000E+00  -8.7123225E-03  -1.5930484E+01  -5.8348236E+01  -1.5236322E+02  -3.1235315E+02  -5.5956519E+02  -9.4722296E+02  -1.5393446E+03  -2.4280100E+03  -3.7462319E+03  -5.7060376E+03  -8.5854229E+03  -1.2831359E+04  -1.8896881E+04  -2.7928740E+04  -4.2071137E+04  -6.0888227E+04  -8.9779602E+04  -1.3931086E+05  -2.0919623E+05  -3.1448919E+05  -4.1226762E+05  -5.8148919E+05  -7.9240669E+05  -1.0265521E+06  -1.2425214E+06  -2.6335125E+06  -1.3740690E+06  -1.2482045E+06  -1.0398159E+06  -4.6296505E+06  -3.3208175E+06  -2.2826575E+06  -1.5227720E+06  -9.8144856E+05  -5.8361162E+05  -2.6010544E+05   0.0000000E+00   0.0000000E+00   0.0000000E+00   0.0000000E+00   0.0000000E+00   0.0000000E+00   0.0000000E+00   0.0000000E+00   0.0000000E+00   0.0000000E+00   0.0000000E+00   0.0000000E+00   0.0000000E+00   0.0000000E+00   0.0000000E+00   0.0000000E+00   0.0000000E+00   0.0000000E+00   0.0000000E+00   0.0000000E+00   0.0000000E+00   0.0000000E+00   0.0000000E+00   0.0000000E+00   0.0000000E+00   0.0000000E+00   0.0000000E+00   0.0000000E+00   0.0000000E+00   0.0000000E+00   0.0000000E+00   0.0000000E+00   0.0000000E+00   0.0000000E+00   0.0000000E+00   0.0000000E+00   0.0000000E+00   0.0000000E+00   0.0000000E+00   0.0000000E+00   0.0000000E+00   0.0000000E+00   0.0000000E+00   0.0000000E+00   0.0000000E+00   0.0000000E+00   0.0000000E+00   0.0000000E+00   0.0000000E+00   0.0000000E+00   0.0000000E+00   0.0000000E+00   0.0000000E+00   0.0000000E+00   0.0000000E+00   0.0000000E+00   0.0000000E+00
   0.0000000E+00   0.0000000E+00   0.0000000E+00   0.0000000E+00   0.0000000E+00   0.0000000E+00  -1.0803832E-02  -1.7342279E+01  -6.2699604E+01  -1.6293196E+02  -3.3404276E+02  -6.0013635E+02  -1.0199663E+03  -1.6658743E+03  -2.6433171E+03  -4.1068423E+03  -6.3076763E+03  -9.5789365E+03  -1.4466567E+04  -2.1526465E+04  -3.2210730E+04  -4.9319066E+04  -7.2192672E+04  -1.0806373E+05  -1.7184108E+05  -2.6276119E+05  -4.0174416E+05  -5.1712322E+05  -7.2432438E+05  -9.6510381E+05  -1.1972870E+06  -1.3562801E+06  -3.1981048E+06  -1.2446079E+06  -1.0277139E+06  -4.5975250E+06  -3.3022682E+06  -2.2699962E+06  -1.5155806E+06  -9.7678756E+05  -5.7132225E+05  -2.3330081E+05   0.0000000E+00   0.0000000E+00   0.0000000E+00   0.0000000E+00   0.0000000E+00   0.0000000E+00   0.0000000E+00   0.0000000E+00   0.0000000E+00   0.0000000E+00   0.0000000E+00   0.0000000E+00   0.0000000E+00   0.0000000E+00   0.0000000E+00   0.0000000E+00   0.0000000E+00   0.0000000E+00   0.0000000E+00   0.0000000E+00   0.0000000E+00   0.0000000E+00   0.0000000E+00   0.0000000E+00   0.0000000E+00   0.0000000E+00   0.0000000E+00   0.0000000E+00   0.0000000E+00   0.0000000E+00   0.0000000E+00   0.0000000E+00   0.0000000E+00   0.0000000E+00   0.0000000E+00   0.0000000E+00   0.0000000E+00   0.0000000E+00   0.0000000E+00   0.0000000E+00   0.0000000E+00   0.0000000E+00   0.0000000E+00   0.0000000E+00   0.0000000E+00   0.0000000E+00   0.0000000E+00   0.0000000E+00   0.0000000E+00   0.0000000E+00   0.0000000E+00   0.0000000E+00   0.0000000E+00   0.0000000E+00   0.0000000E+00   0.0000000E+00   0.0000000E+00   0.0000000E+00
   0.0000000E+00   0.0000000E+00   0.0000000E+00   0.0000000E+00   0.0000000E+00   0.0000000E+00  -1.3245347E-02  -1.8855663E+01  -6.7322067E+01  -1.7413472E+02  -3.5709506E+02  -6.4349774E+02  -1.0982629E+03  -1.8032067E+03  -2.8792590E+03  -4.5063125E+03  -6.9827471E+03  -1.0709089E+04  -1.6354909E+04  -2.4605883E+04  -3.7310273E+04  -5.8152730E+04  -8.6143672E+04  -1.3103056E+05  -2.1409302E+05  -3.3358694E+05  -5.1849597E+05  -6.4746431E+05  -8.9081838E+05  -1.1412931E+06  -1.3269836E+06  -1.3768688E+06  -3.7284575E+06  -1.0314530E+06  -4.5599435E+06  -3.2867058E+06  -2.2628528E+06  -1.5121589E+06  -9.7389631E+05  -5.6058406E+05  -2.0556805E+05   0.0000000E+00   0.0000000E+00   0.0000000E+00   0.0000000E+00   0.0000000E+00   0.0000000E+00   0.0000000E+00   0.0000000E+00   0.0000000E+00   0.0000000E+00   0.0000000E+00   0.0000000E+00   0.0000000E+00   0.0000000E+00   0.0000000E+00   0.0000000E+00   0.0000000E+00   0.0000000E+00   0.0000000E+00   0.0000000E+00   0.0000000E+00   0.0000000E+00   0.0000000E+00   0.0000000E+00   0.0000000E+00   0.0000000E+00   0.0000000E+00   0.0000000E+00   0.0000000E+00   0.0000000E+00   0.0000000E+00   0.0000000E+00   0.0000000E+00   0.0000000E+00   0.0000000E+00   0.0000000E+00   0.0000000E+00   0.0000000E+00   0.0000000E+00   0.0000000E+00   0.0000000E+00   0.0000000E+00   0.0000000E+00   0.0000000E+00   0.0000000E+00   0.0000000E+00   0.0000000E+00   0.0000000E+00   0.0000000E+00   0.0000000E+00   0.0000000E+00   0.0000000E+00   0.0000000E+00   0.0000000E+00   0.0000000E+00   0.0000000E+00   0.0000000E+00   0.0000000E+00   0.0000000E+00
   0.0000000E+00   0.0000000E+00   0.0000000E+00   0.0000000E+00   0.0000000E+00   0.0000000E+00  -1.6077995E-02  -2.0477678E+01  -7.2234642E+01  -1.8601930E+02  -3.8162329E+02  -6.8990643E+02  -1.1826830E+03  -1.9525815E+03  -3.1384866E+03  -4.9502368E+03  -7.7432026E+03  -1.2000865E+04  -1.8548359E+04  -2.8236604E+04  -4.3432469E+04  -6.9030055E+04  -1.0354320E+05  -1.6019748E+05  -2.6974753E+05  -4.2840247E+05  -6.7585006E+05  -8.0438906E+05  -1.0700368E+06  -1.2899659E+06  -1.3730898E+06  -1.2834034E+06  -4.1613925E+06  -4.5176355E+06  -3.2743910E+06  -2.2603185E+06  -1.5120366E+06  -9.7119875E+05  -5.4797225E+05  -1.7357338E+05   0.0000000E+00   0.0000000E+00   0.0000000E+00   0.0000000E+00   0.0000000E+00   0.0000000E+00   0.0000000E+00   0.0000000E+00   0.0000000E+00   0.0000000E+00   0.0000000E+00   0.0000000E+00   0.0000000E+00   0.0000000E+00   0.0000000E+00   0.0000000E+00   0.0000000E+00   0.0000000E+00   0.0000000E+00   0.0000000E+00   0.0000000E+00   0.0000000E+00   0.0000000E+00   0.0000000E+00   0.0000000E+00   0.0000000E+00   0.0000000E+00   0.0000000E+00   0.0000000E+00   0.0000000E+00   0.0000000E+00   0.0000000E+00   0.0000000E+00   0.0000000E+00   0.0000000E+00   0.0000000E+00   0.0000000E+00   0.0000000E+00   0.0000000E+00   0.0000000E+00   0.0000000E+00   0.0000000E+00   0.0000000E+00   0.0000000E+00   0.0000000E+00   0.0000000E+00   0.0000000E+00   0.0000000E+00   0.0000000E+00   0.0000000E+00   0.0000000E+00   0.0000000E+00   0.0000000E+00   0.0000000E+00   0.0000000E+00   0.0000000E+00   0.0000000E+00   0.0000000E+00   0.0000000E+00   0.0000000E+00
   0.0000000E+00   0.0000000E+00   0.0000000E+00   0.0000000E+00   0.0000000E+00   0.0000000E+00  -1.9346863E-02  -2.2215969E+01  -7.7458092E+01  -1.9863843E+02  -4.0775323E+02  -7.3965112E+02  -1.2738745E+03  -2.1154263E+03  -3.4240984E+03  -5.4452686E+03  -8.6035459E+03  -1.3485234E+04  -2.1112873E+04  -3.2550018E+04  -5.0849516E+04  -8.2581766E+04  -1.2550247E+05  -1.9767852E+05  -3.4415050E+05  -5.5674800E+05  -8.8836156E+05  -9.8238944E+05  -1.2368564E+06  -1.3686916E+06  -1.3072629E+06  -1.0945766E+06  -4.4635100E+06  -4.6753375E+06  -2.2618452E+06  -1.5145860E+06  -9.6850125E+05  -5.3259619E+05  -1.2971452E+05   0.0000000E+00   0.0000000E+00   0.0000000E+00   0.0000000E+00   0.0000000E+00   0.0000000E+00   0.0000000E+00   0.0000000E+00   0.0000000E+00   0.0000000E+00   0.0000000E+00   0.0000000E+00   0.0000000E+00   0.0000000E+00   0.0000000E+00   0.0000000E+00   0.0000000E+00   0.0000000E+00   0.0000000E+00   0.0000000E+00   0.0000000E+00   0.0000000E+00   0.0000000E+00   0.0000000E+00   0.0000000E+00   0.0000000E+00   0.0000000E+00   0.0000000E+00   0.0000000E+00   0.0000000E+00   0.0000000E+00   0.0000000E+00   0.0000000E+00   0.0000000E+00   0.0000000E+00   0.0000000E+00   0.0000000E+00   0.0000000E+00   0.0000000E+00   0.0000000E+00   0.0000000E+00   0.0000000E+00   0.0000000E+00   0.0000000E+00   0.0000000E+00   0.0000000E+00   0.0000000E+00   0.0000000E+00   0.0000000E+00   0.0000000E+00   0.0000000E+00   0.0000000E+00   0.0000000E+00   0.0000000E+00   0.0000000E+00   0.0000000E+00   0.0000000E+00   0.0000000E+00   0.0000000E+00   0.0000000E+00   0.0000000E+00
   0.0000000E+00   0.0000000E+00   0.0000000E+00   0.0000000E+00   0.0000000E+00  -2.3696813E-07  -2.3101402E-02  -2.4078850E+01  -8.3015198E+01  -2.1205025E+02  -4.3562500E+02  -7.9305707E+02  -1.3725764E+03  -2.2934636E+03  -3.7397385E+03  -5.9993765E+03  -9.5815322E+03  -1.5200997E+04  -2.4133238E+04  -3.7718871E+04  -5.9929133E+04  -9.9695258E+04  -1.5358850E+05  -2.4644116E+05  -4.4509838E+05  -7.3179394E+05  -1.1733270E+06  -1.1635591E+06  -1.3513131E+06  -1.3411035E+06  -1.1389136E+06  -4.4030490E+06  -4.6347155E+06  -4.7196110E+06  -1.5191601E+06  -9.6570531E+05  -5.1613394E+05   0.0000000E+00   0.0000000E+00   0.0000000E+00   0.0000000E+00   0.0000000E+00   0.0000000E+00   0.0000000E+00   0.0000000E+00   0.0000000E+00   0.0000000E+00   0.0000000E+00   0.0000000E+00   0.0000000E+00   0.0000000E+00   0.0000000E+00   0.0000000E+00   0.0000000E+00   0.0000000E+00   0.0000000E+00   0.0000000E+00   0.0000000E+00   0.0000000E+00   0.0000000E+00   0.0000000E+00   0.0000000E+00   0.0000000E+00   0.0000000E+00   0.0000000E+00   0.0000000E+00   0.0000000E+00   0.0000000E+00   0.0000000E+00   0.0000000E+00   0.0000000E+00   0.0000000E+00   0.0000000E+00   0.0000000E+00   0.0000000E+00   0.0000000E+00   0.0000000E+00   0.0000000E+00   0.0000000E+00   0.0000000E+00   0.0000000E+00   0.0000000E+00   0.0000000E+00   0.0000000E+00   0.0000000E+00   0.0000000E+00   0.0000000E+00   0.0000000E+00   0.0000000E+00   0.0000000E+00   0.0000000E+00   0.0000000E+00   0.0000000E+00   0.0000000E+00   0.0000000E+00   0.0000000E+00   0.0000000E+00   0.0000000E+00   0.0000000E+00   0.0000000E+00
   0.0000000E+00   0.0000000E+00   0.0000000E+00   0.0000000E+00   0.0000000E+00  -5.6595024E-07  -2.7395893E-02  -2.6075373E+01  -8.8930908E+01  -2.2631915E+02  -4.6539529E+02  -8.5049182E+02  -1.4796353E+03  -2.4887522E+03  -4.0897207E+03  -6.6221797E+03  -1.0699111E+04  -1.7197363E+04  -2.7720104E+04  -4.3974309E+04  -7.1178312E+04  -1.2164924E+05  -1.9004870E+05  -3.1064359E+05  -5.8384969E+05  -9.7061156E+05  -1.5473464E+06  -1.3133766E+06  -1.3704389E+06  -1.2030914E+06  -4.3600835E+06  -4.5978855E+06  -4.6915545E+06  -4.6388495E+06  -9.6210250E+05  -4.9680094E+05   0.0000000E+00   0.0000000E+00   0.0000000E+00   0.0000000E+00   0.0000000E+00   0.0000000E+00   0.0000000E+00   0.0000000E+00   0.0000000E+00   0.0000000E+00   0.0000000E+00   0.0000000E+00   0.0000000E+00   0.0000000E+00   0.0000000E+00   0.0000000E+00   0.0000000E+00   0.0000000E+00   0.0000000E+00   0.0000000E+00   0.0000000E+00   0.0000000E+00   0.0000000E+00   0.0000000E+00   0.0000000E+00   0.0000000E+00   0.0000000E+00   0.0000000E+00   0.0000000E+00   0.0000000E+00   0.0000000E+00   0.0000000E+00   0.0000000E+00   0.0000000E+00   0.0000000E+00   0.0000000E+00   0.0000000E+00   0.0000000E+00   0.0000000E+00   0.0000000E+00   0.0000000E+00   0.0000000E+00   0.0000000E+00   0.0000000E+00   0.0000000E+00   0.0000000E+00   0.0000000E+00   0.0000000E+00   0.0000000E+00   0.0000000E+00   0.0000000E+00   0.0000000E+00   0.0000000E+00   0.0000000E+00   0.0000000E+00   0.0000000E+00   0.0000000E+00   0.0000000E+00   0.0000000E+00   0.0000000E+00   0.0000000E+00   0.0000000E+00   0.0000000E+00   0.0000000E+00
   0.0000000E+00   0.0000000E+00   0.0000000E+00   0.0000000E+00   0.0000000E+00  -9.7628049E-07  -3.2289959E-02  -2.8215418E+01  -9.5232697E+01  -2.4151653E+02  -4.9723962E+02  -9.1237250E+02  -1.5960251E+03  -2.7034084E+03  -4.4791865E+03  -7.3253950E+03  -1.1983724E+04  -1.9537615E+04  -3.2020393E+04  -5.1632035E+04  -8.5312773E+04  -1.5033586E+05  -2.3814911E+05  -3.9598534E+05  -7.7609250E+05  -1.2925716E+06  -2.0184509E+06  -1.3857959E+06  -1.2745911E+06  -4.2739340E+06  -4.5953695E+06  -4.6715800E+06  -4.6183215E+06  -4.2540275E+06  -4.7343300E+05   0.0000000E+00   0.0000000E+00   0.0000000E+00   0.0000000E+00   0.0000000E+00   0.0000000E+00   0.0000000E+00   0.0000000E+00   0.0000000E+00   0.0000000E+00   0.0000000E+00   0.0000000E+00   0.0000000E+00   0.0000000E+00   0.0000000E+00   0.0000000E+00   0.0000000E+00   0.0000000E+00   0.0000000E+00   0.0000000E+00   0.0000000E+00   0.0000000E+00   0.0000000E+00   0.0000000E+00   0.0000000E+00   0.0000000E+00   0.0000000E+00   0.0000000E+00   0.0000000E+00   0.0000000E+00   0.0000000E+00   0.0000000E+00   0.0000000E+00   0.0000000E+00   0.0000000E+00   0.0000000E+00   0.0000000E+00   0.0000000E+00   0.0000000E+00   0.0000000E+00   0.0000000E+00   0.0000000E+00   0.0000000E+00   0.0000000E+00   0.0000000E+00   0.0000000E+00   0.0000000E+00   0.0000000E+00   0.0000000E+00   0.0000000E+00   0.0000000E+00   0.0000000E+00   0.0000000E+00   0.0000000E+00   0.0000000E+00   0.0000000E+00   0.0000000E+00   0.0000000E+00   0.0000000E+00   0.0000000E+00   0.0000000E+00   0.0000000E+00   0.0000000E+00   0.0000000E+00   0.0000000E+00
   0.0000000E+00   0.0000000E+00   0.0000000E+00   0.0000000E+00   0.0000000E+00  -1.4713158E-06  -3.7849158E-02  -3.0509794E+01  -1.0195084E+02  -2.5772183E+02  -5.3135541E+02  -9.7917438E+02  -1.7228729E+03  -2.9400984E+03  -4.9143149E+03  -8.1234355E+03  -1.3470116E+04  -2.2304457E+04  -3.7233188E+04  -6.1133844E+04  -1.0337051E+05  -1.8863452E+05  -3.0265019E+05  -5.0978506E+05  -1.0419689E+06  -1.7138091E+06  -2.5745068E+06  -1.3448541E+06  -1.0843968E+06  -4.5604075E+06  -4.7013340E+06  -4.6147830E+06  -4.2804550E+06  -3.1770362E+06   0.0000000E+00   0.0000000E+00   0.0000000E+00   0.0000000E+00   0.0000000E+00   0.0000000E+00   0.0000000E+00   0.0000000E+00   0.0000000E+00   0.0000000E+00   0.0000000E+00   0.0000000E+00   0.0000000E+00   0.0000000E+00   0.0000000E+00   0.0000000E+00   0.0000000E+00   0.0000000E+00   0.0000000E+00   0.0000000E+00   0.0000000E+00   0.0000000E+00   0.0000000E+00   0.0000000E+00   0.0000000E+00   0.0000000E+00   0.0000000E+00   0.0000000E+00   0.0000000E+00   0.0000000E+00   0.0000000E+00   0.0000000E+00   0.0000000E+00   0.0000000E+00   0.0000000E+00   0.0000000E+00   0.0000000E+00   0.0000000E+00   0.0000000E+00   0.0000000E+00   0.0000000E+00   0.0000000E+00   0.0000000E+00   0.0000000E+00   0.0000000E+00   0.0000000E+00   0.0000000E+00   0.0000000E+00   0.0000000E+00   0.0000000E+00   0.0000000E+00   0.0000000E+00   0.0000000E+00   0.0000000E+00   0.0000000E+00   0.0000000E+00   0.0000000E+00   0.0000000E+00   0.0000000E+00   0.0000000E+00   0.0000000E+00   0.0000000E+00   0.0000000E+00   0.0000000E+00   0.0000000E+00   0.0000000E+00
   0.0000000E+00   0.0000000E+00   0.0000000E+00   0.0000000E+00   0.0000000E+00  -2.0577934E-06  -4.4145629E-02  -3.2970345E+01  -1.0911878E+02  -2.7502365E+02  -5.6796552E+02  -1.0514413E+03  -1.8614891E+03  -3.2019841E+03  -5.4025962E+03  -9.0342373E+03  -1.5202929E+04  -2.5608033E+04  -4.3634828E+04  -7.3115906E+04  -1.2690278E+05  -2.4104603E+05  -3.9035500E+05  -6.5998394E+05  -1.4032664E+06  -2.2365842E+06  -3.1748898E+06  -1.1917338E+06  -4.4976060E+06  -4.7118640E+06  -4.6755445E+06  -4.3756170E+06  -3.7152342E+06  -2.4267120E+06   0.0000000E+00   0.0000000E+00   0.0000000E+00   0.0000000E+00   0.0000000E+00   0.0000000E+00   0.0000000E+00   0.0000000E+00   0.0000000E+00   0.0000000E+00   0.0000000E+00   0.0000000E+00   0.0000000E+00   0.0000000E+00   0.0000000E+00   0.0000000E+00   0.0000000E+00   0.0000000E+00   0.0000000E+00   0.0000000E+00   0.0000000E+00   0.0000000E+00   0.0000000E+00   0.0000000E+00   0.0000000E+00   0.0000000E+00   0.0000000E+00   0.0000000E+00   0.0000000E+00   0.0000000E+00   0.0000000E+00   0.0000000E+00   0.0000000E+00   0.0000000E+00   0.0000000E+00   0.0000000E+00   0.0000000E+00   0.0000000E+00   0.0000000E+00   0.0000000E+00   0.0000000E+00   0.0000000E+00   0.0000000E+00   0.0000000E+00   0.0000000E+00   0.0000000E+00   0.0000000E+00   0.0000000E+00   0.0000000E+00   0.0000000E+00   0.0000000E+00   0.0000000E+00   0.0000000E+00   0.0000000E+00   0.0000000E+00   0.0000000E+00   0.0000000E+00   0.0000000E+00   0.0000000E+00   0.0000000E+00   0.0000000E+00   0.0000000E+00   0.0000000E+00   0.0000000E+00   0.0000000E+00   0.0000000E+00
   0.0000000E+00   0.0000000E+00   0.0000000E+00   0.0000000E+00   0.0000000E+00  -2.7443630E-06  -5.1258858E-02  -3.5610077E+01  -1.1677357E+02  -2.9352115E+02  -6.0732227E+02  -1.1297985E+03  -2.0134078E+03  -3.4928457E+03  -5.9532041E+03  -1.0080408E+04  -1.7240514E+04  -2.9598377E+04  -5.1620184E+04  -8.8525555E+04  -1.5830094E+05  -3.1474916E+05  -5.1035491E+05  -8.5147012E+05  -1.8754050E+06  -2.8368982E+06  -3.7557245E+06  -4.4015600E+06  -4.7085540E+06  -4.7309705E+06  -4.5048030E+06  -3.9803802E+06  -3.1268372E+06  -1.8957529E+06   0.0000000E+00   0.0000000E+00   0.0000000E+00   0.0000000E+00   0.0000000E+00   0.0000000E+00   0.0000000E+00   0.0000000E+00   0.0000000E+00   0.0000000E+00   0.0000000E+00   0.0000000E+00   0.0000000E+00   0.0000000E+00   0.0000000E+00   0.0000000E+00   0.0000000E+00   0.0000000E+00   0.0000000E+00   0.0000000E+00   0.0000000E+00   0.0000000E+00   0.0000000E+00   0.0000000E+00   0.0000000E+00   0.0000000E+00   0.0000000E+00   0.0000000E+00   0.0000000E+00   0.0000000E+00   0.0000000E+00   0.0000000E+00   0.0000000E+00   0.0000000E+00   0.0000000E+00   0.0000000E+00   0.0000000E+00   0.0000000E+00   0.0000000E+00   0.0000000E+00   0.0000000E+00   0.0000000E+00   0.0000000E+00   0.0000000E+00   0.0000000E+00   0.0000000E+00   0.0000000E+00   0.0000000E+00   0.0000000E+00   0.0000000E+00   0.0000000E+00   0.0000000E+00   0.0000000E+00   0.0000000E+00   0.0000000E+00   0.0000000E+00   0.0000000E+00   0.0000000E+00   0.0000000E+00   0.0000000E+00   0.0000000E+00   0.0000000E+00   0.0000000E+00   0.0000000E+00   0.0000000E+00   0.0000000E+00
   0.0000000E+00   0.0000000E+00   0.0000000E+00   0.0000000E+00   0.0000000E+00  -3.5412236E-06  -5.9276536E-02  -3.8443314E+01  -1.2495636E+02  -3.1332565E+02  -6.4971295E+02  -1.2149689E+03  -2.1804360E+03  -3.8172419E+03  -6.5775020E+03  -1.1290889E+04  -1.9660723E+04  -3.4485527E+04  -6.1773570E+04  -1.0882795E+05  -2.0135236E+05  -4.2124991E+05  -6.7285631E+05  -1.0778752E+06  -2.4540935E+06  -3.4605778E+06  -4.2526975E+06  -4.6851055E+06  -4.7825800E+06  -4.6180075E+06  -4.2001045E+06  -3.5067502E+06  -2.6033618E+06  -1.5122224E+06   0.0000000E+00   0.0000000E+00   0.0000000E+00   0.0000000E+00   0.0000000E+00   0.0000000E+00   0.0000000E+00   0.0000000E+00   0.0000000E+00   0.0000000E+00   0.0000000E+00   0.0000000E+00   0.0000000E+00   0.0000000E+00   0.0000000E+00   0.0000000E+00   0.0000000E+00   0.0000000E+00   0.0000000E+00   0.0000000E+00   0.0000000E+00   0.0000000E+00   0.0000000E+00   0.0000000E+00   0.0000000E+00   0.0000000E+00   0.0000000E+00   0.0000000E+00   0.0000000E+00   0.0000000E+00   0.0000000E+00   0.0000000E+00   0.0000000E+00   0.0000000E+00   0.0000000E+00   0.0000000E+00   0.0000000E+00   0.0000000E+00   0.0000000E+00   0.0000000E+00   0.0000000E+00   0.0000000E+00   0.0000000E+00   0.0000000E+00   0.0000000E+00   0.0000000E+00   0.0000000E+00   0.0000000E+00   0.0000000E+00   0.0000000E+00   0.0000000E+00   0.0000000E+00   0.0000000E+00   0.0000000E+00   0.0000000E+00   0.0000000E+00   0.0000000E+00   0.0000000E+00   0.0000000E+00   0.0000000E+00   0.0000000E+00   0.0000000E+00   0.0000000E+00   0.0000000E+00   0.0000000E+00   0.0000000E+00
   0.0000000E+00   0.0000000E+00   0.0000000E+00   0.0000000E+00   0.0000000E+00  -4.4600538E-06  -6.8295516E-02  -4.1485855E+01  -1.3371301E+02  -3.3456262E+02  -6.9546570E+02  -1.3077928E+03  -2.3647192E+03  -4.1807261E+03  -7.2897549E+03  -1.2703398E+04  -2.2570047E+04  -4.0573574E+04  -7.4996570E+04  -1.3638105E+05  -2.6213847E+05  -5.7858294E+05  -8.8434275E+05  -1.3098822E+06  -3.1030620E+06  -4.0362310E+06  -4.6203810E+06  -4.8258330E+06  -4.7255870E+06  -4.3804760E+06  -3.8010100E+06  -3.0256485E+06  -2.1693688E+06  -1.2288669E+06   0.0000000E+00   0.0000000E+00   0.0000000E+00   0.0000000E+00   0.0000000E+00   0.0000000E+00   0.0000000E+00   0.0000000E+00   0.0000000E+00   0.0000000E+00   0.0000000E+00   0.0000000E+00   0.0000000E+00   0.0000000E+00   0.0000000E+00   0.0000000E+00   0.0000000E+00   0.0000000E+00   0.0000000E+00   0.0000000E+00   0.0000000E+00   0.0000000E+00   0.0000000E+00   0.0000000E+00   0.0000000E+00   0.0000000E+00   0.0000000E+00   0.0000000E+00   0.0000000E+00   0.0000000E+00   0.0000000E+00   0.0000000E+00   0.0000000E+00   0.0000000E+00   0.0000000E+00   0.0000000E+00   0.0000000E+00   0.0000000E+00   0.0000000E+00   0.0000000E+00   0.0000000E+00   0.0000000E+00   0.0000000E+00   0.0000000E+00   0.0000000E+00   0.0000000E+00   0.0000000E+00   0.0000000E+00   0.0000000E+00   0.0000000E+00   0.0000000E+00   0.0000000E+00   0.0000000E+00   0.0000000E+00   0.0000000E+00   0.0000000E+00   0.0000000E+00   0.0000000E+00   0.0000000E+00   0.0000000E+00   0.0000000E+00   0.0000000E+00   0.0000000E+00   0.0000000E+00   0.0000000E+00   0.0000000E+00
   0.0000000E+00   0.0000000E+00   0.0000000E+00   0.0000000E+00   0.0000000E+00  -5.5140572E-06  -7.8422971E-02  -4.4755196E+01  -1.4309476E+02  -3.5737399E+02  -7.4495746E+02  -1.4092540E+03  -2.5688264E+03  -4.5901406E+03  -8.1081562E+03  -1.4368194E+04  -2.6118729E+04  -4.8321504E+04  -9.2749156E+04  -1.7511484E+05  -3.5028238E+05  -8.1324831E+05  -1.1366602E+06  -1.4893715E+06  -3.7542185E+06  -4.4995565E+06  -4.8408345E+06  -4.8300900E+06  -4.5457110E+06  -4.0416158E+06  -3.3583700E+06  -2.5820075E+06  -1.8211275E+06  -1.0147494E+06   0.0000000E+00   0.0000000E+00   0.0000000E+00   0.0000000E+00   0.0000000E+00   0.0000000E+00   0.0000000E+00   0.0000000E+00   0.0000000E+00   0.0000000E+00   0.0000000E+00   0.0000000E+00   0.0000000E+00   0.0000000E+00   0.0000000E+00   0.0000000E+00   0.0000000E+00   0.0000000E+00   0.0000000E+00   0.0000000E+00   0.0000000E+00   0.0000000E+00   0.0000000E+00   0.0000000E+00   0.0000000E+00   0.0000000E+00   0.0000000E+00   0.0000000E+00   0.0000000E+00   0.0000000E+00   0.0000000E+00   0.0000000E+00   0.0000000E+00   0.0000000E+00   0.0000000E+00   0.0000000E+00   0.0000000E+00   0.0000000E+00   0.0000000E+00   0.0000000E+00   0.0000000E+00   0.0000000E+00   0.0000000E+00   0.0000000E+00   0.0000000E+00   0.0000000E+00   0.0000000E+00   0.0000000E+00   0.0000000E+00   0.0000000E+00   0.0000000E+00   0.0000000E+00   0.0000000E+00   0.0000000E+00   0.0000000E+00   0.0000000E+00   0.0000000E+00   0.0000000E+00   0.0000000E+00   0.0000000E+00   0.0000000E+00   0.0000000E+00   0.0000000E+00   0.0000000E+00   0.0000000E+00   0.0000000E+00
   0.0000000E+00   0.0000000E+00   0.0000000E+00   0.0000000E+00   0.0000000E+00  -6.7180713E-06  -8.9777656E-02  -4.8270741E+01  -1.5315906E+02  -3.8192093E+02  -7.9862360E+02  -1.5205116E+03  -2.7958630E+03  -5.0540308E+03  -9.0563506E+03  -1.6354106E+04  -3.0527215E+04  -5.8458234E+04  -1.1752072E+05  -2.3170756E+05  -4.8002966E+05  -1.1594335E+06  -1.3920370E+06  -1.5460626E+06  -4.3274510E+06  -4.8139980E+06  -4.9163370E+06  -4.7072050E+06  -4.2590025E+06  -3.6379700E+06  -2.9171025E+06  -2.1965092E+06  -1.5451964E+06  -8.4942350E+05   0.0000000E+00   0.0000000E+00   0.0000000E+00   0.0000000E+00   0.0000000E+00   0.0000000E+00   0.0000000E+00   0.0000000E+00   0.0000000E+00   0.0000000E+00   0.0000000E+00   0.0000000E+00   0.0000000E+00   0.0000000E+00   0.0000000E+00   0.0000000E+00   0.0000000E+00   0.0000000E+00   0.0000000E+00   0.0000000E+00   0.0000000E+00   0.0000000E+00   0.0000000E+00   0.0000000E+00   0.0000000E+00   0.0000000E+00   0.0000000E+00   0.0000000E+00   0.0000000E+00   0.0000000E+00   0.0000000E+00   0.0000000E+00   0.0000000E+00   0.0000000E+00   0.0000000E+00   0.0000000E+00   0.0000000E+00   0.0000000E+00   0.0000000E+00   0.0000000E+00   0.0000000E+00   0.0000000E+00   0.0000000E+00   0.0000000E+00   0.0000000E+00   0.0000000E+00   0.0000000E+00   0.0000000E+00   0.0000000E+00   0.0000000E+00   0.0000000E+00   0.0000000E+00   0.0000000E+00   0.0000000E+00   0.0000000E+00   0.0000000E+00   0.0000000E+00   0.0000000E+00   0.0000000E+00   0.0000000E+00   0.0000000E+00   0.0000000E+00   0.0000000E+00   0.0000000E+00   0.0000000E+00   0.0000000E+00
   0.0000000E+00   0.0000000E+00   0.0000000E+00   0.0000000E+00   0.0000000E+00  -8.0887157E-06  -1.0249143E-01  -5.2054089E+01  -1.6397058E+02  -4.0838748E+02  -8.5696973E+02  -1.6429430E+03  -3.0496262E+03  -5.5832378E+03  -1.0165801E+04  -1.8758770E+04  -3.6135512E+04  -7.2212188E+04  -1.5376236E+05  -3.1737022E+05  -6.6920450E+05  -1.6512241E+06  -1.5775469E+06  -1.4404726E+06  -4.7600745E+06  -4.9718725E+06  -4.8564925E+06  -4.4702890E+06  -3.8926078E+06  -3.2096072E+06  -2.5079118E+06  -1.8735888E+06  -1.3268179E+06  -7.1915688E+05   0.0000000E+00   0.0000000E+00   0.0000000E+00   0.0000000E+00   0.0000000E+00   0.0000000E+00   0.0000000E+00   0.0000000E+00   0.0000000E+00   0.0000000E+00   0.0000000E+00   0.0000000E+00   0.0000000E+00   0.0000000E+00   0.0000000E+00   0.0000000E+00   0.0000000E+00   0.0000000E+00   0.0000000E+00   0.0000000E+00   0.0000000E+00   0.0000000E+00   0.0000000E+00   0.0000000E+00   0.0000000E+00   0.0000000E+00   0.0000000E+00   0.0000000E+00   0.0000000E+00   0.0000000E+00   0.0000000E+00   0.0000000E+00   0.0000000E+00   0.0000000E+00   0.0000000E+00   0.0000000E+00   0.0000000E+00   0.0000000E+00   0.0000000E+00   0.0000000E+00   0.0000000E+00   0.0000000E+00   0.0000000E+00   0.0000000E+00   0.0000000E+00   0.0000000E+00   0.0000000E+00   0.0000000E+00   0.0000000E+00   0.0000000E+00   0.0000000E+00   0.0000000E+00   0.0000000E+00   0.0000000E+00   0.0000000E+00   0.0000000E+00   0.0000000E+00   0.0000000E+00   0.0000000E+00   0.0000000E+00   0.0000000E+00   0.0000000E+00   0.0000000E+00   0.0000000E+00   0.0000000E+00   0.0000000E+00
   0.0000000E+00   0.0000000E+00   0.0000000E+00   0.0000000E+00   0.0000000E+00  -9.6445856E-06  -1.1671098E-01  -5.6129356E+01  -1.7560236E+02  -4.3698465E+02  -9.2058746E+02  -1.7782006E+03  -3.3348196E+03  -6.1917896E+03  -1.1479653E+04  -2.1727213E+04  -4.3501766E+04  -9.1788391E+04  -2.0969294E+05  -4.4972141E+05  -9.3167994E+05  -2.3044342E+06  -1.6112215E+06  -1.1994619E+06  -5.0235770E+06  -4.9812510E+06  -4.6733435E+06  -4.1405770E+06  -3.4811715E+06  -2.7906660E+06  -2.1468922E+06  -1.6089194E+06  -1.1530324E+06  -6.1458469E+05  -9.3367469E+04   0.0000000E+00   0.0000000E+00   0.0000000E+00   0.0000000E+00   0.0000000E+00   0.0000000E+00   0.0000000E+00   0.0000000E+00   0.0000000E+00   0.0000000E+00   0.0000000E+00   0.0000000E+00   0.0000000E+00   0.0000000E+00   0.0000000E+00   0.0000000E+00   0.0000000E+00   0.0000000E+00   0.0000000E+00   0.0000000E+00   0.0000000E+00   0.0000000E+00   0.0000000E+00   0.0000000E+00   0.0000000E+00   0.0000000E+00   0.0000000E+00   0.0000000E+00   0.0000000E+00   0.0000000E+00   0.0000000E+00   0.0000000E+00   0.0000000E+00   0.0000000E+00   0.0000000E+00   0.0000000E+00   0.0000000E+00   0.0000000E+00   0.0000000E+00   0.0000000E+00   0.0000000E+00   0.0000000E+00   0.0000000E+00   0.0000000E+00   0.0000000E+00   0.0000000E+00   0.0000000E+00   0.0000000E+00   0.0000000E+00   0.0000000E+00   0.0000000E+00   0.0000000E+00   0.0000000E+00   0.0000000E+00   0.0000000E+00   0.0000000E+00   0.0000000E+00   0.0000000E+00   0.0000000E+00   0.0000000E+00   0.0000000E+00   0.0000000E+00   0.0000000E+00   0.0000000E+00   0.0000000E+00
   0.0000000E+00   0.0000000E+00   0.0000000E+00   0.0000000E+00   0.0000000E+00  -1.1406470E-05  -1.3259989E-01  -6.0523556E+01  -1.8813728E+02  -4.6795590E+02  -9.9017413E+02  -1.9282872E+03  -3.6573638E+03  -6.8982935E+03  -1.3059489E+04  -2.5488338E+04  -5.3612051E+04  -1.2137629E+05  -3.0054653E+05  -6.5227575E+05  -1.2582924E+06  -3.0921598E+06  -1.4587491E+06  -9.0155088E+05  -5.1178690E+06  -4.8549030E+06  -4.3842640E+06  -3.7480190E+06  -3.0593125E+06  -2.4045175E+06  -1.8390018E+06  -1.3945212E+06  -1.0134532E+06  -5.2935162E+05  -8.4785297E+04   0.0000000E+00   0.0000000E+00   0.0000000E+00   0.0000000E+00   0.0000000E+00   0.0000000E+00   0.0000000E+00   0.0000000E+00   0.0000000E+00   0.0000000E+00   0.0000000E+00   0.0000000E+00   0.0000000E+00   0.0000000E+00   0.0000000E+00   0.0000000E+00   0.0000000E+00   0.0000000E+00   0.0000000E+00   0.0000000E+00   0.0000000E+00   0.0000000E+00   0.0000000E+00   0.0000000E+00   0.0000000E+00   0.0000000E+00   0.0000000E+00   0.0000000E+00   0.0000000E+00   0.0000000E+00   0.0000000E+00   0.0000000E+00   0.0000000E+00   0.0000000E+00   0.0000000E+00   0.0000000E+00   0.0000000E+00   0.0000000E+00   0.0000000E+00   0.0000000E+00   0.0000000E+00   0.0000000E+00   0.0000000E+00   0.0000000E+00   0.0000000E+00   0.0000000E+00   0.0000000E+00   0.0000000E+00   0.0000000E+00   0.0000000E+00   0.0000000E+00   0.0000000E+00   0.0000000E+00   0.0000000E+00   0.0000000E+00   0.0000000E+00   0.0000000E+00   0.0000000E+00   0.0000000E+00   0.0000000E+00   0.0000000E+00   0.0000000E+00   0.0000000E+00   0.0000000E+00   0.0000000E+00
