   0.0000000E+00   0.0000000E+00   0.0000000E+00   0.0000000E+00   0.0000000E+00   0.0000000E+00   0.0000000E+00   0.0000000E+00   0.0000000E+00   0.0000000E+00   0.0000000E+00   0.0000000E+00   0.0000000E+00   0.0000000E+00   0.0000000E+00   0.0000000E+00   0.0000000E+00   0.0000000E+00   0.0000000E+00   0.0000000E+00   0.0000000E+00   0.0000000E+00   0.0000000E+00   0.0000000E+00   0.0000000E+00   0.0000000E+00   0.0000000E+00   0.0000000E+00   0.0000000E+00   0.0000000E+00   0.0000000E+00   0.0000000E+00   0.0000000E+00   0.0000000E+00   0.0000000E+00   0.0000000E+00   0.0000000E+00   0.0000000E+00   0.0000000E+00   0.0000000E+00   0.0000000E+00   0.0000000E+00   0.0000000E+00   0.0000000E+00   0.0000000E+00   0.0000000E+00   0.0000000E+00   0.0000000E+00   0.0000000E+00   0.0000000E+00   0.0000000E+00   0.0000000E+00   0.0000000E+00   0.0000000E+00   0.0000000E+00   0.0000000E+00   0.0000000E+00   0.0000000E+00   0.0000000E+00   0.0000000E+00   0.0000000E+00   0.0000000E+00   0.0000000E+00   0.0000000E+00   0.0000000E+00   0.0000000E+00   0.0000000E+00   0.0000000E+00   0.0000000E+00   0.0000000E+00   0.0000000E+00   0.0000000E+00   0.0000000E+00   0.0000000E+00   0.0000000E+00   0.0000000E+00   0.0000000E+00   0.0000000E+00   0.0000000E+00   0.0000000E+00   0.0000000E+00   0.0000000E+00   0.0000000E+00   0.0000000E+00   0.0000000E+00   0.0000000E+00   0.0000000E+00   0.0000000E+00   0.0000000E+00   0.0000000E+00   0.0000000E+00   0.0000000E+00   0.0000000E+00   0.0000000E+00   0.0000000E+00   0.0000000E+00   0.0000000E+00   0.0000000E+00   0.0000000E+00   0.0000000E+00
   0.0000000E+00   0.0000000E+00   0.0000000E+00   0.0000000E+00   0.0000000E+00   0.0000000E+00   0.0000000E+00   0.0000000E+00   0.0000000E+00   0.0000000E+00   0.0000000E+00   0.0000000E+00   0.0000000E+00   0.0000000E+00   0.0000000E+00   0.0000000E+00   0.0000000E+00   0.0000000E+00   0.0000000E+00   0.0000000E+00   0.0000000E+00   0.0000000E+00   0.0000000E+00   0.0000000E+00   0.0000000E+00   0.0000000E+00   0.0000000E+00   0.0000000E+00   0.0000000E+00   0.0000000E+00   0.0000000E+00   0.0000000E+00   0.0000000E+00   0.0000000E+00   0.0000000E+00   0.0000000E+00   0.0000000E+00   0.0000000E+00   0.0000000E+00   0.0000000E+00   0.0000000E+00   0.0000000E+00   0.0000000E+00   0.0000000E+00   0.0000000E+00   0.0000000E+00   0.0000000E+00   0.0000000E+00   0.0000000E+00   0.0000000E+00   0.0000000E+00   0.0000000E+00   0.0000000E+00   0.0000000E+00   0.0000000E+00   0.0000000E+00   0.0000000E+00   0.0000000E+00   0.0000000E+00   0.0000000E+00   0.0000000E+00   0.0000000E+00   0.0000000E+00   0.0000000E+00   0.0000000E+00   0.0000000E+00   0.0000000E+00   0.0000000E+00   0.0000000E+00   0.0000000E+00   0.0000000E+00   0.0000000E+00   0.0000000E+00   0.0000000E+00   0.0000000E+00   0.0000000E+00   0.0000000E+00   0.0000000E+00   0.0000000E+00   0.0000000E+00   0.0000000E+00   0.0000000E+00   0.0000000E+00   0.0000000E+00   0.0000000E+00   0.0000000E+00   0.0000000E+00   0.0000000E+00   0.0000000E+00   0.0000000E+00   0.0000000E+00   0.0000000E+00   0.0000000E+00   0.0000000E+00   0.0000000E+00   0.0000000E+00   0.0000000E+00   0.0000000E+00   0.0000000E+00   0.0000000E+00
   0.0000000E+00   0.0000000E+00   0.0000000E+00   0.0000000E+00   0.0000000E+00   0.0000000E+00   1.0076154E-02   2.3553778E-01   1.3912572E+00   3.9606712E+00   7.7317100E+00   1.2334565E+01   1.8372713E+01   2.6020260E+01   3.5452187E+01   4.6844688E+01   6.0375214E+01   7.6222290E+01   9.4565193E+01   1.1558347E+02   1.3945630E+02   1.6636189E+02   1.9647658E+02   2.2997398E+02   2.6702405E+02   3.0779190E+02   3.5243686E+02   4.0111105E+02   4.5395831E+02   5.1111273E+02   5.7269727E+02   6.3882245E+02   7.0958466E+02   7.8506476E+02   8.6532672E+02   9.5041577E+02   1.0403569E+03   1.1351537E+03   1.2347861E+03   1.3392097E+03   1.4483538E+03   1.5621201E+03   1.6803817E+03   1.8029814E+03   1.9297308E+03   2.0604094E+03   2.1947639E+03   2.3325068E+03   2.4733164E+03   2.6168364E+03   2.7626758E+03   2.9104077E+03   3.0595718E+03   3.2096726E+03   3.3601816E+03   3.5105374E+03   3.6601470E+03   3.8083877E+03   3.9546084E+03   4.0981313E+03   4.2382559E+03   4.3742593E+03   4.5053999E+03   4.6309219E+03   4.7500566E+03   4.8620288E+03   4.9660586E+03   5.0613672E+03   5.1471807E+03   5.2227363E+03   5.2872876E+03   5.3401104E+03   5.3805063E+03   5.4078145E+03   5.4214131E+03   5.4207290E+03   5.4052451E+03   5.3745078E+03   5.3281353E+03   5.2658252E+03   5.1873643E+03   5.0926362E+03   4.9816323E+03   4.8544600E+03   4.7113525E+03   4.5526792E+03   4.3789541E+03   4.1908477E+03   3.9891946E+03   3.7750039E+03   3.5494680E+03   3.3139700E+03   3.0700920E+03   2.8196191E+03   2.5645449E+03   2.2797085E+03   2.0171388E+03   1.7559305E+03   1.4650286E+03   1.2562092E+03
   0.0000000E+00   0.0000000E+00   0.0000000E+00   0.0000000E+00   0.0000000E+00   0.0000000E+00   9.9615715E-03   2.3329921E-01   1.3536210E+00   3.7879984E+00   7.2877369E+00   1.1490404E+01   1.6919424E+01   2.3693508E+01   3.1927948E+01   4.1735405E+01   5.3226406E+01   6.6509659E+01   8.1692223E+01   9.8879562E+01   1.1817557E+02   1.3968243E+02   1.6350053E+02   1.8972823E+02   2.1846161E+02   2.4979419E+02   2.8381656E+02   3.2061606E+02   3.6027625E+02   4.0287650E+02   4.4849142E+02   4.9719037E+02   5.4903680E+02   6.0408759E+02   6.6239246E+02   7.2399298E+02   7.8892224E+02   8.5720361E+02   9.2885022E+02   1.0038638E+03   1.0822340E+03   1.1639375E+03   1.2489368E+03   1.3371794E+03   1.4285969E+03   1.5231036E+03   1.6205962E+03   1.7209518E+03   1.8240278E+03   1.9296603E+03   2.0376633E+03   2.1478276E+03   2.2599202E+03   2.3736826E+03   2.4888308E+03   2.6050542E+03   2.7220142E+03   2.8393445E+03   2.9566499E+03   3.0735059E+03   3.1894590E+03   3.3040254E+03   3.4166924E+03   3.5269172E+03   3.6341287E+03   3.7377275E+03   3.8370874E+03   3.9315569E+03   4.0204607E+03   4.1031030E+03   4.1787695E+03   4.2467319E+03   4.3062510E+03   4.3565840E+03   4.3969873E+03   4.4267251E+03   4.4450771E+03   4.4513457E+03   4.4448667E+03   4.4250205E+03   4.3912412E+03   4.3430332E+03   4.2799814E+03   4.2017671E+03   4.1081851E+03   3.9991572E+03   3.8747512E+03   3.7351968E+03   3.5809028E+03   3.4124722E+03   3.2304153E+03   3.0226675E+03   2.8134465E+03   2.5470662E+03   6.1107343E+02   0.0000000E+00   0.0000000E+00   0.0000000E+00   0.0000000E+00   0.0000000E+00
   0.0000000E+00   0.0000000E+00   0.0000000E+00   0.0000000E+00   0.0000000E+00   0.0000000E+00   1.0031749E-02   2.3473233E-01   1.3593880E+00   3.7994742E+00   7.3041697E+00   1.1513936E+01   1.6950994E+01   2.3733683E+01   3.1976763E+01   4.1792183E+01   5.3289558E+01   6.6576462E+01   8.1758568E+01   9.8939728E+01   1.1822192E+02   1.3970522E+02   1.6348756E+02   1.8966467E+02   2.1832968E+02   2.4957303E+02   2.8348203E+02   3.2014047E+02   3.5962842E+02   4.0202164E+02   4.4739114E+02   4.9580270E+02   5.4731641E+02   6.0198596E+02   6.5985809E+02   7.2097198E+02   7.8535852E+02   8.5303955E+02   9.2402722E+02   9.9832306E+02   1.0759171E+03   1.1567871E+03   1.2408978E+03   1.3281995E+03   1.4186276E+03   1.5121010E+03   1.6085219E+03   1.7077738E+03   1.8097212E+03   1.9142079E+03   2.0210563E+03   2.1300659E+03   2.2410115E+03   2.3536467E+03   2.4676963E+03   2.5828582E+03   2.6988032E+03   2.8151741E+03   2.9315830E+03   3.0476135E+03   3.1628176E+03   3.2767173E+03   3.3888037E+03   3.4985369E+03   3.6053472E+03   3.7086355E+03   3.8077744E+03   3.9021096E+03   3.9909624E+03   4.0736318E+03   4.1493979E+03   4.2175264E+03   4.2772700E+03   4.3278774E+03   4.3685981E+03   4.3986870E+03   4.4174146E+03   4.4240742E+03   4.4179927E+03   4.3985391E+03   4.3651367E+03   4.3172754E+03   4.2545244E+03   4.1765454E+03   4.0831064E+03   3.9740981E+03   3.8495459E+03   3.7096255E+03   3.5546768E+03   3.3852061E+03   3.2014980E+03   2.9987402E+03   2.7865308E+03   2.4440110E+03   1.8098882E+02   0.0000000E+00   0.0000000E+00   0.0000000E+00   0.0000000E+00   0.0000000E+00
   0.0000000E+00   0.0000000E+00   0.0000000E+00   0.0000000E+00   0.0000000E+00   0.0000000E+00   1.0102408E-02   2.3617400E-01   1.3651832E+00   3.8110459E+00   7.3209286E+00   1.1538283E+01   1.6984381E+01   2.3777525E+01   3.2032413E+01   4.1860916E+01   5.3372528E+01   6.6674675E+01   8.1872841E+01   9.9070663E+01   1.1836986E+02   1.3987016E+02   1.6366919E+02   1.8986220E+02   2.1854190E+02   2.4979817E+02   2.8371768E+02   3.2038367E+02   3.5987534E+02   4.0226764E+02   4.4763074E+02   4.9602939E+02   5.4752258E+02   6.0216284E+02   6.5999567E+02   7.2105890E+02   7.8538196E+02   8.5298517E+02   9.2387909E+02   9.9806354E+02   1.0755269E+03   1.1562450E+03   1.2401808E+03   1.3272826E+03   1.4174840E+03   1.5107021E+03   1.6068372E+03   1.7057708E+03   1.8073657E+03   1.9114642E+03   2.0178873E+03   2.1264319E+03   2.2368743E+03   2.3489658E+03   2.4624304E+03   2.5769666E+03   2.6922454E+03   2.8079097E+03   2.9235737E+03   3.0388218E+03   3.1532090E+03   3.2662600E+03   3.3774695E+03   3.4863018E+03   3.5921917E+03   3.6945461E+03   3.7927434E+03   3.8861362E+03   3.9740532E+03   4.0558015E+03   4.1306694E+03   4.1979302E+03   4.2568462E+03   4.3066758E+03   4.3466748E+03   4.3761074E+03   4.3942520E+03   4.4004072E+03   4.3939048E+03   4.3741172E+03   4.3404673E+03   4.2924424E+03   4.2296045E+03   4.1516025E+03   4.0581838E+03   3.9492080E+03   3.8246548E+03   3.6846343E+03   3.5293918E+03   3.3592954E+03   3.1744778E+03   2.9727529E+03   2.7529846E+03   2.3005427E+03   7.8122459E+01   0.0000000E+00   0.0000000E+00   0.0000000E+00   0.0000000E+00   0.0000000E+00
   0.0000000E+00   0.0000000E+00   0.0000000E+00   0.0000000E+00   0.0000000E+00   0.0000000E+00   1.0173544E-02   2.3762409E-01   1.3709996E+00   3.8226435E+00   7.3377242E+00   1.1562676E+01   1.7017815E+01   2.3821405E+01   3.2088085E+01   4.1929615E+01   5.3454754E+01   6.6767113E+01   8.1973991E+01   9.9200745E+01   1.1851588E+02   1.3997755E+02   1.6384781E+02   1.9005376E+02   2.1859738E+02   2.4981636E+02   2.8368915E+02   3.2061230E+02   3.6010318E+02   4.0248895E+02   4.4783862E+02   4.9621579E+02   5.4767804E+02   6.0227637E+02   6.6005475E+02   7.2104926E+02   7.8528741E+02   8.5278760E+02   9.2355823E+02   9.9759680E+02   1.0748894E+03   1.1554088E+03   1.2390192E+03   1.3208828E+03   1.4101068E+03   1.5022430E+03   1.5971857E+03   1.6948108E+03   1.7949755E+03   1.8975197E+03   2.0025314E+03   2.1215547E+03   2.2313354E+03   2.3427114E+03   2.4554062E+03   2.5691184E+03   2.6835193E+03   2.7982532E+03   2.9129363E+03   3.0271558E+03   3.1404707E+03   3.2524097E+03   3.3624731E+03   3.4701323E+03   3.5748296E+03   3.6759797E+03   3.7729709E+03   3.8651660E+03   3.9519050E+03   4.0325063E+03   4.1062705E+03   4.1724839E+03   4.2304214E+03   4.2793525E+03   4.3185469E+03   4.3472783E+03   4.3648345E+03   4.3705229E+03   4.3636797E+03   4.3436797E+03   4.3099429E+03   4.2619492E+03   4.1992437E+03   4.1214482E+03   4.0282681E+03   3.9194976E+03   3.7950198E+03   3.6547954E+03   3.4989280E+03   3.3276907E+03   3.1416833E+03   2.9404958E+03   2.6989827E+03   2.1069751E+03   2.3765938E+01   0.0000000E+00   0.0000000E+00   0.0000000E+00   0.0000000E+00   0.0000000E+00
   0.0000000E+00   0.0000000E+00   0.0000000E+00   0.0000000E+00   0.0000000E+00   0.0000000E+00   1.0245159E-02   2.3908268E-01   1.3768370E+00   3.8342674E+00   7.3545561E+00   1.1587113E+01   1.7051296E+01   2.3865324E+01   3.2143764E+01   4.1998257E+01   5.3536785E+01   6.6862549E+01   8.2082985E+01   9.9329842E+01   1.1866020E+02   1.4012120E+02   1.6402296E+02   1.9023987E+02   2.1874872E+02   2.4996030E+02   2.8382333E+02   3.2082385E+02   3.6030847E+02   4.0268085E+02   4.4800851E+02   4.9633514E+02   5.4654553E+02   6.0231274E+02   6.6001764E+02   7.2092047E+02   7.8504596E+02   8.5235114E+02   9.1963000E+02   9.9686768E+02   1.0739370E+03   1.1541949E+03   1.2373757E+03   1.3170844E+03   1.4056351E+03   1.4970162E+03   1.5911160E+03   1.6878048E+03   1.7869349E+03   1.8883490E+03   1.9924744E+03   2.1150002E+03   2.2238975E+03   2.3343167E+03   2.4459805E+03   2.5585874E+03   2.6718098E+03   2.7852939E+03   2.8986592E+03   3.0114973E+03   3.1233726E+03   3.2338213E+03   3.3423523E+03   3.4484468E+03   3.5515583E+03   3.6511155E+03   3.7465205E+03   3.8371519E+03   3.9223660E+03   4.0014993E+03   4.0738704E+03   4.1387832E+03   4.1955312E+03   4.2434019E+03   4.2816797E+03   4.3096538E+03   4.3266235E+03   4.3319048E+03   4.3248374E+03   4.3047920E+03   4.2711807E+03   4.2234590E+03   4.1611353E+03   4.0837727E+03   3.9909863E+03   3.8824399E+03   3.7578379E+03   3.6169231E+03   3.4596709E+03   3.2866360E+03   3.0998560E+03   2.8984236E+03   2.6298843E+03   1.8735658E+03   1.1175280E+00   0.0000000E+00   0.0000000E+00   0.0000000E+00   0.0000000E+00   0.0000000E+00
   0.0000000E+00   0.0000000E+00   0.0000000E+00   0.0000000E+00   0.0000000E+00   0.0000000E+00   1.0317257E-02   2.4054979E-01   1.3826956E+00   3.8459175E+00   7.3714252E+00   1.1611593E+01   1.7084820E+01   2.3909277E+01   3.2199444E+01   4.2066830E+01   5.3618404E+01   6.6957237E+01   8.2190788E+01   9.9457825E+01   1.1880260E+02   1.4026041E+02   1.6419421E+02   1.9041980E+02   2.1888643E+02   2.5008554E+02   2.8393347E+02   3.2101547E+02   3.6048737E+02   4.0283813E+02   4.4813315E+02   4.9639182E+02   5.4622546E+02   6.0225586E+02   6.5986346E+02   7.2064581E+02   7.8462299E+02   8.5167511E+02   9.1770856E+02   9.9058984E+02   1.0724547E+03   1.1455001E+03   1.2351178E+03   1.3121542E+03   1.3998270E+03   1.4902192E+03   1.5832106E+03   1.6786632E+03   1.7764218E+03   1.8763373E+03   1.9792772E+03   2.1061880E+03   2.2138906E+03   2.3230127E+03   2.4332759E+03   2.5443784E+03   2.6559939E+03   2.7677717E+03   2.8793359E+03   2.9902852E+03   3.1001924E+03   3.2086077E+03   3.3150483E+03   3.4190129E+03   3.5199736E+03   3.6173784E+03   3.7106521E+03   3.7991960E+03   3.8823936E+03   3.9596064E+03   4.0301807E+03   4.0934473E+03   4.1487261E+03   4.1953262E+03   4.2325054E+03   4.2596650E+03   4.2760747E+03   4.2810581E+03   4.2739536E+03   4.2541216E+03   4.2209458E+03   4.1738354E+03   4.1122231E+03   4.0355559E+03   3.9432808E+03   3.8348262E+03   3.7096082E+03   3.5671108E+03   3.4074026E+03   3.2320742E+03   3.0452722E+03   2.8426633E+03   2.5384219E+03   1.6163448E+03   0.0000000E+00   0.0000000E+00   0.0000000E+00   0.0000000E+00   0.0000000E+00   0.0000000E+00
   0.0000000E+00   0.0000000E+00   0.0000000E+00   0.0000000E+00   0.0000000E+00   0.0000000E+00   1.0389839E-02   2.4202546E-01   1.3885754E+00   3.8575940E+00   7.3883300E+00   1.1636117E+01   1.7118387E+01   2.3953259E+01   3.2255116E+01   4.2135311E+01   5.3699566E+01   6.7051102E+01   8.2297249E+01   9.9584564E+01   1.1894283E+02   1.4039465E+02   1.6436104E+02   1.9059273E+02   2.1900861E+02   2.5018939E+02   2.8401587E+02   3.2118399E+02   3.6063538E+02   4.0295465E+02   4.4820419E+02   4.9637387E+02   5.4576312E+02   6.0208630E+02   6.5956689E+02   7.2019257E+02   7.8397614E+02   8.5070172E+02   9.1522571E+02   9.8766498E+02   1.0704327E+03   1.1411870E+03   1.2320737E+03   1.3057686E+03   1.3922902E+03   1.4813793E+03   1.5729033E+03   1.6667122E+03   1.7626390E+03   1.8605490E+03   1.9618748E+03   2.0943203E+03   2.2003909E+03   2.3077351E+03   2.4160725E+03   2.5251011E+03   2.6344966E+03   2.7439126E+03   2.8529807E+03   2.9613096E+03   3.0684861E+03   3.1740779E+03   3.2776208E+03   3.3786384E+03   3.4766301E+03   3.5710752E+03   3.6614324E+03   3.7471396E+03   3.8276189E+03   3.9022722E+03   3.9704858E+03   4.0316311E+03   4.0850662E+03   4.1301294E+03   4.1660869E+03   4.1924165E+03   4.2083774E+03   4.2132964E+03   4.2065015E+03   4.1873291E+03   4.1551284E+03   4.1091992E+03   4.0488340E+03   3.9732715E+03   3.8816350E+03   3.7721633E+03   3.6454978E+03   3.5001516E+03   3.3368254E+03   3.1591726E+03   2.9734707E+03   2.7679932E+03   2.4225444E+03   1.3499663E+03   0.0000000E+00   0.0000000E+00   0.0000000E+00   0.0000000E+00   0.0000000E+00   0.0000000E+00
   0.0000000E+00   0.0000000E+00   0.0000000E+00   0.0000000E+00   0.0000000E+00   0.0000000E+00   1.0462910E-02   2.4350975E-01   1.3944765E+00   3.8692963E+00   7.4052711E+00   1.1660683E+01   1.7151997E+01   2.3997265E+01   3.2310772E+01   4.2203690E+01   5.3780220E+01   6.7144035E+01   8.2402237E+01   9.9709908E+01   1.1908065E+02   1.4052333E+02   1.6452284E+02   1.9075772E+02   2.1911314E+02   2.5026877E+02   2.8406628E+02   3.2132565E+02   3.6074734E+02   4.0302322E+02   4.4821173E+02   4.9626712E+02   5.4512988E+02   6.0178040E+02   6.5909680E+02   7.1951990E+02   7.8305255E+02   8.4938721E+02   9.1363031E+02   9.8390063E+02   1.0677261E+03   1.1356257E+03   1.2280188E+03   1.2975050E+03   1.3825090E+03   1.4698717E+03   1.5594420E+03   1.6510513E+03   1.7445162E+03   1.8397212E+03   1.9388197E+03   2.0782954E+03   2.1821143E+03   2.2869971E+03   2.3926597E+03   2.4987991E+03   2.6050942E+03   2.7112046E+03   2.8167732E+03   2.9214243E+03   3.0247654E+03   3.1263916E+03   3.2258679E+03   3.3227556E+03   3.4165977E+03   3.5069202E+03   3.5932336E+03   3.6750286E+03   3.7517939E+03   3.8229880E+03   3.8880581E+03   3.9464351E+03   3.9975312E+03   4.0407263E+03   4.0753152E+03   4.1008555E+03   4.1165967E+03   4.1218633E+03   4.1159565E+03   4.0981572E+03   4.0677417E+03   4.0239524E+03   3.9655925E+03   3.8916377E+03   3.7999985E+03   3.6900769E+03   3.5608208E+03   3.4112478E+03   3.2433645E+03   3.0617249E+03   2.8788469E+03   2.6754473E+03   2.2802881E+03   1.0877756E+03   0.0000000E+00   0.0000000E+00   0.0000000E+00   0.0000000E+00   0.0000000E+00   0.0000000E+00
   0.0000000E+00   0.0000000E+00   0.0000000E+00   0.0000000E+00   0.0000000E+00   0.0000000E+00   1.0536472E-02   2.4500270E-01   1.4003990E+00   3.8810251E+00   7.4222484E+00   1.1685289E+01   1.7185644E+01   2.4041292E+01   3.2366405E+01   4.2271942E+01   5.3860317E+01   6.7235962E+01   8.2505600E+01   9.9833687E+01   1.1921578E+02   1.4064580E+02   1.6467900E+02   1.9091371E+02   2.1919762E+02   2.5032013E+02   2.8407983E+02   3.2143610E+02   3.6081705E+02   4.0303522E+02   4.4814383E+02   4.9605438E+02   5.4429108E+02   6.0130890E+02   6.5841437E+02   7.1857690E+02   7.8178583E+02   8.4764526E+02   9.1146643E+02   9.7907452E+02   1.0641467E+03   1.1284647E+03   1.2226576E+03   1.2868086E+03   1.3698031E+03   1.4548674E+03   1.5418232E+03   1.6304747E+03   1.7206136E+03   1.8121487E+03   1.9081453E+03   2.0565823E+03   2.1572705E+03   2.2587183E+03   2.3606353E+03   2.4627170E+03   2.5646465E+03   2.6660925E+03   2.7667148E+03   2.8661621E+03   2.9640745E+03   3.0600874E+03   3.1538125E+03   3.2448699E+03   3.3328679E+03   3.4174062E+03   3.4980730E+03   3.5744412E+03   3.6460989E+03   3.7125898E+03   3.7734519E+03   3.8282019E+03   3.8763313E+03   3.9172771E+03   3.9503828E+03   3.9752979E+03   3.9912559E+03   3.9975662E+03   3.9934758E+03   3.9781658E+03   3.9507947E+03   3.9104299E+03   3.8551609E+03   3.7835203E+03   3.6926099E+03   3.5806841E+03   3.4471340E+03   3.2912966E+03   3.1179866E+03   2.9368862E+03   2.7599077E+03   2.5574270E+03   2.1057300E+03   8.4215125E+02   0.0000000E+00   0.0000000E+00   0.0000000E+00   0.0000000E+00   0.0000000E+00   0.0000000E+00
   0.0000000E+00   0.0000000E+00   0.0000000E+00   0.0000000E+00   0.0000000E+00   0.0000000E+00   1.0610528E-02   2.4650434E-01   1.4063427E+00   3.8927801E+00   7.4392610E+00   1.1709938E+01   1.7219330E+01   2.4085339E+01   3.2422005E+01   4.2340054E+01   5.3939789E+01   6.7326775E+01   8.2607162E+01   9.9955742E+01   1.1934791E+02   1.4076132E+02   1.6482880E+02   1.9105954E+02   2.1925925E+02   2.5033945E+02   2.8405081E+02   3.2151019E+02   3.6083722E+02   4.0298041E+02   4.4798611E+02   4.9571475E+02   5.4320404E+02   6.0063568E+02   6.5747137E+02   7.1729950E+02   7.8009192E+02   8.4536621E+02   9.0863776E+02   9.7581836E+02   1.0595291E+03   1.1234567E+03   1.2155996E+03   1.2729491E+03   1.3532725E+03   1.4352655E+03   1.5187098E+03   1.6033699E+03   1.6890006E+03   1.7755375E+03   1.8671919E+03   2.0270543E+03   2.1233645E+03   2.2199912E+03   2.3166350E+03   2.4129897E+03   2.5087434E+03   2.6035801E+03   2.6971858E+03   2.7892473E+03   2.8794551E+03   2.9675076E+03   3.0530891E+03   3.1359099E+03   3.2156787E+03   3.2921060E+03   3.3648977E+03   3.4337537E+03   3.4984067E+03   3.5585273E+03   3.6137844E+03   3.6638196E+03   3.7082341E+03   3.7465457E+03   3.7781707E+03   3.8028628E+03   3.8198286E+03   3.8283396E+03   3.8275459E+03   3.8164668E+03   3.7940771E+03   3.7590789E+03   3.7085366E+03   3.6403005E+03   3.5498955E+03   3.4364722E+03   3.2975295E+03   3.1344976E+03   2.9565520E+03   2.7764722E+03   2.6089302E+03   2.4135518E+03   1.9080847E+03   6.2249371E+02   0.0000000E+00   0.0000000E+00   0.0000000E+00   0.0000000E+00   0.0000000E+00   0.0000000E+00
   0.0000000E+00   0.0000000E+00   0.0000000E+00   0.0000000E+00   0.0000000E+00   0.0000000E+00   1.0685082E-02   2.4801472E-01   1.4123079E+00   3.9045610E+00   7.4563093E+00   1.1734626E+01   1.7253050E+01   2.4129396E+01   3.2477566E+01   4.2407997E+01   5.4018585E+01   6.7416359E+01   8.2706741E+01   1.0007587E+02   1.1947668E+02   1.4086906E+02   1.6497141E+02   1.9119383E+02   2.1929488E+02   2.5032196E+02   2.8397253E+02   3.2154184E+02   3.6079913E+02   4.0284641E+02   4.4772119E+02   4.9522269E+02   5.4181665E+02   5.9971588E+02   6.5620715E+02   7.1560675E+02   7.7786346E+02   8.4240955E+02   9.0496210E+02   9.7148480E+02   1.0535684E+03   1.1167733E+03   1.2063268E+03   1.2549664E+03   1.3317295E+03   1.4096084E+03   1.4883276E+03   1.5675939E+03   1.6471093E+03   1.7268342E+03   1.8124060E+03   1.9867684E+03   2.0769385E+03   2.1667844E+03   2.2559946E+03   2.3442607E+03   2.4312820E+03   2.5167678E+03   2.6004463E+03   2.6820664E+03   2.7613960E+03   2.8382319E+03   2.9123726E+03   2.9836641E+03   3.0519670E+03   3.1171572E+03   3.1791125E+03   3.2377217E+03   3.2929231E+03   3.3445684E+03   3.3925103E+03   3.4365623E+03   3.4764739E+03   3.5118738E+03   3.5422822E+03   3.5675603E+03   3.5868757E+03   3.5994307E+03   3.6042183E+03   3.6000151E+03   3.5855149E+03   3.5587612E+03   3.5153892E+03   3.4522466E+03   3.3636233E+03   3.2471257E+03   3.1017664E+03   2.9308821E+03   2.7502341E+03   2.5778350E+03   2.4253379E+03   2.2374065E+03   1.6864039E+03   4.5722412E+02   0.0000000E+00   0.0000000E+00   0.0000000E+00   0.0000000E+00   0.0000000E+00   0.0000000E+00
   0.0000000E+00   0.0000000E+00   0.0000000E+00   0.0000000E+00   0.0000000E+00   0.0000000E+00   1.0760136E-02   2.4953388E-01   1.4182944E+00   3.9163682E+00   7.4733930E+00   1.1759354E+01   1.7286804E+01   2.4173462E+01   3.2533070E+01   4.2475754E+01   5.4096634E+01   6.7504593E+01   8.2804153E+01   1.0019384E+02   1.1960173E+02   1.4096812E+02   1.6510591E+02   1.9131503E+02   2.1930084E+02   2.5026219E+02   2.8383722E+02   3.2152393E+02   3.6069241E+02   4.0261835E+02   4.4732782E+02   4.9454684E+02   5.4006439E+02   5.9849335E+02   6.5454535E+02   7.1339551E+02   7.7496301E+02   8.3859387E+02   9.0020264E+02   9.6576562E+02   1.0458630E+03   1.1079020E+03   1.1941501E+03   1.2316021E+03   1.3036150E+03   1.3759819E+03   1.4483469E+03   1.5203378E+03   1.5915878E+03   1.6627136E+03   1.7697152E+03   1.9317008E+03   2.0132731E+03   2.0936104E+03   2.1723879E+03   2.2493018E+03   2.3240750E+03   2.3964644E+03   2.4662703E+03   2.5333416E+03   2.5975713E+03   2.6589075E+03   2.7173232E+03   2.7728667E+03   2.8256194E+03   2.8756919E+03   2.9232034E+03   2.9683064E+03   3.0112146E+03   3.0520193E+03   3.0908145E+03   3.1276340E+03   3.1624155E+03   3.1949326E+03   3.2248428E+03   3.2521084E+03   3.2758506E+03   3.2951663E+03   3.3088259E+03   3.3152727E+03   3.3127781E+03   3.2983018E+03   3.2655486E+03   3.2099570E+03   3.1237610E+03   3.0052573E+03   2.8534121E+03   2.6762493E+03   2.4972180E+03   2.3360833E+03   2.2048318E+03   2.0328394E+03   1.4501042E+03   3.4321976E+02   0.0000000E+00   0.0000000E+00   0.0000000E+00   0.0000000E+00   0.0000000E+00   0.0000000E+00
   0.0000000E+00   0.0000000E+00   0.0000000E+00   0.0000000E+00   0.0000000E+00   0.0000000E+00   1.0835692E-02   2.5106189E-01   1.4243025E+00   3.9282014E+00   7.4905114E+00   1.1784121E+01   1.7320589E+01   2.4217529E+01   3.2588512E+01   4.2543297E+01   5.4173866E+01   6.7591354E+01   8.2899162E+01   1.0030944E+02   1.1972261E+02   1.4105745E+02   1.6523126E+02   1.9142136E+02   2.1927289E+02   2.5015375E+02   2.8363559E+02   3.2144781E+02   3.6050452E+02   4.0227811E+02   4.4678009E+02   4.9364862E+02   5.3786731E+02   5.9689746E+02   6.5238922E+02   7.1053442E+02   7.7121368E+02   8.3368408E+02   8.9405005E+02   9.5825555E+02   1.0358817E+03   1.0961610E+03   1.1781536E+03   1.2012212E+03   1.2669070E+03   1.3319110E+03   1.3957715E+03   1.4580142E+03   1.5181992E+03   1.5782527E+03   1.7106367E+03   1.8564856E+03   1.9261206E+03   1.9932692E+03   2.0576060E+03   2.1188528E+03   2.1767915E+03   2.2312698E+03   2.2822175E+03   2.3296499E+03   2.3736575E+03   2.4144187E+03   2.4521638E+03   2.4872246E+03   2.5199819E+03   2.5508518E+03   2.5802583E+03   2.6086873E+03   2.6366743E+03   2.6645901E+03   2.6928042E+03   2.7215999E+03   2.7511287E+03   2.7813386E+03   2.8120562E+03   2.8433315E+03   2.8742588E+03   2.9038154E+03   2.9305059E+03   2.9523660E+03   2.9670596E+03   2.9698718E+03   2.9520354E+03   2.9071306E+03   2.8256414E+03   2.7045359E+03   2.5474929E+03   2.3676069E+03   2.1963923E+03   2.0555164E+03   1.9522778E+03   1.7996704E+03   1.2052421E+03   2.4015005E+02   0.0000000E+00   0.0000000E+00   0.0000000E+00   0.0000000E+00   0.0000000E+00   0.0000000E+00
   0.0000000E+00   0.0000000E+00   0.0000000E+00   0.0000000E+00   0.0000000E+00   0.0000000E+00   1.0911754E-02   2.5259873E-01   1.4303319E+00   3.9400609E+00   7.5076652E+00   1.1808925E+01   1.7354404E+01   2.4261597E+01   3.2643879E+01   4.2610600E+01   5.4250198E+01   6.7676498E+01   8.2991524E+01   1.0042239E+02   1.1983884E+02   1.4113586E+02   1.6534624E+02   1.9151077E+02   2.1920609E+02   2.4998909E+02   2.8335675E+02   3.2130328E+02   3.6022034E+02   4.0180371E+02   4.4604614E+02   4.9248016E+02   5.3512616E+02   5.9483917E+02   6.4961554E+02   7.0685468E+02   7.6638696E+02   8.2737408E+02   8.8609900E+02   9.4842017E+02   1.0229217E+03   1.0806445E+03   1.1571233E+03   1.1617358E+03   1.2190411E+03   1.2742881E+03   1.3268882E+03   1.3762592E+03   1.4228052E+03   1.5124282E+03   1.6294902E+03   1.7543054E+03   1.8076846E+03   1.8569706E+03   1.9018826E+03   1.9422310E+03   1.9779333E+03   2.0090194E+03   2.0356505E+03   2.0581125E+03   2.0767986E+03   2.0922153E+03   2.1049387E+03   2.1156526E+03   2.1250852E+03   2.1339834E+03   2.1430786E+03   2.1532043E+03   2.1651660E+03   2.1795857E+03   2.1970720E+03   2.2181292E+03   2.2431133E+03   2.2721609E+03   2.3052988E+03   2.3426807E+03   2.3834617E+03   2.4265664E+03   2.4702812E+03   2.5122329E+03   2.5492544E+03   2.5742166E+03   2.5754739E+03   2.5443267E+03   2.4689783E+03   2.3474949E+03   2.1885935E+03   2.0128295E+03   1.8575841E+03   1.7422224E+03   1.6718320E+03   1.5479269E+03   9.6584015E+02   1.5097046E+02   0.0000000E+00   0.0000000E+00   0.0000000E+00   0.0000000E+00   0.0000000E+00   0.0000000E+00
   0.0000000E+00   0.0000000E+00   0.0000000E+00   0.0000000E+00   0.0000000E+00   0.0000000E+00   1.0988327E-02   2.5414452E-01   1.4363830E+00   3.9519463E+00   7.5248532E+00   1.1833766E+01   1.7388245E+01   2.4305655E+01   3.2699158E+01   4.2677635E+01   5.4325546E+01   6.7759857E+01   8.3080978E+01   1.0053239E+02   1.1994986E+02   1.4120203E+02   1.6544948E+02   1.9158089E+02   2.1909470E+02   2.4975943E+02   2.8298776E+02   3.2107803E+02   3.5982156E+02   4.0116818E+02   4.4508658E+02   4.9098199E+02   5.3171680E+02   5.9220563E+02   6.4606689E+02   7.0213910E+02   7.6018658E+02   8.1926489E+02   8.7581799E+02   9.3555524E+02   1.0060547E+03   1.0601543E+03   1.1294656E+03   1.1105598E+03   1.1568933E+03   1.1994105E+03   1.2374003E+03   1.2702162E+03   1.3000018E+03   1.4231549E+03   1.5194318E+03   1.6172839E+03   1.6493331E+03   1.6754821E+03   1.6956154E+03   1.7097729E+03   1.7181614E+03   1.7211501E+03   1.7192883E+03   1.7132635E+03   1.7038767E+03   1.6920319E+03   1.6786722E+03   1.6648066E+03   1.6514340E+03   1.6395085E+03   1.6299296E+03   1.6237551E+03   1.6217971E+03   1.6247908E+03   1.6334368E+03   1.6483539E+03   1.6700532E+03   1.6988602E+03   1.7350730E+03   1.7790751E+03   1.8303020E+03   1.8878649E+03   1.9500681E+03   2.0142740E+03   2.0762556E+03   2.1257244E+03   2.1482224E+03   2.1324685E+03   2.0649861E+03   1.9445513E+03   1.7897361E+03   1.6271848E+03   1.4961345E+03   1.4134001E+03   1.3787010E+03   1.2851477E+03   7.4036603E+02   8.0414421E+01   0.0000000E+00   0.0000000E+00   0.0000000E+00   0.0000000E+00   0.0000000E+00   0.0000000E+00
   0.0000000E+00   0.0000000E+00   0.0000000E+00   0.0000000E+00   0.0000000E+00   0.0000000E+00   1.1065410E-02   2.5569928E-01   1.4424556E+00   3.9638577E+00   7.5420752E+00   1.1858643E+01   1.7422110E+01   2.4349697E+01   3.2754333E+01   4.2744370E+01   5.4399822E+01   6.7841263E+01   8.3167229E+01   1.0063911E+02   1.2005508E+02   1.4125441E+02   1.6553938E+02   1.9162894E+02   2.1893202E+02   2.4945430E+02   2.8251318E+02   3.2075720E+02   3.5928589E+02   4.0033841E+02   4.4385260E+02   4.8907977E+02   5.2748431E+02   5.8885309E+02   6.4154156E+02   6.9610742E+02   7.5222797E+02   8.0883569E+02   8.6251062E+02   9.1873663E+02   9.8406342E+02   1.0331228E+03   1.0931250E+03   1.0446578E+03   1.0769268E+03   1.1032853E+03   1.1229711E+03   1.1354111E+03   1.1452982E+03   1.3040883E+03   1.3733840E+03   1.4380638E+03   1.4439235E+03   1.4423992E+03   1.4337806E+03   1.4185804E+03   1.3975225E+03   1.3715071E+03   1.3416127E+03   1.3089777E+03   1.2747915E+03   1.2402472E+03   1.2278578E+03   1.2345267E+03   1.2407756E+03   1.2469922E+03   1.2536191E+03   1.2613645E+03   1.2700162E+03   1.2801737E+03   1.2921772E+03   1.3063511E+03   1.3229612E+03   1.3421353E+03   1.3642107E+03   1.3894734E+03   1.4174739E+03   1.4475532E+03   1.4784764E+03   1.5083011E+03   1.5814691E+03   1.6529996E+03   1.6951521E+03   1.6939355E+03   1.6345664E+03   1.5200767E+03   1.3778512E+03   1.2385314E+03   1.1381440E+03   1.0879503E+03   1.0871216E+03   1.0276783E+03   5.6249927E+02   3.1112141E+01   0.0000000E+00   0.0000000E+00   0.0000000E+00   0.0000000E+00   0.0000000E+00   0.0000000E+00
   0.0000000E+00   0.0000000E+00   0.0000000E+00   0.0000000E+00   0.0000000E+00   0.0000000E+00   1.1143009E-02   2.5726300E-01   1.4485499E+00   3.9757950E+00   7.5593314E+00   1.1883554E+01   1.7455996E+01   2.4393719E+01   3.2809395E+01   4.2810768E+01   5.4472916E+01   6.7920532E+01   8.3249924E+01   1.0074217E+02   1.2015378E+02   1.4129126E+02   1.6561411E+02   1.9165173E+02   2.1871017E+02   2.4906137E+02   2.8191455E+02   3.2032278E+02   3.5858597E+02   3.9927344E+02   4.4228348E+02   4.8668021E+02   5.2223431E+02   5.8459796E+02   6.3577985E+02   6.8839709E+02   7.4201166E+02   7.9540845E+02   8.4526923E+02   8.9676202E+02   9.5537415E+02   9.9754187E+02   1.0455359E+03   9.6081641E+02   9.7568927E+02   9.8247113E+02   9.8173248E+02   1.0345315E+03   1.0307291E+03   1.1498396E+03   1.1865547E+03   1.2135319E+03   1.1908016E+03   1.1605720E+03   1.1238508E+03   1.0818689E+03   1.0360045E+03   1.0145670E+03   1.0143462E+03   1.0120863E+03   1.0082850E+03   1.0033960E+03   9.9776605E+02   9.9179388E+02   9.8579517E+02   9.8007074E+02   9.7517511E+02   9.7216956E+02   9.6972675E+02   9.6919696E+02   9.7125323E+02   9.7671399E+02   9.8643323E+02   1.0011689E+03   1.0222549E+03   1.0508562E+03   1.0867622E+03   1.1293756E+03   1.1770198E+03   1.2266360E+03   1.2724374E+03   1.3037861E+03   1.3149355E+03   1.2973396E+03   1.2435996E+03   1.1664965E+03   1.0788231E+03   9.9889374E+02   9.4031012E+02   9.0753790E+02   8.9185559E+02   8.0701093E+02   4.3986053E+02   5.0408058E+00   0.0000000E+00   0.0000000E+00   0.0000000E+00   0.0000000E+00   0.0000000E+00   0.0000000E+00
   0.0000000E+00   0.0000000E+00   0.0000000E+00   0.0000000E+00   0.0000000E+00   0.0000000E+00   1.1221127E-02   2.5883582E-01   1.4546657E+00   3.9877582E+00   7.5766211E+00   1.1908500E+01   1.7489901E+01   2.4437714E+01   3.2864323E+01   4.2876801E+01   5.4544724E+01   6.7997437E+01   8.3328712E+01   1.0084116E+02   1.2024517E+02   1.4131058E+02   1.6567155E+02   1.9164551E+02   2.1841986E+02   2.4856596E+02   2.8116962E+02   3.1975287E+02   3.5768829E+02   3.9792255E+02   4.4030307E+02   4.8366589E+02   5.1572314E+02   5.7920514E+02   6.2844763E+02   6.7853979E+02   7.2889154E+02   7.7810632E+02   8.2292426E+02   8.6809503E+02   9.1800513E+02   9.5093506E+02   9.8367975E+02   8.5633490E+02   8.5093286E+02   8.3575684E+02   8.1161981E+02   7.7889471E+02   8.8544623E+02   9.5938251E+02   9.6125824E+02   9.5109869E+02   9.0325891E+02   8.5992279E+02   8.5653754E+02   8.4986810E+02   8.4036243E+02   8.2851105E+02   8.1489581E+02   7.9965100E+02   7.8320508E+02   7.6571759E+02   7.4698956E+02   7.2701581E+02   7.0570636E+02   6.8323151E+02   6.6075378E+02   6.4019458E+02   6.1814777E+02   5.9857568E+02   5.8348615E+02   5.7510962E+02   5.7553223E+02   5.8646161E+02   6.1021228E+02   6.4824933E+02   6.9972040E+02   7.6320941E+02   8.3582080E+02   9.1272687E+02   9.8517267E+02   1.0388398E+03   1.0675419E+03   1.0612028E+03   1.0121412E+03   9.4129041E+02   8.6315308E+02   7.9778070E+02   7.5641412E+02   7.4223724E+02   7.4532959E+02   6.7340607E+02   3.2650479E+02   0.0000000E+00   0.0000000E+00   0.0000000E+00   0.0000000E+00   0.0000000E+00   0.0000000E+00   0.0000000E+00
   0.0000000E+00   0.0000000E+00   0.0000000E+00   0.0000000E+00   0.0000000E+00   0.0000000E+00   1.1299765E-02   2.6041770E-01   1.4608033E+00   3.9997475E+00   7.5939441E+00   1.1933477E+01   1.7523821E+01   2.4481672E+01   3.2919102E+01   4.2942417E+01   5.4615112E+01   6.8071747E+01   8.3403160E+01   1.0093559E+02   1.2032835E+02   1.4131007E+02   1.6570923E+02   1.9160588E+02   2.1805013E+02   2.4795055E+02   2.8025165E+02   3.1902060E+02   3.5655136E+02   3.9622241E+02   4.3781577E+02   4.7988840E+02   5.0764587E+02   5.7237311E+02   6.1911487E+02   6.6593256E+02   7.1203772E+02   7.5581006E+02   7.9399994E+02   8.3083466E+02   8.6957733E+02   8.9045471E+02   9.0439154E+02   7.3038373E+02   7.0360632E+02   6.6806842E+02   6.9321576E+02   6.4942090E+02   7.1237537E+02   7.4127209E+02   7.1305426E+02   7.3459045E+02   7.2465051E+02   7.1116992E+02   6.9460364E+02   6.7545667E+02   6.5408191E+02   6.3070575E+02   6.0553534E+02   5.7748859E+02   5.4645709E+02   5.1170963E+02   4.7210400E+02   4.2774838E+02   3.7936407E+02   3.2915558E+02   2.8146552E+02   2.4030453E+02   2.0170010E+02   1.7306053E+02   1.5975078E+02   1.6411479E+02   1.7656146E+02   1.9838356E+02   2.3175853E+02   2.7882986E+02   3.4026492E+02   4.1611636E+02   5.0452353E+02   6.0061676E+02   6.9526306E+02   7.6933209E+02   8.1520203E+02   8.2090094E+02   7.7875085E+02   7.1741626E+02   6.5237714E+02   6.0373590E+02   5.7990631E+02   5.8319348E+02   6.0290070E+02   5.4262604E+02   2.2481793E+02   0.0000000E+00   0.0000000E+00   0.0000000E+00   0.0000000E+00   0.0000000E+00   0.0000000E+00   0.0000000E+00
   0.0000000E+00   0.0000000E+00   0.0000000E+00   0.0000000E+00   0.0000000E+00   0.0000000E+00   1.1378928E-02   2.6200873E-01   1.4669625E+00   4.0117626E+00   7.6113000E+00   1.1958488E+01   1.7557753E+01   2.4525585E+01   3.2973709E+01   4.3007580E+01   5.4683949E+01   6.8143196E+01   8.3472801E+01   1.0102492E+02   1.2040228E+02   1.4128705E+02   1.6572426E+02   1.9152765E+02   2.1758794E+02   2.4719411E+02   2.7912823E+02   3.1809311E+02   3.5512372E+02   3.9409390E+02   4.3470102E+02   4.7515970E+02   4.9762189E+02   5.6371527E+02   6.0723065E+02   6.4980597E+02   6.9040057E+02   7.2712573E+02   7.5670374E+02   7.8276160E+02   8.0747955E+02   8.1325348E+02   8.0513812E+02   5.8611768E+02   5.4155554E+02   5.5339569E+02   4.3164645E+02   5.0201349E+02   5.2460657E+02   5.5207703E+02   5.7462006E+02   5.9888422E+02   5.7745068E+02   5.5348517E+02   5.2690686E+02   4.9753198E+02   4.6463495E+02   4.2734171E+02   3.8485611E+02   3.3420203E+02   2.7649512E+02   2.1307858E+02   1.4719412E+02   8.6332695E+01   3.8660919E+01   1.0242889E+01   1.5380592E+00   2.3220798E-02   0.0000000E+00   1.0121326E-02   2.3444709E-01   1.0546922E-02   1.4657184E+00   7.6166277E+00   2.2013653E+01   4.8913116E+01   9.2092705E+01   1.5392526E+02   2.3461365E+02   3.3039240E+02   4.3179523E+02   5.1668140E+02   5.7471637E+02   5.9113324E+02   5.5728564E+02   5.0875833E+02   4.5897424E+02   4.2719034E+02   4.1909122E+02   4.3659946E+02   4.6916190E+02   4.1980786E+02   1.3895886E+02   0.0000000E+00   0.0000000E+00   0.0000000E+00   0.0000000E+00   0.0000000E+00   0.0000000E+00   0.0000000E+00
   0.0000000E+00   0.0000000E+00   0.0000000E+00   0.0000000E+00   0.0000000E+00   0.0000000E+00   1.1717651E-02   2.6360893E-01   1.4731435E+00   4.0238032E+00   7.6286883E+00   1.1983526E+01   1.7591692E+01   2.4569447E+01   3.3028130E+01   4.3072235E+01   5.4751087E+01   6.8211502E+01   8.3537117E+01   1.0110854E+02   1.2046577E+02   1.4123846E+02   1.6571326E+02   1.9140472E+02   2.1701778E+02   2.4627139E+02   2.7776001E+02   3.1692966E+02   3.5334131E+02   3.9143741E+02   4.3080615E+02   4.6924133E+02   4.8518039E+02   5.5273846E+02   5.9209534E+02   6.2919397E+02   6.6268817E+02   6.9039136E+02   7.0900452E+02   7.2156006E+02   7.2934546E+02   7.1735406E+02   6.8551691E+02   4.3291116E+02   3.7832806E+02   4.2612521E+02   3.2122311E+02   3.5177164E+02   3.8731174E+02   4.4821066E+02   4.5515329E+02   4.5976419E+02   4.2975638E+02   3.9664194E+02   3.5821490E+02   3.1281882E+02   2.5707486E+02   1.9381424E+02   1.2595210E+02   5.9767174E+01   1.3147601E+01   0.0000000E+00   0.0000000E+00   0.0000000E+00   0.0000000E+00   0.0000000E+00   0.0000000E+00   0.0000000E+00   0.0000000E+00   0.0000000E+00   0.0000000E+00   0.0000000E+00   0.0000000E+00   0.0000000E+00   0.0000000E+00   6.6876248E-02   4.8290324E-01   1.6199509E+01   5.9861645E+01   1.3040434E+02   2.1822913E+02   3.0030164E+02   3.6215399E+02   3.8584277E+02   3.6120877E+02   3.2622134E+02   2.9193515E+02   2.7516733E+02   2.7964163E+02   3.0739969E+02   3.4838562E+02   3.0742960E+02   7.1435020E+01   0.0000000E+00   0.0000000E+00   0.0000000E+00   0.0000000E+00   0.0000000E+00   0.0000000E+00   0.0000000E+00
   0.0000000E+00   0.0000000E+00   0.0000000E+00   0.0000000E+00   0.0000000E+00   0.0000000E+00   1.8100701E-02   2.6521838E-01   1.4793463E+00   4.0358696E+00   7.6461086E+00   1.2008595E+01   1.7625635E+01   2.4613243E+01   3.3082336E+01   4.3136333E+01   5.4816353E+01   6.8276337E+01   8.3595505E+01   1.0118573E+02   1.2051746E+02   1.4116071E+02   1.6567226E+02   1.9122980E+02   2.1632109E+02   2.4515186E+02   2.7609897E+02   3.1547977E+02   3.5112381E+02   3.8812732E+02   4.2593741E+02   4.6183090E+02   4.6974677E+02   5.3881848E+02   5.7283539E+02   6.0291919E+02   6.2738629E+02   6.4377948E+02   6.4889874E+02   6.4536957E+02   6.3404602E+02   6.0321423E+02   5.4944977E+02   2.8746552E+02   2.8371365E+02   2.9877368E+02   2.1527669E+02   2.5545879E+02   3.0710931E+02   3.4632724E+02   3.4082401E+02   3.2283884E+02   2.7987943E+02   2.2885283E+02   1.6680365E+02   9.7484764E+01   3.1118620E+01   6.1650950E-01   0.0000000E+00   0.0000000E+00   0.0000000E+00   0.0000000E+00   0.0000000E+00   0.0000000E+00   0.0000000E+00   0.0000000E+00   0.0000000E+00   0.0000000E+00   0.0000000E+00   0.0000000E+00   0.0000000E+00   0.0000000E+00   0.0000000E+00   0.0000000E+00   0.0000000E+00   0.0000000E+00   0.0000000E+00   1.3794497E-02   1.5151249E-01   1.9394705E+01   7.1365387E+01   1.3495154E+02   1.9038066E+02   2.1633324E+02   2.0023648E+02   1.7880916E+02   1.5844525E+02   1.5320317E+02   1.6562111E+02   1.9838123E+02   2.4258287E+02   2.0939558E+02   2.5709761E+01   0.0000000E+00   0.0000000E+00   0.0000000E+00   0.0000000E+00   0.0000000E+00   0.0000000E+00   0.0000000E+00
   0.0000000E+00   0.0000000E+00   0.0000000E+00   0.0000000E+00   0.0000000E+00   2.4634229E-03   2.3761410E-02   2.6683709E-01   1.4855708E+00   4.0479612E+00   7.6635604E+00   1.2033689E+01   1.7659576E+01   2.4656967E+01   3.3136307E+01   4.3199814E+01   5.4879566E+01   6.8337318E+01   8.3647285E+01   1.0125571E+02   1.2055578E+02   1.4104962E+02   1.6559656E+02   1.9099422E+02   2.1547556E+02   2.4379846E+02   2.7408618E+02   3.1368042E+02   3.4837024E+02   3.8400464E+02   4.1984888E+02   4.5254660E+02   4.5063663E+02   5.2117883E+02   5.4839325E+02   5.6961981E+02   5.8287457E+02   5.8559058E+02   5.7500854E+02   5.5383398E+02   5.2325574E+02   4.7093680E+02   2.0844777E+02   2.0794981E+02   1.9270802E+02   2.1596487E+02   1.4507272E+02   1.9860513E+02   2.3323096E+02   2.5490585E+02   2.3148534E+02   1.7263689E+02   1.0430269E+02   3.7577648E+01   9.5472825E-01   0.0000000E+00   0.0000000E+00   0.0000000E+00   0.0000000E+00   0.0000000E+00   0.0000000E+00   0.0000000E+00   0.0000000E+00   0.0000000E+00   0.0000000E+00   0.0000000E+00   0.0000000E+00   0.0000000E+00   0.0000000E+00   0.0000000E+00   0.0000000E+00   0.0000000E+00   0.0000000E+00   0.0000000E+00   0.0000000E+00   0.0000000E+00   0.0000000E+00   0.0000000E+00   0.0000000E+00   8.7577546E-01   4.3470902E+00   3.2355682E+01   6.9476715E+01   9.1398483E+01   8.2951752E+01   7.2417511E+01   6.3095184E+01   6.4681328E+01   7.9556961E+01   1.1167562E+02   1.5411937E+02   1.2746382E+02   3.1871719E+00   0.0000000E+00   0.0000000E+00   0.0000000E+00   0.0000000E+00   0.0000000E+00   0.0000000E+00   0.0000000E+00
   0.0000000E+00   0.0000000E+00   0.0000000E+00   0.0000000E+00   0.0000000E+00   3.1496997E-03   2.8935244E-02   2.6846510E-01   1.4918171E+00   4.0600791E+00   7.6810436E+00   1.2058809E+01   1.7693516E+01   2.4700607E+01   3.3190014E+01   4.3262615E+01   5.4940517E+01   6.8394043E+01   8.3691704E+01   1.0131756E+02   1.2057887E+02   1.4090027E+02   1.6548059E+02   1.9068756E+02   2.1445425E+02   2.4216614E+02   2.7164941E+02   3.1145267E+02   3.4495312E+02   3.7886780E+02   4.1222858E+02   4.4091006E+02   4.2706741E+02   4.9888187E+02   5.1755554E+02   5.2786969E+02   5.2772845E+02   5.1486694E+02   4.8763730E+02   4.4963171E+02   4.0328796E+02   3.7364890E+02   1.1506895E+02   1.3591040E+02   1.2929112E+02   1.6832210E+02   1.1124386E+02   1.4913524E+02   1.7028464E+02   1.6882005E+02   1.0175087E+02   1.1946293E+01   0.0000000E+00   0.0000000E+00   0.0000000E+00   0.0000000E+00   0.0000000E+00   0.0000000E+00   0.0000000E+00   0.0000000E+00   0.0000000E+00   0.0000000E+00   0.0000000E+00   0.0000000E+00   0.0000000E+00   0.0000000E+00   0.0000000E+00   0.0000000E+00   0.0000000E+00   0.0000000E+00   0.0000000E+00   0.0000000E+00   0.0000000E+00   0.0000000E+00   0.0000000E+00   0.0000000E+00   0.0000000E+00   0.0000000E+00   0.0000000E+00   0.0000000E+00   2.4225893E-03   4.1744716E-02   8.0223789E+00   1.8579163E+01   1.5793672E+01   1.3009099E+01   1.0766586E+01   1.3524855E+01   2.4183287E+01   4.8795921E+01   8.3974052E+01   6.4845230E+01   0.0000000E+00   0.0000000E+00   0.0000000E+00   0.0000000E+00   0.0000000E+00   0.0000000E+00   0.0000000E+00   0.0000000E+00
   0.0000000E+00   0.0000000E+00   0.0000000E+00   0.0000000E+00   0.0000000E+00   3.7823874E-03   3.3755910E-02   2.7010250E-01   1.4980854E+00   4.0722218E+00   7.6985569E+00   1.2083953E+01   1.7727444E+01   2.4744148E+01   3.3243427E+01   4.3324661E+01   5.4998974E+01   6.8446053E+01   8.3727882E+01   1.0137019E+02   1.2058463E+02   1.4070692E+02   1.6531770E+02   1.9029730E+02   2.1322455E+02   2.4019969E+02   2.6869943E+02   3.0869711E+02   3.4071103E+02   3.7246115E+02   4.0268283E+02   4.2633148E+02   3.9820786E+02   4.7085468E+02   4.7906738E+02   4.7647104E+02   4.6131717E+02   4.3240793E+02   3.9016327E+02   3.5148474E+02   3.4317920E+02   3.0702295E+02   5.4872921E+01   9.3407722E+01   1.0005959E+02   1.2704216E+02   8.3107849E+01   1.0847878E+02   1.1008300E+02   5.8343567E+01   0.0000000E+00   0.0000000E+00   0.0000000E+00   0.0000000E+00   0.0000000E+00   0.0000000E+00   0.0000000E+00   0.0000000E+00   0.0000000E+00   0.0000000E+00   0.0000000E+00   0.0000000E+00   0.0000000E+00   0.0000000E+00   0.0000000E+00   0.0000000E+00   0.0000000E+00   0.0000000E+00   0.0000000E+00   0.0000000E+00   0.0000000E+00   0.0000000E+00   0.0000000E+00   0.0000000E+00   0.0000000E+00   0.0000000E+00   0.0000000E+00   0.0000000E+00   0.0000000E+00   0.0000000E+00   0.0000000E+00   0.0000000E+00   0.0000000E+00   0.0000000E+00   0.0000000E+00   0.0000000E+00   0.0000000E+00   1.4683391E-01   1.1939209E+00   1.1617177E+01   3.4432423E+01   2.2749477E+01   0.0000000E+00   0.0000000E+00   0.0000000E+00   0.0000000E+00   0.0000000E+00   0.0000000E+00   0.0000000E+00   0.0000000E+00
   0.0000000E+00   0.0000000E+00   0.0000000E+00   0.0000000E+00   0.0000000E+00   4.3787919E-03   3.8306057E-02   2.7174929E-01   1.5043755E+00   4.0843897E+00   7.7160997E+00   1.2109118E+01   1.7761356E+01   2.4787579E+01   3.3296516E+01   4.3385872E+01   5.5054680E+01   6.8492813E+01   8.3754822E+01   1.0141240E+02   1.2057053E+02   1.4046274E+02   1.6509991E+02   1.8980821E+02   2.1174664E+02   2.3783142E+02   2.6512607E+02   3.0528809E+02   3.3543942E+02   3.6446161E+02   3.9072034E+02   4.0810379E+02   3.6329654E+02   4.3598868E+02   4.3190164E+02   4.1501422E+02   3.8474408E+02   3.4199142E+02   3.1529526E+02   2.9928513E+02   2.7878391E+02   3.7596691E+01   3.2535793E+01   7.1619156E+01   7.5505753E+01   9.4139336E+01   6.0421162E+01   6.7890564E+01   2.7078669E+01   0.0000000E+00   0.0000000E+00   0.0000000E+00   0.0000000E+00   0.0000000E+00   0.0000000E+00   0.0000000E+00   0.0000000E+00   0.0000000E+00   0.0000000E+00   0.0000000E+00   0.0000000E+00   0.0000000E+00   0.0000000E+00   0.0000000E+00   0.0000000E+00   0.0000000E+00   0.0000000E+00   0.0000000E+00   0.0000000E+00   0.0000000E+00   0.0000000E+00   0.0000000E+00   0.0000000E+00   0.0000000E+00   0.0000000E+00   0.0000000E+00   0.0000000E+00   0.0000000E+00   0.0000000E+00   0.0000000E+00   0.0000000E+00   0.0000000E+00   0.0000000E+00   0.0000000E+00   0.0000000E+00   0.0000000E+00   0.0000000E+00   0.0000000E+00   3.1627179E-03   4.8076134E-02   6.7279167E+00   2.6273565E+00   0.0000000E+00   0.0000000E+00   0.0000000E+00   0.0000000E+00   0.0000000E+00   0.0000000E+00   0.0000000E+00   0.0000000E+00
   0.0000000E+00   0.0000000E+00   0.0000000E+00   0.0000000E+00   0.0000000E+00   4.9404362E-03   4.2640645E-02   2.7340552E-01   1.5106874E+00   4.0965829E+00   7.7336721E+00   1.2134302E+01   1.7795248E+01   2.4830883E+01   3.3349243E+01   4.3446163E+01   5.5107349E+01   6.8533730E+01   8.3771378E+01   1.0144274E+02   1.2053366E+02   1.4015962E+02   1.6481760E+02   1.8920175E+02   2.0997186E+02   2.3497787E+02   2.6079285E+02   3.0106631E+02   3.2887903E+02   3.5446375E+02   3.7574014E+02   3.8542126E+02   3.2187280E+02   3.9337497E+02   3.7576419E+02   3.4472559E+02   3.0188837E+02   2.8525955E+02   2.6659106E+02   2.4120534E+02   2.7250937E+01   2.1856718E+01   1.9182125E+01   5.3893936E+01   5.6275524E+01   6.7946678E+01   3.6093975E+01   9.4128437E+00   0.0000000E+00   0.0000000E+00   0.0000000E+00   0.0000000E+00   0.0000000E+00   0.0000000E+00   0.0000000E+00   0.0000000E+00   0.0000000E+00   0.0000000E+00   0.0000000E+00   0.0000000E+00   0.0000000E+00   0.0000000E+00   0.0000000E+00   0.0000000E+00   0.0000000E+00   0.0000000E+00   0.0000000E+00   0.0000000E+00   0.0000000E+00   0.0000000E+00   0.0000000E+00   0.0000000E+00   0.0000000E+00   0.0000000E+00   0.0000000E+00   0.0000000E+00   0.0000000E+00   0.0000000E+00   0.0000000E+00   0.0000000E+00   0.0000000E+00   0.0000000E+00   0.0000000E+00   0.0000000E+00   0.0000000E+00   0.0000000E+00   0.0000000E+00   0.0000000E+00   0.0000000E+00   0.0000000E+00   0.0000000E+00   0.0000000E+00   0.0000000E+00   0.0000000E+00   0.0000000E+00   0.0000000E+00   0.0000000E+00   0.0000000E+00   0.0000000E+00   0.0000000E+00
   0.0000000E+00   0.0000000E+00   0.0000000E+00   0.0000000E+00   0.0000000E+00   5.4802066E-03   4.6798311E-02   2.7507126E-01   1.5170213E+00   4.1088014E+00   7.7512732E+00   1.2159503E+01   1.7829111E+01   2.4874044E+01   3.3401569E+01   4.3505436E+01   5.5156647E+01   6.8568123E+01   8.3776230E+01   1.0145955E+02   1.2047056E+02   1.3978790E+02   1.6445905E+02   1.8845514E+02   2.0784038E+02   2.3153598E+02   2.5553094E+02   2.9582944E+02   3.2070294E+02   3.4196695E+02   3.5703452E+02   3.5744949E+02   2.7415845E+02   3.4274561E+02   3.1184647E+02   2.6935165E+02   2.5729599E+02   2.4001683E+02   2.1364185E+02   2.0308311E+01   1.5711990E+01   1.2897258E+01   1.4514938E+01   4.0242218E+01   4.0723331E+01   3.7505058E+01   1.5816438E+00   0.0000000E+00   0.0000000E+00   0.0000000E+00   0.0000000E+00   0.0000000E+00   0.0000000E+00   0.0000000E+00   0.0000000E+00   0.0000000E+00   0.0000000E+00   0.0000000E+00   0.0000000E+00   0.0000000E+00   0.0000000E+00   0.0000000E+00   0.0000000E+00   0.0000000E+00   0.0000000E+00   0.0000000E+00   0.0000000E+00   0.0000000E+00   0.0000000E+00   0.0000000E+00   0.0000000E+00   0.0000000E+00   0.0000000E+00   0.0000000E+00   0.0000000E+00   0.0000000E+00   0.0000000E+00   0.0000000E+00   0.0000000E+00   0.0000000E+00   0.0000000E+00   0.0000000E+00   0.0000000E+00   0.0000000E+00   0.0000000E+00   0.0000000E+00   0.0000000E+00   0.0000000E+00   0.0000000E+00   0.0000000E+00   0.0000000E+00   0.0000000E+00   0.0000000E+00   0.0000000E+00   0.0000000E+00   0.0000000E+00   0.0000000E+00   0.0000000E+00   0.0000000E+00   0.0000000E+00
   0.0000000E+00   0.0000000E+00   0.0000000E+00   0.0000000E+00   0.0000000E+00   5.9991693E-03   5.0807446E-02   2.7674651E-01   1.5233771E+00   4.1210442E+00   7.7689018E+00   1.2184719E+01   1.7862940E+01   2.4917046E+01   3.3453453E+01   4.3563580E+01   5.5202209E+01   6.8595215E+01   8.3767845E+01   1.0146087E+02   1.2037710E+02   1.3933594E+02   1.6400998E+02   1.8754022E+02   2.0527821E+02   2.2737817E+02   2.4913200E+02   2.8932083E+02   3.1050311E+02   3.2637045E+02   3.3382596E+02   3.2349030E+02   2.2156981E+02   2.8513266E+02   2.4458421E+02   2.3301392E+02   2.1589322E+02   1.9167393E+02   1.5570041E+01   1.1673727E+01   9.3123541E+00   9.7280579E+00   1.0928237E+01   2.8971554E+01   2.0404749E+01   5.4156035E-03   0.0000000E+00   0.0000000E+00   0.0000000E+00   0.0000000E+00   0.0000000E+00   0.0000000E+00   0.0000000E+00   0.0000000E+00   0.0000000E+00   0.0000000E+00   0.0000000E+00   0.0000000E+00   0.0000000E+00   0.0000000E+00   0.0000000E+00   0.0000000E+00   0.0000000E+00   0.0000000E+00   0.0000000E+00   0.0000000E+00   0.0000000E+00   0.0000000E+00   0.0000000E+00   0.0000000E+00   0.0000000E+00   0.0000000E+00   0.0000000E+00   0.0000000E+00   0.0000000E+00   0.0000000E+00   0.0000000E+00   0.0000000E+00   0.0000000E+00   0.0000000E+00   0.0000000E+00   0.0000000E+00   0.0000000E+00   0.0000000E+00   0.0000000E+00   0.0000000E+00   0.0000000E+00   0.0000000E+00   0.0000000E+00   0.0000000E+00   0.0000000E+00   0.0000000E+00   0.0000000E+00   0.0000000E+00   0.0000000E+00   0.0000000E+00   0.0000000E+00   0.0000000E+00   0.0000000E+00   0.0000000E+00
   0.0000000E+00   0.0000000E+00   0.0000000E+00   0.0000000E+00   0.0000000E+00   6.5005370E-03   5.4689616E-02   2.7843139E-01   1.5297548E+00   4.1333117E+00   7.7865572E+00   1.2209947E+01   1.7896727E+01   2.4959867E+01   3.3504841E+01   4.3620468E+01   5.5243614E+01   6.8614120E+01   8.3744446E+01   1.0144439E+02   1.2024836E+02   1.3878966E+02   1.6345279E+02   1.8642194E+02   2.0219370E+02   2.2234650E+02   2.4134059E+02   2.8121683E+02   2.9778091E+02   3.0699161E+02   3.0537476E+02   2.8329303E+02   1.6717195E+02   2.2383328E+02   2.1230412E+02   1.9535680E+02   1.7218008E+02   1.2441347E+01   8.9510765E+00   6.9434953E+00   7.0430808E+00   7.3104110E+00   7.8322577E+00   1.2420002E+01   0.0000000E+00   0.0000000E+00   0.0000000E+00   0.0000000E+00   0.0000000E+00   0.0000000E+00   0.0000000E+00   0.0000000E+00   0.0000000E+00   0.0000000E+00   0.0000000E+00   0.0000000E+00   0.0000000E+00   0.0000000E+00   0.0000000E+00   0.0000000E+00   0.0000000E+00   0.0000000E+00   0.0000000E+00   0.0000000E+00   0.0000000E+00   0.0000000E+00   0.0000000E+00   0.0000000E+00   0.0000000E+00   0.0000000E+00   0.0000000E+00   0.0000000E+00   0.0000000E+00   0.0000000E+00   0.0000000E+00   0.0000000E+00   0.0000000E+00   0.0000000E+00   0.0000000E+00   0.0000000E+00   0.0000000E+00   0.0000000E+00   0.0000000E+00   0.0000000E+00   0.0000000E+00   0.0000000E+00   0.0000000E+00   0.0000000E+00   0.0000000E+00   0.0000000E+00   0.0000000E+00   0.0000000E+00   0.0000000E+00   0.0000000E+00   0.0000000E+00   0.0000000E+00   0.0000000E+00   0.0000000E+00   0.0000000E+00   0.0000000E+00
   0.0000000E+00   0.0000000E+00   0.0000000E+00   0.0000000E+00   0.0000000E+00   6.9867857E-03   5.8461692E-02   2.8012586E-01   1.5361544E+00   4.1456041E+00   7.8042388E+00   1.2235184E+01   1.7930464E+01   2.5002485E+01   3.3555679E+01   4.3675964E+01   5.5280392E+01   6.8623802E+01   8.3703949E+01   1.0140737E+02   1.2007844E+02   1.3813199E+02   1.6276561E+02   1.8505627E+02   1.9847270E+02   2.1624591E+02   2.3184785E+02   2.7111435E+02   2.8195041E+02   2.8313342E+02   2.7120828E+02   2.3752980E+02   1.1562254E+02   1.9471832E+02   1.7817174E+02   1.5588837E+02   1.0415398E+01   7.1663980E+00   5.3370638E+00   5.2724929E+00   5.3067727E+00   5.1387496E+00   2.6337485E+00   0.0000000E+00   0.0000000E+00   0.0000000E+00   0.0000000E+00   0.0000000E+00   0.0000000E+00   0.0000000E+00   0.0000000E+00   0.0000000E+00   0.0000000E+00   0.0000000E+00   0.0000000E+00   0.0000000E+00   0.0000000E+00   0.0000000E+00   0.0000000E+00   0.0000000E+00   0.0000000E+00   0.0000000E+00   0.0000000E+00   0.0000000E+00   0.0000000E+00   0.0000000E+00   0.0000000E+00   0.0000000E+00   0.0000000E+00   0.0000000E+00   0.0000000E+00   0.0000000E+00   0.0000000E+00   0.0000000E+00   0.0000000E+00   0.0000000E+00   0.0000000E+00   0.0000000E+00   0.0000000E+00   0.0000000E+00   0.0000000E+00   0.0000000E+00   0.0000000E+00   0.0000000E+00   0.0000000E+00   0.0000000E+00   0.0000000E+00   0.0000000E+00   0.0000000E+00   0.0000000E+00   0.0000000E+00   0.0000000E+00   0.0000000E+00   0.0000000E+00   0.0000000E+00   0.0000000E+00   0.0000000E+00   0.0000000E+00   0.0000000E+00   0.0000000E+00
   0.0000000E+00   0.0000000E+00   0.0000000E+00   0.0000000E+00   0.0000000E+00   7.4570226E-03   6.2137153E-02   2.8183001E-01   1.5425761E+00   4.1579204E+00   7.8219452E+00   1.2260427E+01   1.7964140E+01   2.5044878E+01   3.3605911E+01   4.3729912E+01   5.5311989E+01   6.8623077E+01   8.3643921E+01   1.0134653E+02   1.1986015E+02   1.3734193E+02   1.6192104E+02   1.8338751E+02   1.9397292E+02   2.0883730E+02   2.2028981E+02   2.5852451E+02   2.6237402E+02   2.5424564E+02   2.3151543E+02   1.8831528E+02   7.2063126E+01   1.6386809E+02   1.4248811E+02   9.1144381E+00   6.0199304E+00   4.2788854E+00   4.0688214E+00   3.9854822E+00   3.6502726E+00   1.1570121E+00   0.0000000E+00   0.0000000E+00   0.0000000E+00   0.0000000E+00   0.0000000E+00   0.0000000E+00   0.0000000E+00   0.0000000E+00   0.0000000E+00   0.0000000E+00   0.0000000E+00   0.0000000E+00   0.0000000E+00   0.0000000E+00   0.0000000E+00   0.0000000E+00   0.0000000E+00   0.0000000E+00   0.0000000E+00   0.0000000E+00   0.0000000E+00   0.0000000E+00   0.0000000E+00   0.0000000E+00   0.0000000E+00   0.0000000E+00   0.0000000E+00   0.0000000E+00   0.0000000E+00   0.0000000E+00   0.0000000E+00   0.0000000E+00   0.0000000E+00   0.0000000E+00   0.0000000E+00   0.0000000E+00   0.0000000E+00   0.0000000E+00   0.0000000E+00   0.0000000E+00   0.0000000E+00   0.0000000E+00   0.0000000E+00   0.0000000E+00   0.0000000E+00   0.0000000E+00   0.0000000E+00   0.0000000E+00   0.0000000E+00   0.0000000E+00   0.0000000E+00   0.0000000E+00   0.0000000E+00   0.0000000E+00   0.0000000E+00   0.0000000E+00   0.0000000E+00   0.0000000E+00
   0.0000000E+00   0.0000000E+00   0.0000000E+00   0.0000000E+00   0.0000000E+00   7.9183374E-03   6.5726988E-02   2.8354388E-01   1.5490196E+00   4.1702609E+00   7.8396759E+00   1.2285671E+01   1.7997747E+01   2.5087015E+01   3.3655464E+01   4.3782135E+01   5.5337788E+01   6.8610558E+01   8.3561462E+01   1.0125792E+02   1.1958473E+02   1.3639355E+02   1.6088440E+02   1.8134448E+02   1.8851692E+02   1.9983163E+02   2.0625717E+02   2.4288385E+02   2.3846417E+02   2.2022884E+02   1.8766400E+02   1.5751265E+02   4.0049282E+01   1.3154083E+02   8.3491383E+00   5.2922268E+00   3.5962160E+00   3.2730587E+00   3.0831068E+00   2.6630609E+00   4.4969037E-01   0.0000000E+00   0.0000000E+00   0.0000000E+00   0.0000000E+00   0.0000000E+00   0.0000000E+00   0.0000000E+00   0.0000000E+00   0.0000000E+00   0.0000000E+00   0.0000000E+00   0.0000000E+00   0.0000000E+00   0.0000000E+00   0.0000000E+00   0.0000000E+00   0.0000000E+00   0.0000000E+00   0.0000000E+00   0.0000000E+00   0.0000000E+00   0.0000000E+00   0.0000000E+00   0.0000000E+00   0.0000000E+00   0.0000000E+00   0.0000000E+00   0.0000000E+00   0.0000000E+00   0.0000000E+00   0.0000000E+00   0.0000000E+00   0.0000000E+00   0.0000000E+00   0.0000000E+00   0.0000000E+00   0.0000000E+00   0.0000000E+00   0.0000000E+00   0.0000000E+00   0.0000000E+00   0.0000000E+00   0.0000000E+00   0.0000000E+00   0.0000000E+00   0.0000000E+00   0.0000000E+00   0.0000000E+00   0.0000000E+00   0.0000000E+00   0.0000000E+00   0.0000000E+00   0.0000000E+00   0.0000000E+00   0.0000000E+00   0.0000000E+00   0.0000000E+00   0.0000000E+00   0.0000000E+00
   0.0000000E+00   0.0000000E+00   0.0000000E+00   0.0000000E+00   0.0000000E+00   8.3693704E-03   6.9240287E-02   2.8526750E-01   1.5554851E+00   4.1826248E+00   7.8574290E+00   1.2310914E+01   1.8031273E+01   2.5128872E+01   3.3704266E+01   4.3832432E+01   5.5357059E+01   6.8584618E+01   8.3453148E+01   1.0113677E+02   1.1924140E+02   1.3525455E+02   1.5961139E+02   1.7883542E+02   1.8188451E+02   1.8888956E+02   1.8933127E+02   2.2360799E+02   2.0989951E+02   1.8188509E+02   1.5539838E+02   1.3246733E+02   1.9658049E+01   8.0135021E+00   4.8738260E+00   3.1609108E+00   2.7584488E+00   2.4823503E+00   1.9785069E+00   1.1338465E-01   0.0000000E+00   0.0000000E+00   0.0000000E+00   0.0000000E+00   0.0000000E+00   0.0000000E+00   0.0000000E+00   0.0000000E+00   0.0000000E+00   0.0000000E+00   0.0000000E+00   0.0000000E+00   0.0000000E+00   0.0000000E+00   0.0000000E+00   0.0000000E+00   0.0000000E+00   0.0000000E+00   0.0000000E+00   0.0000000E+00   0.0000000E+00   0.0000000E+00   0.0000000E+00   0.0000000E+00   0.0000000E+00   0.0000000E+00   0.0000000E+00   0.0000000E+00   0.0000000E+00   0.0000000E+00   0.0000000E+00   0.0000000E+00   0.0000000E+00   0.0000000E+00   0.0000000E+00   0.0000000E+00   0.0000000E+00   0.0000000E+00   0.0000000E+00   0.0000000E+00   0.0000000E+00   0.0000000E+00   0.0000000E+00   0.0000000E+00   0.0000000E+00   0.0000000E+00   0.0000000E+00   0.0000000E+00   0.0000000E+00   0.0000000E+00   0.0000000E+00   0.0000000E+00   0.0000000E+00   0.0000000E+00   0.0000000E+00   0.0000000E+00   0.0000000E+00   0.0000000E+00   0.0000000E+00   0.0000000E+00
   0.0000000E+00   0.0000000E+00   0.0000000E+00   0.0000000E+00   0.0000000E+00   8.8112010E-03   7.2684698E-02   2.8700092E-01   1.5619726E+00   4.1950126E+00   7.8752036E+00   1.2336152E+01   1.8064705E+01   2.5170412E+01   3.3752228E+01   4.3880573E+01   5.5368977E+01   6.8543358E+01   8.3314842E+01   1.0097722E+02   1.1881670E+02   1.3388414E+02   1.5804457E+02   1.7574094E+02   1.7380547E+02   1.7563390E+02   1.6916982E+02   2.0022795E+02   1.7698999E+02   1.4624718E+02   1.3316811E+02   1.0774976E+02   8.7727175E+00   3.3030188E+00   2.9087095E+00   2.4299862E+00   2.0904927E+00   1.5075620E+00   4.9119079E-03   0.0000000E+00   0.0000000E+00   0.0000000E+00   0.0000000E+00   0.0000000E+00   0.0000000E+00   0.0000000E+00   0.0000000E+00   0.0000000E+00   0.0000000E+00   0.0000000E+00   0.0000000E+00   0.0000000E+00   0.0000000E+00   0.0000000E+00   0.0000000E+00   0.0000000E+00   0.0000000E+00   0.0000000E+00   0.0000000E+00   0.0000000E+00   0.0000000E+00   0.0000000E+00   0.0000000E+00   0.0000000E+00   0.0000000E+00   0.0000000E+00   0.0000000E+00   0.0000000E+00   0.0000000E+00   0.0000000E+00   0.0000000E+00   0.0000000E+00   0.0000000E+00   0.0000000E+00   0.0000000E+00   0.0000000E+00   0.0000000E+00   0.0000000E+00   0.0000000E+00   0.0000000E+00   0.0000000E+00   0.0000000E+00   0.0000000E+00   0.0000000E+00   0.0000000E+00   0.0000000E+00   0.0000000E+00   0.0000000E+00   0.0000000E+00   0.0000000E+00   0.0000000E+00   0.0000000E+00   0.0000000E+00   0.0000000E+00   0.0000000E+00   0.0000000E+00   0.0000000E+00   0.0000000E+00   0.0000000E+00   0.0000000E+00
   0.0000000E+00   0.0000000E+00   0.0000000E+00   0.0000000E+00   0.0000000E+00   9.2447419E-03   7.6066718E-02   2.8874421E-01   1.5684819E+00   4.2074232E+00   7.8929987E+00   1.2361380E+01   1.8098026E+01   2.5210804E+01   3.3799252E+01   4.3926289E+01   5.5372559E+01   6.8484505E+01   8.3141579E+01   1.0077204E+02   1.1829369E+02   1.3223048E+02   1.5610872E+02   1.7190446E+02   1.6395667E+02   1.5969206E+02   1.4567705E+02   1.7265866E+02   1.4112471E+02   1.2668371E+02   1.0907703E+02   8.0675840E+00   3.6537311E+00   1.3130488E+00   2.2398133E+00   1.8371091E+00   1.1808114E+00   0.0000000E+00   0.0000000E+00   0.0000000E+00   0.0000000E+00   0.0000000E+00   0.0000000E+00   0.0000000E+00   0.0000000E+00   0.0000000E+00   0.0000000E+00   0.0000000E+00   0.0000000E+00   0.0000000E+00   0.0000000E+00   0.0000000E+00   0.0000000E+00   0.0000000E+00   0.0000000E+00   0.0000000E+00   0.0000000E+00   0.0000000E+00   0.0000000E+00   0.0000000E+00   0.0000000E+00   0.0000000E+00   0.0000000E+00   0.0000000E+00   0.0000000E+00   0.0000000E+00   0.0000000E+00   0.0000000E+00   0.0000000E+00   0.0000000E+00   0.0000000E+00   0.0000000E+00   0.0000000E+00   0.0000000E+00   0.0000000E+00   0.0000000E+00   0.0000000E+00   0.0000000E+00   0.0000000E+00   0.0000000E+00   0.0000000E+00   0.0000000E+00   0.0000000E+00   0.0000000E+00   0.0000000E+00   0.0000000E+00   0.0000000E+00   0.0000000E+00   0.0000000E+00   0.0000000E+00   0.0000000E+00   0.0000000E+00   0.0000000E+00   0.0000000E+00   0.0000000E+00   0.0000000E+00   0.0000000E+00   0.0000000E+00   0.0000000E+00   0.0000000E+00
   0.0000000E+00   0.0000000E+00   0.0000000E+00   0.0000000E+00   0.0000000E+00   9.6707689E-03   7.9391919E-02   2.9049739E-01   1.5750133E+00   4.2198572E+00   7.9108124E+00   1.2386591E+01   1.8131208E+01   2.5248768E+01   3.3845226E+01   4.3969280E+01   5.5366661E+01   6.8405350E+01   8.2927261E+01   1.0051218E+02   1.1765077E+02   1.3022667E+02   1.5370374E+02   1.6711945E+02   1.5197197E+02   1.4079572E+02   1.1928256E+02   1.4160292E+02   1.2059759E+02   1.0490167E+02   9.2699232E+00   3.4095829E+00   1.4624562E+00   5.1699448E-01   1.6861937E+00   9.4494855E-01   0.0000000E+00   0.0000000E+00   0.0000000E+00   0.0000000E+00   0.0000000E+00   0.0000000E+00   0.0000000E+00   0.0000000E+00   0.0000000E+00   0.0000000E+00   0.0000000E+00   0.0000000E+00   0.0000000E+00   0.0000000E+00   0.0000000E+00   0.0000000E+00   0.0000000E+00   0.0000000E+00   0.0000000E+00   0.0000000E+00   0.0000000E+00   0.0000000E+00   0.0000000E+00   0.0000000E+00   0.0000000E+00   0.0000000E+00   0.0000000E+00   0.0000000E+00   0.0000000E+00   0.0000000E+00   0.0000000E+00   0.0000000E+00   0.0000000E+00   0.0000000E+00   0.0000000E+00   0.0000000E+00   0.0000000E+00   0.0000000E+00   0.0000000E+00   0.0000000E+00   0.0000000E+00   0.0000000E+00   0.0000000E+00   0.0000000E+00   0.0000000E+00   0.0000000E+00   0.0000000E+00   0.0000000E+00   0.0000000E+00   0.0000000E+00   0.0000000E+00   0.0000000E+00   0.0000000E+00   0.0000000E+00   0.0000000E+00   0.0000000E+00   0.0000000E+00   0.0000000E+00   0.0000000E+00   0.0000000E+00   0.0000000E+00   0.0000000E+00   0.0000000E+00   0.0000000E+00
   0.0000000E+00   0.0000000E+00   0.0000000E+00   0.0000000E+00   0.0000000E+00   1.0089955E-02   8.2665138E-02   2.9226050E-01   1.5815666E+00   4.2323136E+00   7.9286432E+00   1.2411782E+01   1.8164236E+01   2.5285961E+01   3.3890026E+01   4.4009193E+01   5.5349934E+01   6.8302628E+01   8.2664413E+01   1.0018617E+02   1.1685995E+02   1.2778523E+02   1.5069464E+02   1.6111351E+02   1.3748366E+02   1.1897444E+02   9.1276871E+01   1.1498405E+02   1.0119722E+02   1.0771561E+01   3.9545991E+00   1.3772503E+00   5.7788163E-01   2.0760429E-01   7.7119035E-01   0.0000000E+00   0.0000000E+00   0.0000000E+00   0.0000000E+00   0.0000000E+00   0.0000000E+00   0.0000000E+00   0.0000000E+00   0.0000000E+00   0.0000000E+00   0.0000000E+00   0.0000000E+00   0.0000000E+00   0.0000000E+00   0.0000000E+00   0.0000000E+00   0.0000000E+00   0.0000000E+00   0.0000000E+00   0.0000000E+00   0.0000000E+00   0.0000000E+00   0.0000000E+00   0.0000000E+00   0.0000000E+00   0.0000000E+00   0.0000000E+00   0.0000000E+00   0.0000000E+00   0.0000000E+00   0.0000000E+00   0.0000000E+00   0.0000000E+00   0.0000000E+00   0.0000000E+00   0.0000000E+00   0.0000000E+00   0.0000000E+00   0.0000000E+00   0.0000000E+00   0.0000000E+00   0.0000000E+00   0.0000000E+00   0.0000000E+00   0.0000000E+00   0.0000000E+00   0.0000000E+00   0.0000000E+00   0.0000000E+00   0.0000000E+00   0.0000000E+00   0.0000000E+00   0.0000000E+00   0.0000000E+00   0.0000000E+00   0.0000000E+00   0.0000000E+00   0.0000000E+00   0.0000000E+00   0.0000000E+00   0.0000000E+00   0.0000000E+00   0.0000000E+00   0.0000000E+00   0.0000000E+00
   0.0000000E+00   0.0000000E+00   0.0000000E+00   0.0000000E+00   0.0000000E+00   1.0502883E-02   8.5890599E-02   2.9403356E-01   1.5881417E+00   4.2447920E+00   7.9464893E+00   1.2436946E+01   1.8197086E+01   2.5322298E+01   3.3933506E+01   4.4045609E+01   5.5320763E+01   6.8172363E+01   8.2343681E+01   9.9779274E+01   1.1588430E+02   1.2479015E+02   1.4689705E+02   1.5353246E+02   1.2022933E+02   9.4854744E+01   6.3967743E+01   9.9011803E+01   8.2092079E+01   4.6867032E+00   1.5975776E+00   5.4696286E-01   2.3279747E-01   9.2197753E-02   0.0000000E+00   0.0000000E+00   0.0000000E+00   0.0000000E+00   0.0000000E+00   0.0000000E+00   0.0000000E+00   0.0000000E+00   0.0000000E+00   0.0000000E+00   0.0000000E+00   0.0000000E+00   0.0000000E+00   0.0000000E+00   0.0000000E+00   0.0000000E+00   0.0000000E+00   0.0000000E+00   0.0000000E+00   0.0000000E+00   0.0000000E+00   0.0000000E+00   0.0000000E+00   0.0000000E+00   0.0000000E+00   0.0000000E+00   0.0000000E+00   0.0000000E+00   0.0000000E+00   0.0000000E+00   0.0000000E+00   0.0000000E+00   0.0000000E+00   0.0000000E+00   0.0000000E+00   0.0000000E+00   0.0000000E+00   0.0000000E+00   0.0000000E+00   0.0000000E+00   0.0000000E+00   0.0000000E+00   0.0000000E+00   0.0000000E+00   0.0000000E+00   0.0000000E+00   0.0000000E+00   0.0000000E+00   0.0000000E+00   0.0000000E+00   0.0000000E+00   0.0000000E+00   0.0000000E+00   0.0000000E+00   0.0000000E+00   0.0000000E+00   0.0000000E+00   0.0000000E+00   0.0000000E+00   0.0000000E+00   0.0000000E+00   0.0000000E+00   0.0000000E+00   0.0000000E+00   0.0000000E+00   0.0000000E+00
   0.0000000E+00   0.0000000E+00   0.0000000E+00   0.0000000E+00   0.0000000E+00   1.0910065E-02   8.9072026E-02   2.9581669E-01   1.5947387E+00   4.2572918E+00   7.9643483E+00   1.2462075E+01   1.8229736E+01   2.5357681E+01   3.3975494E+01   4.4078049E+01   5.5277206E+01   6.8009659E+01   8.1953217E+01   9.9272156E+01   1.1467414E+02   1.2108525E+02   1.4205731E+02   1.4393427E+02   1.0026775E+02   6.9961990E+01   4.0245300E+01   8.1480850E+01   5.7546892E+00   1.9086980E+00   6.2970567E-01   2.2043809E-01   1.0278613E-01   5.6828421E-02   0.0000000E+00   0.0000000E+00   0.0000000E+00   0.0000000E+00   0.0000000E+00   0.0000000E+00   0.0000000E+00   0.0000000E+00   0.0000000E+00   0.0000000E+00   0.0000000E+00   0.0000000E+00   0.0000000E+00   0.0000000E+00   0.0000000E+00   0.0000000E+00   0.0000000E+00   0.0000000E+00   0.0000000E+00   0.0000000E+00   0.0000000E+00   0.0000000E+00   0.0000000E+00   0.0000000E+00   0.0000000E+00   0.0000000E+00   0.0000000E+00   0.0000000E+00   0.0000000E+00   0.0000000E+00   0.0000000E+00   0.0000000E+00   0.0000000E+00   0.0000000E+00   0.0000000E+00   0.0000000E+00   0.0000000E+00   0.0000000E+00   0.0000000E+00   0.0000000E+00   0.0000000E+00   0.0000000E+00   0.0000000E+00   0.0000000E+00   0.0000000E+00   0.0000000E+00   0.0000000E+00   0.0000000E+00   0.0000000E+00   0.0000000E+00   0.0000000E+00   0.0000000E+00   0.0000000E+00   0.0000000E+00   0.0000000E+00   0.0000000E+00   0.0000000E+00   0.0000000E+00   0.0000000E+00   0.0000000E+00   0.0000000E+00   0.0000000E+00   0.0000000E+00   0.0000000E+00   0.0000000E+00   0.0000000E+00
   0.0000000E+00   0.0000000E+00   0.0000000E+00   0.0000000E+00   0.0000000E+00   1.1311951E-02   9.2212707E-02   2.9760984E-01   1.6013576E+00   4.2698131E+00   7.9822187E+00   1.2487164E+01   1.8262159E+01   2.5391998E+01   3.4015797E+01   4.4105927E+01   5.5216915E+01   6.7808411E+01   8.1477791E+01   9.8638931E+01   1.1316097E+02   1.1645798E+02   1.3582858E+02   1.3181999E+02   7.8309288E+01   4.6706932E+01   2.2226463E+01   7.5587406E+00   2.3779962E+00   7.5029367E-01   2.4993333E-01   9.4375074E-02   5.3374507E-02   4.4345312E-02   0.0000000E+00   0.0000000E+00   0.0000000E+00   0.0000000E+00   0.0000000E+00   0.0000000E+00   0.0000000E+00   0.0000000E+00   0.0000000E+00   0.0000000E+00   0.0000000E+00   0.0000000E+00   0.0000000E+00   0.0000000E+00   0.0000000E+00   0.0000000E+00   0.0000000E+00   0.0000000E+00   0.0000000E+00   0.0000000E+00   0.0000000E+00   0.0000000E+00   0.0000000E+00   0.0000000E+00   0.0000000E+00   0.0000000E+00   0.0000000E+00   0.0000000E+00   0.0000000E+00   0.0000000E+00   0.0000000E+00   0.0000000E+00   0.0000000E+00   0.0000000E+00   0.0000000E+00   0.0000000E+00   0.0000000E+00   0.0000000E+00   0.0000000E+00   0.0000000E+00   0.0000000E+00   0.0000000E+00   0.0000000E+00   0.0000000E+00   0.0000000E+00   0.0000000E+00   0.0000000E+00   0.0000000E+00   0.0000000E+00   0.0000000E+00   0.0000000E+00   0.0000000E+00   0.0000000E+00   0.0000000E+00   0.0000000E+00   0.0000000E+00   0.0000000E+00   0.0000000E+00   0.0000000E+00   0.0000000E+00   0.0000000E+00   0.0000000E+00   0.0000000E+00   0.0000000E+00   0.0000000E+00   0.0000000E+00
   0.0000000E+00   0.0000000E+00   0.0000000E+00   0.0000000E+00   0.0000000E+00   1.1708943E-02   9.5315598E-02   2.9941311E-01   1.6079981E+00   4.2823548E+00   8.0000973E+00   1.2512200E+01   1.8294327E+01   2.5425121E+01   3.4054180E+01   4.4128559E+01   5.5136993E+01   6.7560860E+01   8.0897362E+01   9.7844009E+01   1.1124789E+02   1.1061874E+02   1.2775282E+02   1.1675440E+02   5.6008724E+01   2.7679375E+01   1.0852056E+01   3.1932051E+00   9.3529242E-01   2.9376644E-01   1.0342360E-01   4.4657066E-02   3.3148501E-02   4.0667962E-02   0.0000000E+00   0.0000000E+00   0.0000000E+00   0.0000000E+00   0.0000000E+00   0.0000000E+00   0.0000000E+00   0.0000000E+00   0.0000000E+00   0.0000000E+00   0.0000000E+00   0.0000000E+00   0.0000000E+00   0.0000000E+00   0.0000000E+00   0.0000000E+00   0.0000000E+00   0.0000000E+00   0.0000000E+00   0.0000000E+00   0.0000000E+00   0.0000000E+00   0.0000000E+00   0.0000000E+00   0.0000000E+00   0.0000000E+00   0.0000000E+00   0.0000000E+00   0.0000000E+00   0.0000000E+00   0.0000000E+00   0.0000000E+00   0.0000000E+00   0.0000000E+00   0.0000000E+00   0.0000000E+00   0.0000000E+00   0.0000000E+00   0.0000000E+00   0.0000000E+00   0.0000000E+00   0.0000000E+00   0.0000000E+00   0.0000000E+00   0.0000000E+00   0.0000000E+00   0.0000000E+00   0.0000000E+00   0.0000000E+00   0.0000000E+00   0.0000000E+00   0.0000000E+00   0.0000000E+00   0.0000000E+00   0.0000000E+00   0.0000000E+00   0.0000000E+00   0.0000000E+00   0.0000000E+00   0.0000000E+00   0.0000000E+00   0.0000000E+00   0.0000000E+00   0.0000000E+00   0.0000000E+00   0.0000000E+00
   0.0000000E+00   0.0000000E+00   0.0000000E+00   0.0000000E+00   0.0000000E+00   1.2101401E-02   9.8383322E-02   3.0122653E-01   1.6146605E+00   4.2949166E+00   8.0179825E+00   1.2537178E+01   1.8326206E+01   2.5456903E+01   3.4090374E+01   4.4145107E+01   5.5033821E+01   6.7256996E+01   8.0184937E+01   9.6836884E+01   1.0879416E+02   1.0318253E+02   1.1727921E+02   9.8639557E+01   3.5823608E+01   1.4407232E+01   4.7423348E+00   1.2625504E+00   3.6158931E-01   1.1823864E-01   4.6025835E-02   2.3842145E-02   2.4348106E-02   4.1354567E-02   0.0000000E+00   0.0000000E+00   0.0000000E+00   0.0000000E+00   0.0000000E+00   0.0000000E+00   0.0000000E+00   0.0000000E+00   0.0000000E+00   0.0000000E+00   0.0000000E+00   0.0000000E+00   0.0000000E+00   0.0000000E+00   0.0000000E+00   0.0000000E+00   0.0000000E+00   0.0000000E+00   0.0000000E+00   0.0000000E+00   0.0000000E+00   0.0000000E+00   0.0000000E+00   0.0000000E+00   0.0000000E+00   0.0000000E+00   0.0000000E+00   0.0000000E+00   0.0000000E+00   0.0000000E+00   0.0000000E+00   0.0000000E+00   0.0000000E+00   0.0000000E+00   0.0000000E+00   0.0000000E+00   0.0000000E+00   0.0000000E+00   0.0000000E+00   0.0000000E+00   0.0000000E+00   0.0000000E+00   0.0000000E+00   0.0000000E+00   0.0000000E+00   0.0000000E+00   0.0000000E+00   0.0000000E+00   0.0000000E+00   0.0000000E+00   0.0000000E+00   0.0000000E+00   0.0000000E+00   0.0000000E+00   0.0000000E+00   0.0000000E+00   0.0000000E+00   0.0000000E+00   0.0000000E+00   0.0000000E+00   0.0000000E+00   0.0000000E+00   0.0000000E+00   0.0000000E+00   0.0000000E+00   0.0000000E+00
   0.0000000E+00   0.0000000E+00   0.0000000E+00   0.0000000E+00   0.0000000E+00   1.2489644E-02   1.0141826E-01   3.0305013E-01   1.6213444E+00   4.3074975E+00   8.0358706E+00   1.2562085E+01   1.8357758E+01   2.5487167E+01   3.4124058E+01   4.4154545E+01   5.4902813E+01   6.6883545E+01   7.9302956E+01   9.5543320E+01   1.0559122E+02   9.3677757E+01   1.0388512E+02   7.8131020E+01   2.0097269E+01   6.6125340E+00   1.9032331E+00   4.8287740E-01   1.4180118E-01   5.0353955E-02   2.2476081E-02   1.4415467E-02   2.0623986E-02   4.4713341E-02   0.0000000E+00   0.0000000E+00   0.0000000E+00   0.0000000E+00   0.0000000E+00   0.0000000E+00   0.0000000E+00   0.0000000E+00   0.0000000E+00   0.0000000E+00   0.0000000E+00   0.0000000E+00   0.0000000E+00   0.0000000E+00   0.0000000E+00   0.0000000E+00   0.0000000E+00   0.0000000E+00   0.0000000E+00   0.0000000E+00   0.0000000E+00   0.0000000E+00   0.0000000E+00   0.0000000E+00   0.0000000E+00   0.0000000E+00   0.0000000E+00   0.0000000E+00   0.0000000E+00   0.0000000E+00   0.0000000E+00   0.0000000E+00   0.0000000E+00   0.0000000E+00   0.0000000E+00   0.0000000E+00   0.0000000E+00   0.0000000E+00   0.0000000E+00   0.0000000E+00   0.0000000E+00   0.0000000E+00   0.0000000E+00   0.0000000E+00   0.0000000E+00   0.0000000E+00   0.0000000E+00   0.0000000E+00   0.0000000E+00   0.0000000E+00   0.0000000E+00   0.0000000E+00   0.0000000E+00   0.0000000E+00   0.0000000E+00   0.0000000E+00   0.0000000E+00   0.0000000E+00   0.0000000E+00   0.0000000E+00   0.0000000E+00   0.0000000E+00   0.0000000E+00   0.0000000E+00   0.0000000E+00   0.0000000E+00
   0.0000000E+00   0.0000000E+00   0.0000000E+00   0.0000000E+00   0.0000000E+00   1.2873965E-02   1.0442256E-01   3.0488399E-01   1.6280501E+00   4.3200974E+00   8.0537577E+00   1.2586909E+01   1.8388939E+01   2.5515715E+01   3.4154831E+01   4.4155594E+01   5.4738022E+01   6.6422409E+01   7.8197159E+01   9.3850090E+01   1.0132943E+02   8.1644150E+01   8.7384377E+01   6.2823372E+01   9.8158808E+00   2.7300470E+00   7.2494435E-01   1.8459901E-01   5.8069143E-02   2.3188673E-02   1.2134526E-02   9.8006791E-03   1.9539511E-02   4.9981136E-02   0.0000000E+00   0.0000000E+00   0.0000000E+00   0.0000000E+00   0.0000000E+00   0.0000000E+00   0.0000000E+00   0.0000000E+00   0.0000000E+00   0.0000000E+00   0.0000000E+00   0.0000000E+00   0.0000000E+00   0.0000000E+00   0.0000000E+00   0.0000000E+00   0.0000000E+00   0.0000000E+00   0.0000000E+00   0.0000000E+00   0.0000000E+00   0.0000000E+00   0.0000000E+00   0.0000000E+00   0.0000000E+00   0.0000000E+00   0.0000000E+00   0.0000000E+00   0.0000000E+00   0.0000000E+00   0.0000000E+00   0.0000000E+00   0.0000000E+00   0.0000000E+00   0.0000000E+00   0.0000000E+00   0.0000000E+00   0.0000000E+00   0.0000000E+00   0.0000000E+00   0.0000000E+00   0.0000000E+00   0.0000000E+00   0.0000000E+00   0.0000000E+00   0.0000000E+00   0.0000000E+00   0.0000000E+00   0.0000000E+00   0.0000000E+00   0.0000000E+00   0.0000000E+00   0.0000000E+00   0.0000000E+00   0.0000000E+00   0.0000000E+00   0.0000000E+00   0.0000000E+00   0.0000000E+00   0.0000000E+00   0.0000000E+00   0.0000000E+00   0.0000000E+00   0.0000000E+00   0.0000000E+00   0.0000000E+00
   0.0000000E+00   0.0000000E+00   0.0000000E+00   0.0000000E+00   0.0000000E+00   1.3254629E-02   1.0739818E-01   3.0672807E-01   1.6347771E+00   4.3327150E+00   8.0716410E+00   1.2611636E+01   1.8419699E+01   2.5542301E+01   3.4182224E+01   4.4146637E+01   5.4531498E+01   6.5847878E+01   7.6785583E+01   9.1579117E+01   9.5564018E+01   6.6918747E+01   6.8415916E+01   5.2104584E+01   4.2162213E+00   1.0464122E+00   2.7127427E-01   7.2728820E-02   2.5431897E-02   1.1685181E-02   7.2242278E-03   7.3978263E-03   2.0099897E-02   5.6745864E-02   0.0000000E+00   0.0000000E+00   0.0000000E+00   0.0000000E+00   0.0000000E+00   0.0000000E+00   0.0000000E+00   0.0000000E+00   0.0000000E+00   0.0000000E+00   0.0000000E+00   0.0000000E+00   0.0000000E+00   0.0000000E+00   0.0000000E+00   0.0000000E+00   0.0000000E+00   0.0000000E+00   0.0000000E+00   0.0000000E+00   0.0000000E+00   0.0000000E+00   0.0000000E+00   0.0000000E+00   0.0000000E+00   0.0000000E+00   0.0000000E+00   0.0000000E+00   0.0000000E+00   0.0000000E+00   0.0000000E+00   0.0000000E+00   0.0000000E+00   0.0000000E+00   0.0000000E+00   0.0000000E+00   0.0000000E+00   0.0000000E+00   0.0000000E+00   0.0000000E+00   0.0000000E+00   0.0000000E+00   0.0000000E+00   0.0000000E+00   0.0000000E+00   0.0000000E+00   0.0000000E+00   0.0000000E+00   0.0000000E+00   0.0000000E+00   0.0000000E+00   0.0000000E+00   0.0000000E+00   0.0000000E+00   0.0000000E+00   0.0000000E+00   0.0000000E+00   0.0000000E+00   0.0000000E+00   0.0000000E+00   0.0000000E+00   0.0000000E+00   0.0000000E+00   0.0000000E+00   0.0000000E+00   0.0000000E+00
   0.0000000E+00   0.0000000E+00   0.0000000E+00   0.0000000E+00   0.0000000E+00   1.3631873E-02   1.1034691E-01   3.0858248E-01   1.6415256E+00   4.3453498E+00   8.0895157E+00   1.2636251E+01   1.8449980E+01   2.5566641E+01   3.4205643E+01   4.4125568E+01   5.4272255E+01   6.5121651E+01   7.4938789E+01   8.8447174E+01   8.7717110E+01   5.0143250E+01   5.5694035E+01   4.1420288E+01   1.6364306E+00   3.8618034E-01   1.0306133E-01   3.0321307E-02   1.2103431E-02   6.4574284E-03   4.7021466E-03   6.1079427E-03   2.1890394E-02   6.4737462E-02   2.9063993E-05   0.0000000E+00   0.0000000E+00   0.0000000E+00   0.0000000E+00   0.0000000E+00   0.0000000E+00   0.0000000E+00   0.0000000E+00   0.0000000E+00   0.0000000E+00   0.0000000E+00   0.0000000E+00   0.0000000E+00   0.0000000E+00   0.0000000E+00   0.0000000E+00   0.0000000E+00   0.0000000E+00   0.0000000E+00   0.0000000E+00   0.0000000E+00   0.0000000E+00   0.0000000E+00   0.0000000E+00   0.0000000E+00   0.0000000E+00   0.0000000E+00   0.0000000E+00   0.0000000E+00   0.0000000E+00   0.0000000E+00   0.0000000E+00   0.0000000E+00   0.0000000E+00   0.0000000E+00   0.0000000E+00   0.0000000E+00   0.0000000E+00   0.0000000E+00   0.0000000E+00   0.0000000E+00   0.0000000E+00   0.0000000E+00   0.0000000E+00   0.0000000E+00   0.0000000E+00   0.0000000E+00   0.0000000E+00   0.0000000E+00   0.0000000E+00   0.0000000E+00   0.0000000E+00   0.0000000E+00   0.0000000E+00   0.0000000E+00   0.0000000E+00   0.0000000E+00   0.0000000E+00   0.0000000E+00   0.0000000E+00   0.0000000E+00   0.0000000E+00   0.0000000E+00   0.0000000E+00   0.0000000E+00
   0.0000000E+00   0.0000000E+00   0.0000000E+00   0.0000000E+00   0.0000000E+00   1.4005917E-02   1.1327036E-01   3.1044725E-01   1.6482954E+00   4.3580003E+00   8.1073780E+00   1.2660736E+01   1.8479712E+01   2.5588385E+01   3.4224335E+01   4.4089565E+01   5.3944332E+01   6.4183281E+01   7.2445244E+01   8.4015862E+01   7.7201248E+01   3.3188549E+01   4.5789646E+01   3.1706093E+01   5.9601891E-01   1.4227590E-01   4.0941112E-02   1.3645099E-02   6.3030072E-03   3.8936364E-03   3.3089453E-03   5.4337746E-03   2.4750868E-02   7.3752955E-02   1.6710197E-04   0.0000000E+00   0.0000000E+00   0.0000000E+00   0.0000000E+00   0.0000000E+00   0.0000000E+00   0.0000000E+00   0.0000000E+00   0.0000000E+00   0.0000000E+00   0.0000000E+00   0.0000000E+00   0.0000000E+00   0.0000000E+00   0.0000000E+00   0.0000000E+00   0.0000000E+00   0.0000000E+00   0.0000000E+00   0.0000000E+00   0.0000000E+00   0.0000000E+00   0.0000000E+00   0.0000000E+00   0.0000000E+00   0.0000000E+00   0.0000000E+00   0.0000000E+00   0.0000000E+00   0.0000000E+00   0.0000000E+00   0.0000000E+00   0.0000000E+00   0.0000000E+00   0.0000000E+00   0.0000000E+00   0.0000000E+00   0.0000000E+00   0.0000000E+00   0.0000000E+00   0.0000000E+00   0.0000000E+00   0.0000000E+00   0.0000000E+00   0.0000000E+00   0.0000000E+00   0.0000000E+00   0.0000000E+00   0.0000000E+00   0.0000000E+00   0.0000000E+00   0.0000000E+00   0.0000000E+00   0.0000000E+00   0.0000000E+00   0.0000000E+00   0.0000000E+00   0.0000000E+00   0.0000000E+00   0.0000000E+00   0.0000000E+00   0.0000000E+00   0.0000000E+00   0.0000000E+00   0.0000000E+00
