   0.0000000E+00   0.0000000E+00   0.0000000E+00   0.0000000E+00   0.0000000E+00   0.0000000E+00   0.0000000E+00   0.0000000E+00   0.0000000E+00   0.0000000E+00   0.0000000E+00   0.0000000E+00   0.0000000E+00   0.0000000E+00   0.0000000E+00   0.0000000E+00   0.0000000E+00   0.0000000E+00   0.0000000E+00   0.0000000E+00   0.0000000E+00   0.0000000E+00   0.0000000E+00   0.0000000E+00   0.0000000E+00   0.0000000E+00   0.0000000E+00   0.0000000E+00   0.0000000E+00   0.0000000E+00   0.0000000E+00   0.0000000E+00   0.0000000E+00   0.0000000E+00   0.0000000E+00   0.0000000E+00   0.0000000E+00   0.0000000E+00   0.0000000E+00   0.0000000E+00   0.0000000E+00   0.0000000E+00   0.0000000E+00   0.0000000E+00   0.0000000E+00   0.0000000E+00   0.0000000E+00   0.0000000E+00   0.0000000E+00   0.0000000E+00   0.0000000E+00   0.0000000E+00   0.0000000E+00   0.0000000E+00   0.0000000E+00   0.0000000E+00   0.0000000E+00   0.0000000E+00   0.0000000E+00   0.0000000E+00   0.0000000E+00   0.0000000E+00   0.0000000E+00   0.0000000E+00   0.0000000E+00   0.0000000E+00   0.0000000E+00   0.0000000E+00   0.0000000E+00   0.0000000E+00   0.0000000E+00   0.0000000E+00   0.0000000E+00   0.0000000E+00   0.0000000E+00   0.0000000E+00   0.0000000E+00   0.0000000E+00   0.0000000E+00   0.0000000E+00   0.0000000E+00   0.0000000E+00   0.0000000E+00   0.0000000E+00   0.0000000E+00   0.0000000E+00   0.0000000E+00   0.0000000E+00   0.0000000E+00   0.0000000E+00   0.0000000E+00   0.0000000E+00   0.0000000E+00   0.0000000E+00   0.0000000E+00   0.0000000E+00   0.0000000E+00   0.0000000E+00   0.0000000E+00   0.0000000E+00
   0.0000000E+00   0.0000000E+00   0.0000000E+00   0.0000000E+00   0.0000000E+00   0.0000000E+00   0.0000000E+00   0.0000000E+00   0.0000000E+00   0.0000000E+00   0.0000000E+00   0.0000000E+00   0.0000000E+00   0.0000000E+00   0.0000000E+00   0.0000000E+00   0.0000000E+00   0.0000000E+00   0.0000000E+00   0.0000000E+00   0.0000000E+00   0.0000000E+00   0.0000000E+00   0.0000000E+00   0.0000000E+00   0.0000000E+00   0.0000000E+00   0.0000000E+00   0.0000000E+00   0.0000000E+00   0.0000000E+00   0.0000000E+00   0.0000000E+00   0.0000000E+00   0.0000000E+00   0.0000000E+00   0.0000000E+00   0.0000000E+00   0.0000000E+00   0.0000000E+00   0.0000000E+00   0.0000000E+00   0.0000000E+00   0.0000000E+00   0.0000000E+00   0.0000000E+00   0.0000000E+00   0.0000000E+00   0.0000000E+00   0.0000000E+00   0.0000000E+00   0.0000000E+00   0.0000000E+00   0.0000000E+00   0.0000000E+00   0.0000000E+00   0.0000000E+00   0.0000000E+00   0.0000000E+00   0.0000000E+00   0.0000000E+00   0.0000000E+00   0.0000000E+00   0.0000000E+00   0.0000000E+00   0.0000000E+00   0.0000000E+00   0.0000000E+00   0.0000000E+00   0.0000000E+00   0.0000000E+00   0.0000000E+00   0.0000000E+00   0.0000000E+00   0.0000000E+00   0.0000000E+00   0.0000000E+00   0.0000000E+00   0.0000000E+00   0.0000000E+00   0.0000000E+00   0.0000000E+00   0.0000000E+00   0.0000000E+00   0.0000000E+00   0.0000000E+00   0.0000000E+00   0.0000000E+00   0.0000000E+00   0.0000000E+00   0.0000000E+00   0.0000000E+00   0.0000000E+00   0.0000000E+00   0.0000000E+00   0.0000000E+00   0.0000000E+00   0.0000000E+00   0.0000000E+00   0.0000000E+00
   0.0000000E+00   0.0000000E+00   0.0000000E+00   0.0000000E+00   0.0000000E+00   0.0000000E+00   0.0000000E+00   0.0000000E+00   0.0000000E+00   0.0000000E+00   0.0000000E+00   0.0000000E+00   0.0000000E+00   0.0000000E+00   0.0000000E+00   0.0000000E+00   0.0000000E+00   0.0000000E+00   0.0000000E+00   0.0000000E+00   0.0000000E+00   0.0000000E+00   0.0000000E+00   0.0000000E+00   0.0000000E+00   0.0000000E+00   0.0000000E+00   0.0000000E+00   0.0000000E+00   0.0000000E+00   0.0000000E+00   0.0000000E+00   0.0000000E+00   0.0000000E+00   0.0000000E+00   0.0000000E+00   0.0000000E+00   0.0000000E+00   0.0000000E+00   0.0000000E+00   0.0000000E+00   0.0000000E+00   0.0000000E+00   0.0000000E+00   0.0000000E+00   0.0000000E+00   0.0000000E+00   0.0000000E+00   0.0000000E+00   0.0000000E+00   0.0000000E+00   0.0000000E+00   0.0000000E+00   0.0000000E+00   0.0000000E+00   0.0000000E+00   0.0000000E+00   0.0000000E+00   0.0000000E+00   0.0000000E+00   0.0000000E+00   0.0000000E+00   0.0000000E+00   0.0000000E+00   0.0000000E+00   0.0000000E+00   0.0000000E+00   0.0000000E+00   0.0000000E+00   0.0000000E+00   0.0000000E+00   0.0000000E+00   0.0000000E+00   0.0000000E+00   0.0000000E+00   0.0000000E+00   0.0000000E+00   0.0000000E+00   0.0000000E+00   0.0000000E+00   0.0000000E+00   0.0000000E+00   0.0000000E+00   0.0000000E+00   0.0000000E+00   0.0000000E+00   0.0000000E+00   0.0000000E+00   0.0000000E+00   0.0000000E+00   0.0000000E+00   0.0000000E+00   0.0000000E+00   0.0000000E+00   0.0000000E+00   0.0000000E+00   0.0000000E+00   0.0000000E+00   0.0000000E+00   0.0000000E+00
   0.0000000E+00   0.0000000E+00   0.0000000E+00   0.0000000E+00   0.0000000E+00   0.0000000E+00   0.0000000E+00   0.0000000E+00   0.0000000E+00   0.0000000E+00   0.0000000E+00   0.0000000E+00   0.0000000E+00   0.0000000E+00   0.0000000E+00   0.0000000E+00   0.0000000E+00   0.0000000E+00   0.0000000E+00   0.0000000E+00   0.0000000E+00   0.0000000E+00   0.0000000E+00   0.0000000E+00   0.0000000E+00   0.0000000E+00   0.0000000E+00   0.0000000E+00   0.0000000E+00   0.0000000E+00   0.0000000E+00   0.0000000E+00   0.0000000E+00   0.0000000E+00   0.0000000E+00   0.0000000E+00   0.0000000E+00   0.0000000E+00   0.0000000E+00   0.0000000E+00   0.0000000E+00   0.0000000E+00   0.0000000E+00   0.0000000E+00   0.0000000E+00   0.0000000E+00   0.0000000E+00   0.0000000E+00   0.0000000E+00   0.0000000E+00   0.0000000E+00   0.0000000E+00   0.0000000E+00   0.0000000E+00   0.0000000E+00   0.0000000E+00   0.0000000E+00   0.0000000E+00   0.0000000E+00   0.0000000E+00   0.0000000E+00   0.0000000E+00   0.0000000E+00   0.0000000E+00   0.0000000E+00   0.0000000E+00   0.0000000E+00   0.0000000E+00   0.0000000E+00   0.0000000E+00   0.0000000E+00   0.0000000E+00   0.0000000E+00   0.0000000E+00   0.0000000E+00   0.0000000E+00   0.0000000E+00   0.0000000E+00   0.0000000E+00   0.0000000E+00   0.0000000E+00   0.0000000E+00   0.0000000E+00   0.0000000E+00   0.0000000E+00   0.0000000E+00   0.0000000E+00   0.0000000E+00   0.0000000E+00   0.0000000E+00   0.0000000E+00   0.0000000E+00   0.0000000E+00   0.0000000E+00   0.0000000E+00   0.0000000E+00   0.0000000E+00   0.0000000E+00   0.0000000E+00   0.0000000E+00
   0.0000000E+00   0.0000000E+00   0.0000000E+00   0.0000000E+00   0.0000000E+00   0.0000000E+00   0.0000000E+00   0.0000000E+00   0.0000000E+00   0.0000000E+00   0.0000000E+00   0.0000000E+00   0.0000000E+00   0.0000000E+00   0.0000000E+00   0.0000000E+00   0.0000000E+00   0.0000000E+00   0.0000000E+00   0.0000000E+00   0.0000000E+00   0.0000000E+00   0.0000000E+00   0.0000000E+00   0.0000000E+00   0.0000000E+00   0.0000000E+00   0.0000000E+00   0.0000000E+00   0.0000000E+00   0.0000000E+00   0.0000000E+00   0.0000000E+00   0.0000000E+00   0.0000000E+00   0.0000000E+00   0.0000000E+00   0.0000000E+00   0.0000000E+00   0.0000000E+00   0.0000000E+00   0.0000000E+00   0.0000000E+00   0.0000000E+00   0.0000000E+00   0.0000000E+00   0.0000000E+00   0.0000000E+00   0.0000000E+00   0.0000000E+00   0.0000000E+00   0.0000000E+00   0.0000000E+00   0.0000000E+00   0.0000000E+00   0.0000000E+00   0.0000000E+00   0.0000000E+00   0.0000000E+00   0.0000000E+00   0.0000000E+00   0.0000000E+00   0.0000000E+00   0.0000000E+00   0.0000000E+00   0.0000000E+00   0.0000000E+00   0.0000000E+00   0.0000000E+00   0.0000000E+00   0.0000000E+00   0.0000000E+00   0.0000000E+00   0.0000000E+00   0.0000000E+00   0.0000000E+00   0.0000000E+00   0.0000000E+00   0.0000000E+00   0.0000000E+00   0.0000000E+00   0.0000000E+00   0.0000000E+00   0.0000000E+00   0.0000000E+00   0.0000000E+00   0.0000000E+00   0.0000000E+00   0.0000000E+00  -2.8053630E-05  -1.1754303E-03  -1.9780334E-02  -2.8436714E-01  -9.2301159E+00  -1.1641488E+02  -1.2400816E+02  -1.3347830E+02  -1.4310046E+02  -1.3385228E+02  -1.7224167E+02
   0.0000000E+00   0.0000000E+00   0.0000000E+00   0.0000000E+00   0.0000000E+00   0.0000000E+00   0.0000000E+00   0.0000000E+00   0.0000000E+00   0.0000000E+00   0.0000000E+00   0.0000000E+00   0.0000000E+00   0.0000000E+00   0.0000000E+00   0.0000000E+00   0.0000000E+00   0.0000000E+00   0.0000000E+00   0.0000000E+00   0.0000000E+00   0.0000000E+00   0.0000000E+00   0.0000000E+00   0.0000000E+00   0.0000000E+00   0.0000000E+00   0.0000000E+00   0.0000000E+00   0.0000000E+00   0.0000000E+00   0.0000000E+00   0.0000000E+00   0.0000000E+00   0.0000000E+00   0.0000000E+00   0.0000000E+00   0.0000000E+00   0.0000000E+00   0.0000000E+00   0.0000000E+00   0.0000000E+00   0.0000000E+00   0.0000000E+00   0.0000000E+00   0.0000000E+00   0.0000000E+00   0.0000000E+00   0.0000000E+00   0.0000000E+00   0.0000000E+00   0.0000000E+00   0.0000000E+00  -8.6326279E-09  -1.2413312E-08  -1.7868224E-08  -2.5514373E-08  -3.8989349E-08  -5.6767625E-08  -8.2604856E-08  -1.2018438E-07  -1.7490096E-07  -2.5467310E-07  -3.7114987E-07  -5.4150905E-07  -7.9114261E-07  -1.1576789E-06  -1.6970204E-06  -2.4924325E-06  -3.6682547E-06  -5.4106322E-06  -7.9989304E-06  -1.1853416E-05  -1.7607745E-05  -2.6219248E-05  -3.9136856E-05  -5.8556594E-05  -8.7809814E-05  -1.3195124E-04  -1.9864445E-04  -2.9948258E-04  -4.5192440E-04  -6.8204803E-04  -1.0282396E-03  -1.5455743E-03  -2.3194375E-03  -4.0124031E-03  -6.7479531E-03  -9.9692782E-03  -1.3924959E-02  -1.9006129E-02  -6.5047063E-02  -4.5588315E-01  -2.8739113E+01  -1.7387709E+02  -9.1487915E+01  -9.8803108E+01  -1.0555058E+02  -9.4089302E+01  -1.3052902E+02
   0.0000000E+00   0.0000000E+00   0.0000000E+00   0.0000000E+00   0.0000000E+00   0.0000000E+00   0.0000000E+00   0.0000000E+00   0.0000000E+00   0.0000000E+00   0.0000000E+00   0.0000000E+00   0.0000000E+00   0.0000000E+00   0.0000000E+00   0.0000000E+00   0.0000000E+00   0.0000000E+00   0.0000000E+00   0.0000000E+00   0.0000000E+00   0.0000000E+00   0.0000000E+00   0.0000000E+00   0.0000000E+00   0.0000000E+00   0.0000000E+00   0.0000000E+00   0.0000000E+00   0.0000000E+00   0.0000000E+00   0.0000000E+00   0.0000000E+00   0.0000000E+00   0.0000000E+00   0.0000000E+00   0.0000000E+00   0.0000000E+00   0.0000000E+00   0.0000000E+00   0.0000000E+00   0.0000000E+00   0.0000000E+00   0.0000000E+00   0.0000000E+00   0.0000000E+00   0.0000000E+00   0.0000000E+00   0.0000000E+00   0.0000000E+00   0.0000000E+00  -7.8398337E-09  -1.7454376E-08  -3.1995160E-08  -4.5816734E-08  -6.5566027E-08  -9.4093913E-08  -1.4439600E-07  -2.0682496E-07  -2.9635333E-07  -4.2499451E-07  -6.1026196E-07  -8.7778415E-07  -1.2652109E-06  -1.8280717E-06  -2.6485932E-06  -3.8490198E-06  -5.6118033E-06  -8.2103015E-06  -1.2055597E-05  -1.7768087E-05  -2.6287216E-05  -3.9040046E-05  -5.8200563E-05  -8.7089174E-05  -1.3078834E-04  -1.9709114E-04  -2.9796051E-04  -4.5176680E-04  -6.8669743E-04  -1.0458963E-03  -1.5950588E-03  -2.4332451E-03  -3.7071377E-03  -5.6268051E-03  -8.4837098E-03  -1.2615013E-02  -1.8430395E-02  -2.5541533E-02  -3.1952962E-02  -3.8667239E-02  -1.9258556E-01  -3.5889871E+00  -4.6635357E+01  -1.8008104E+02  -5.2564846E+01  -5.6862247E+01  -6.0403885E+01  -5.1551460E+01  -7.6478493E+01
   0.0000000E+00   0.0000000E+00   0.0000000E+00   0.0000000E+00   0.0000000E+00   0.0000000E+00   0.0000000E+00   0.0000000E+00   0.0000000E+00   0.0000000E+00   0.0000000E+00   0.0000000E+00   0.0000000E+00   0.0000000E+00   0.0000000E+00   0.0000000E+00   0.0000000E+00   0.0000000E+00   0.0000000E+00   0.0000000E+00   0.0000000E+00   0.0000000E+00   0.0000000E+00   0.0000000E+00   0.0000000E+00   0.0000000E+00   0.0000000E+00   0.0000000E+00   0.0000000E+00   0.0000000E+00   0.0000000E+00   0.0000000E+00   0.0000000E+00   0.0000000E+00   0.0000000E+00   0.0000000E+00   0.0000000E+00   0.0000000E+00   0.0000000E+00   0.0000000E+00   0.0000000E+00   0.0000000E+00   0.0000000E+00   0.0000000E+00   0.0000000E+00   0.0000000E+00   0.0000000E+00   0.0000000E+00   0.0000000E+00   0.0000000E+00   0.0000000E+00  -2.3382206E-08  -3.9274518E-08  -5.8129807E-08  -7.8033011E-08  -1.0397795E-07  -1.3770898E-07  -1.7282372E-07  -2.1985304E-07  -2.7632930E-07  -3.4645575E-07  -1.8896727E-06  -2.7288991E-06  -3.9442189E-06  -5.7069228E-06  -8.2680108E-06  -1.1996241E-05  -1.7434873E-05  -2.5386546E-05  -3.7040649E-05  -5.4165052E-05  -7.9395628E-05  -1.1667876E-04  -1.7154908E-04  -7.6480625E-05  -1.3115501E-04  -2.2275743E-04  -3.7469820E-04  -6.2444370E-04  -1.0315296E-03  -1.6897906E-03  -2.7455608E-03  -4.4235284E-03  -7.0600458E-03  -1.1136465E-02  -1.7291011E-02  -2.6197234E-02  -3.8249139E-02  -5.2036203E-02  -6.3035280E-02  -7.8940310E-02  -3.6311010E-01  -5.8988090E+00  -6.4630875E+01  -2.0880681E+02  -2.7780416E+01  -3.0064146E+01  -3.1718021E+01  -2.6012039E+01  -4.1023224E+01
   0.0000000E+00   0.0000000E+00   0.0000000E+00   0.0000000E+00   0.0000000E+00   0.0000000E+00   0.0000000E+00   0.0000000E+00   0.0000000E+00   0.0000000E+00   0.0000000E+00   0.0000000E+00   0.0000000E+00   0.0000000E+00   0.0000000E+00   0.0000000E+00   0.0000000E+00   0.0000000E+00   0.0000000E+00   0.0000000E+00   0.0000000E+00   0.0000000E+00   0.0000000E+00   0.0000000E+00   0.0000000E+00   0.0000000E+00   0.0000000E+00   0.0000000E+00   0.0000000E+00   0.0000000E+00   0.0000000E+00   0.0000000E+00   0.0000000E+00   0.0000000E+00   0.0000000E+00   0.0000000E+00   0.0000000E+00   0.0000000E+00   0.0000000E+00   0.0000000E+00   0.0000000E+00   0.0000000E+00   0.0000000E+00   0.0000000E+00   0.0000000E+00   0.0000000E+00   0.0000000E+00   0.0000000E+00   0.0000000E+00   0.0000000E+00   0.0000000E+00  -4.1873566E-08  -1.4225766E-07  -2.1686742E-07  -3.1830371E-07  -4.6014571E-07  -6.6474223E-07  -9.8984526E-07  -1.4305442E-06  -2.0659095E-06  -2.9393857E-06  -3.8230173E-06  -5.5243127E-06  -7.9906449E-06  -1.1571639E-05  -1.6779935E-05  -2.4368970E-05  -3.5448822E-05  -5.1659274E-05  -7.5429081E-05  -1.1036544E-04  -1.6184224E-04  -2.3798298E-04  -3.5209657E-04  -5.3994858E-04  -7.9040712E-04  -1.1594855E-03  -1.7046483E-03  -2.5110561E-03  -3.6993702E-03  -5.4613044E-03  -8.1205619E-03  -1.2129151E-02  -1.8137353E-02  -2.6979133E-02  -1.7519211E-02  -3.2420192E-02  -5.2782606E-02  -7.6385915E-02  -9.7330593E-02  -1.3564374E-01  -3.8050053E-01  -9.2884150E+00  -8.0751678E+01  -2.1366306E+02  -1.4179871E+01  -1.5338274E+01  -1.6059088E+01  -1.2691315E+01  -2.1187710E+01
   0.0000000E+00   0.0000000E+00   0.0000000E+00   0.0000000E+00   0.0000000E+00   0.0000000E+00   0.0000000E+00   0.0000000E+00   0.0000000E+00   0.0000000E+00   0.0000000E+00   0.0000000E+00   0.0000000E+00   0.0000000E+00   0.0000000E+00   0.0000000E+00   0.0000000E+00   0.0000000E+00   0.0000000E+00   0.0000000E+00   0.0000000E+00   0.0000000E+00   0.0000000E+00   0.0000000E+00   0.0000000E+00   0.0000000E+00   0.0000000E+00   0.0000000E+00   0.0000000E+00   0.0000000E+00   0.0000000E+00   0.0000000E+00   0.0000000E+00   0.0000000E+00   0.0000000E+00   0.0000000E+00   0.0000000E+00   0.0000000E+00   0.0000000E+00   0.0000000E+00   0.0000000E+00   0.0000000E+00   0.0000000E+00   0.0000000E+00   0.0000000E+00   0.0000000E+00   0.0000000E+00   0.0000000E+00   0.0000000E+00   0.0000000E+00   0.0000000E+00  -1.2778187E-07  -2.6629598E-07  -4.0373104E-07  -5.9718150E-07  -8.5629375E-07  -1.2223841E-06  -1.7718813E-06  -2.5329143E-06  -3.6228253E-06  -5.1346337E-06  -6.7581918E-06  -9.7892944E-06  -1.4195961E-05  -2.0612397E-05  -2.9969411E-05  -4.3480635E-05  -5.4579377E-05  -7.9494792E-05  -1.1597371E-04  -1.6948444E-04  -2.4814028E-04  -3.6428633E-04  -5.4171227E-04  -8.5497985E-04  -1.2718920E-03  -1.8985692E-03  -2.8432671E-03  -4.2685042E-03  -6.3409479E-03  -9.1778003E-03  -1.5725996E-02  -2.3144362E-02  -3.3978708E-02  -1.3723612E-02  -6.9862947E-02  -9.7003423E-02  -1.3163371E-01  -1.6818541E-01  -9.3835659E-02  -1.6194563E-01  -1.4386423E+00  -1.3964549E+01  -9.6020462E+01  -1.0704762E+02  -7.1245208E+00  -7.6980290E+00  -7.9945712E+00  -6.1016517E+00  -1.0751429E+01
   0.0000000E+00   0.0000000E+00   0.0000000E+00   0.0000000E+00   0.0000000E+00   0.0000000E+00   0.0000000E+00   0.0000000E+00   0.0000000E+00   0.0000000E+00   0.0000000E+00   0.0000000E+00   0.0000000E+00   0.0000000E+00   0.0000000E+00   0.0000000E+00   0.0000000E+00   0.0000000E+00   0.0000000E+00   0.0000000E+00   0.0000000E+00   0.0000000E+00   0.0000000E+00   0.0000000E+00   0.0000000E+00   0.0000000E+00   0.0000000E+00   0.0000000E+00   0.0000000E+00   0.0000000E+00   0.0000000E+00   0.0000000E+00   0.0000000E+00   0.0000000E+00   0.0000000E+00   0.0000000E+00   0.0000000E+00   0.0000000E+00   0.0000000E+00   0.0000000E+00   0.0000000E+00   0.0000000E+00   0.0000000E+00   0.0000000E+00   0.0000000E+00   0.0000000E+00   0.0000000E+00   0.0000000E+00   0.0000000E+00   0.0000000E+00   0.0000000E+00  -2.3760340E-07  -4.3299443E-07  -6.5087823E-07  -9.5976691E-07  -1.3819136E-06  -1.9838712E-06  -2.8686086E-06  -3.6742035E-06  -5.2650862E-06  -7.4590525E-06  -1.0100250E-05  -1.4679205E-05  -2.1355349E-05  -3.1101405E-05  -4.5340588E-05  -6.5761727E-05  -8.4331514E-05  -1.2303758E-04  -1.7972272E-04  -2.6284170E-04  -3.8489435E-04  -5.6505209E-04  -8.4289245E-04  -1.3067126E-03  -1.9441366E-03  -2.8996933E-03  -4.3345564E-03  -6.4872615E-03  -9.6104182E-03  -1.3958060E-02  -2.3366844E-02  -3.4054957E-02  -4.9422335E-02  -7.7263743E-02  -5.0338130E-02  -6.3068591E-02  -7.5918257E-02  -1.0238566E-01  -3.5876095E-01  -5.4062086E-01  -1.4832059E+00  -5.6981077E+00  -1.2709103E+02  -5.3346718E+01  -3.5530319E+00  -3.8330553E+00  -3.9471216E+00  -2.9144578E+00  -5.4091258E+00
   0.0000000E+00   0.0000000E+00   0.0000000E+00   0.0000000E+00   0.0000000E+00   0.0000000E+00   0.0000000E+00   0.0000000E+00   0.0000000E+00   0.0000000E+00   0.0000000E+00   0.0000000E+00   0.0000000E+00   0.0000000E+00   0.0000000E+00   0.0000000E+00   0.0000000E+00   0.0000000E+00   0.0000000E+00   0.0000000E+00   0.0000000E+00   0.0000000E+00   0.0000000E+00   0.0000000E+00   0.0000000E+00   0.0000000E+00   0.0000000E+00   0.0000000E+00   0.0000000E+00   0.0000000E+00   0.0000000E+00   0.0000000E+00   0.0000000E+00   0.0000000E+00   0.0000000E+00   0.0000000E+00   0.0000000E+00   0.0000000E+00   0.0000000E+00   0.0000000E+00   0.0000000E+00   0.0000000E+00   0.0000000E+00   0.0000000E+00   0.0000000E+00   0.0000000E+00   0.0000000E+00   0.0000000E+00   0.0000000E+00   0.0000000E+00   0.0000000E+00  -3.9366449E-07  -6.7898844E-07  -9.1344060E-07  -1.3457552E-06  -1.9532954E-06  -2.8336160E-06  -4.1280928E-06  -5.3993003E-06  -7.8115600E-06  -1.1165625E-05  -1.5638007E-05  -2.3013743E-05  -3.3881959E-05  -4.9900907E-05  -7.3489558E-05  -1.0723081E-04  -1.3918075E-04  -2.0447749E-04  -3.0035761E-04  -4.4107053E-04  -6.4751104E-04  -9.5191674E-04  -1.4220786E-03  -2.1623999E-03  -3.1997361E-03  -4.7358903E-03  -7.0089069E-03  -1.0358819E-02  -1.5144908E-02  -2.1851800E-02  -3.5853256E-02  -5.1111728E-02  -7.3150776E-02  -3.0972045E-02  -1.6970873E-01  -2.3928636E-01  -3.0715245E-01  -3.8237152E-01  -3.0719405E-01  -4.4419301E-01  -3.1363237E+00  -2.4098318E+01  -1.6063219E+02  -2.6420395E+01  -1.7654866E+00  -1.9010136E+00  -1.9405653E+00  -1.3882298E+00  -2.7098730E+00
   0.0000000E+00   0.0000000E+00   0.0000000E+00   0.0000000E+00   0.0000000E+00   0.0000000E+00   0.0000000E+00   0.0000000E+00   0.0000000E+00   0.0000000E+00   0.0000000E+00   0.0000000E+00   0.0000000E+00   0.0000000E+00   0.0000000E+00   0.0000000E+00   0.0000000E+00   0.0000000E+00   0.0000000E+00   0.0000000E+00   0.0000000E+00   0.0000000E+00   0.0000000E+00   0.0000000E+00   0.0000000E+00   0.0000000E+00   0.0000000E+00   0.0000000E+00   0.0000000E+00   0.0000000E+00   0.0000000E+00   0.0000000E+00   0.0000000E+00   0.0000000E+00   0.0000000E+00   0.0000000E+00   0.0000000E+00   0.0000000E+00   0.0000000E+00   0.0000000E+00   0.0000000E+00   0.0000000E+00   0.0000000E+00   0.0000000E+00   0.0000000E+00   0.0000000E+00   0.0000000E+00   0.0000000E+00   0.0000000E+00   0.0000000E+00   0.0000000E+00  -5.6191146E-07  -9.6910264E-07  -1.3283013E-06  -1.9879312E-06  -2.9491266E-06  -4.3812261E-06  -6.5220388E-06  -8.7549588E-06  -1.2958487E-05  -1.8903749E-05  -2.7317936E-05  -4.0809711E-05  -6.0943643E-05  -9.0960806E-05  -1.3557328E-04  -1.9948506E-04  -2.6433932E-04  -3.9160575E-04  -5.7910878E-04  -8.5464714E-04  -1.2586064E-03  -1.8530823E-03  -2.7621458E-03  -4.1284319E-03  -6.0585015E-03  -8.8679865E-03  -1.2940178E-02  -1.8796859E-02  -2.6999002E-02  -3.8503565E-02  -6.1090674E-02  -8.4575541E-02  -1.1608376E-01  -1.8068248E-01  -1.0876239E-01  -1.6297634E-01  -1.9801626E-01  -2.5529063E-01  -6.9708514E-01  -1.1294297E+00  -2.4593577E+00  -2.0369307E+01  -8.1922287E+01  -1.3027167E+01  -8.7566137E-01  -9.4084346E-01  -9.5188022E-01  -6.6056508E-01  -1.3547301E+00
   0.0000000E+00   0.0000000E+00   0.0000000E+00   0.0000000E+00   0.0000000E+00   0.0000000E+00   0.0000000E+00   0.0000000E+00   0.0000000E+00   0.0000000E+00   0.0000000E+00   0.0000000E+00   0.0000000E+00   0.0000000E+00   0.0000000E+00   0.0000000E+00   0.0000000E+00   0.0000000E+00   0.0000000E+00   0.0000000E+00   0.0000000E+00   0.0000000E+00   0.0000000E+00   0.0000000E+00   0.0000000E+00   0.0000000E+00   0.0000000E+00   0.0000000E+00   0.0000000E+00   0.0000000E+00   0.0000000E+00   0.0000000E+00   0.0000000E+00   0.0000000E+00   0.0000000E+00   0.0000000E+00   0.0000000E+00   0.0000000E+00   0.0000000E+00   0.0000000E+00   0.0000000E+00   0.0000000E+00   0.0000000E+00   0.0000000E+00   0.0000000E+00   0.0000000E+00   0.0000000E+00   0.0000000E+00   0.0000000E+00   0.0000000E+00   0.0000000E+00  -8.5769324E-07  -1.5199603E-06  -2.1415376E-06  -3.2746736E-06  -4.9838459E-06  -7.6021065E-06  -1.1588182E-05  -1.6072601E-05  -2.4385905E-05  -3.6438643E-05  -5.4057251E-05  -8.2169659E-05  -1.2471888E-04  -1.8895183E-04  -2.8536582E-04  -4.2415113E-04  -5.7621318E-04  -8.6110859E-04  -1.2820936E-03  -1.9011276E-03  -2.8071473E-03  -4.1350913E-03  -6.1354926E-03  -9.0604788E-03  -1.3164707E-02  -1.9014750E-02  -2.7278339E-02  -3.8800485E-02  -5.4462075E-02  -7.6013140E-02  -1.1503743E-01  -1.5286538E-01  -1.9935112E-01  -8.4863618E-02  -3.6282358E-01  -4.8850992E-01  -5.5293119E-01  -6.6556329E-01  -5.0778598E-01  -9.3414390E-01  -5.4711614E+00  -3.7772236E+01  -1.6703642E+02  -6.4050126E+00  -4.3390033E-01  -4.6509209E-01  -4.6629366E-01  -3.1425107E-01  -6.7654353E-01
   0.0000000E+00   0.0000000E+00   0.0000000E+00   0.0000000E+00   0.0000000E+00   0.0000000E+00   0.0000000E+00   0.0000000E+00   0.0000000E+00   0.0000000E+00   0.0000000E+00   0.0000000E+00   0.0000000E+00   0.0000000E+00   0.0000000E+00   0.0000000E+00   0.0000000E+00   0.0000000E+00   0.0000000E+00   0.0000000E+00   0.0000000E+00   0.0000000E+00   0.0000000E+00   0.0000000E+00   0.0000000E+00   0.0000000E+00   0.0000000E+00   0.0000000E+00   0.0000000E+00   0.0000000E+00   0.0000000E+00   0.0000000E+00   0.0000000E+00   0.0000000E+00   0.0000000E+00   0.0000000E+00   0.0000000E+00   0.0000000E+00   0.0000000E+00   0.0000000E+00   0.0000000E+00   0.0000000E+00   0.0000000E+00   0.0000000E+00   0.0000000E+00   0.0000000E+00   0.0000000E+00   0.0000000E+00   0.0000000E+00   0.0000000E+00   0.0000000E+00  -1.4603339E-06  -2.6458695E-06  -3.8617650E-06  -6.0668472E-06  -9.5015812E-06  -1.4907825E-05  -2.3298293E-05  -3.3515309E-05  -5.2159790E-05  -7.9924313E-05  -1.2141315E-04  -1.8799657E-04  -2.9022939E-04  -4.4648096E-04  -6.8323500E-04  -1.0261877E-03  -1.4294849E-03  -2.1531195E-03  -3.2240180E-03  -4.7969776E-03  -7.0906235E-03  -1.0429711E-02  -1.5374570E-02  -2.2470796E-02  -3.2263145E-02  -4.5873612E-02  -6.4504594E-02  -8.9493819E-02  -1.2202371E-01  -1.6486254E-01  -2.3507430E-01  -2.9577103E-01  -3.5979387E-01  -4.5282120E-01  -2.3052625E-01  -3.2408673E-01  -3.7630624E-01  -4.7618750E-01  -1.1204904E+00  -1.9552631E+00  -4.7283716E+00  -2.8837812E+01  -1.5990034E+02  -3.1434162E+00  -2.1488559E-01  -2.2974536E-01  -2.2822955E-01  -1.4952430E-01  -3.3768082E-01
   0.0000000E+00   0.0000000E+00   0.0000000E+00   0.0000000E+00   0.0000000E+00   0.0000000E+00   0.0000000E+00   0.0000000E+00   0.0000000E+00   0.0000000E+00   0.0000000E+00   0.0000000E+00   0.0000000E+00   0.0000000E+00   0.0000000E+00   0.0000000E+00   0.0000000E+00   0.0000000E+00   0.0000000E+00   0.0000000E+00   0.0000000E+00   0.0000000E+00   0.0000000E+00   0.0000000E+00   0.0000000E+00   0.0000000E+00   0.0000000E+00   0.0000000E+00   0.0000000E+00   0.0000000E+00   0.0000000E+00   0.0000000E+00   0.0000000E+00   0.0000000E+00   0.0000000E+00   0.0000000E+00   0.0000000E+00   0.0000000E+00   0.0000000E+00   0.0000000E+00   0.0000000E+00   0.0000000E+00   0.0000000E+00   0.0000000E+00   0.0000000E+00   0.0000000E+00   0.0000000E+00   0.0000000E+00   0.0000000E+00   0.0000000E+00   0.0000000E+00  -2.7885833E-06  -5.1471156E-06  -7.8205949E-06  -1.2664399E-05  -2.0444893E-05  -3.3020326E-05  -5.2936626E-05  -7.9070138E-05  -1.2618133E-04  -1.9818604E-04  -3.0807915E-04  -4.8591508E-04  -7.6272956E-04  -1.1906561E-03  -1.8443440E-03  -2.7970420E-03  -3.9847628E-03  -6.0390625E-03  -9.0767639E-03  -1.3522097E-02  -1.9960972E-02  -2.9239004E-02  -4.2714573E-02  -6.1667290E-02  -8.7216854E-02  -1.2163237E-01  -1.6691808E-01  -2.2469881E-01  -2.9545552E-01  -3.8205245E-01  -5.0742418E-01  -5.9584016E-01  -6.6839105E-01  -2.5905281E-01  -7.7463585E-01  -8.9494443E-01  -8.8956970E-01  -1.0175555E+00  -8.5792089E-01  -1.4237081E+00  -9.3240290E+00  -5.3877083E+01  -1.0737978E+02  -1.5409017E+00  -1.0638413E-01  -1.1343326E-01  -1.1164302E-01  -7.1170114E-02  -1.6849983E-01
   0.0000000E+00   0.0000000E+00   0.0000000E+00   0.0000000E+00   0.0000000E+00   0.0000000E+00   0.0000000E+00   0.0000000E+00   0.0000000E+00   0.0000000E+00   0.0000000E+00   0.0000000E+00   0.0000000E+00   0.0000000E+00   0.0000000E+00   0.0000000E+00   0.0000000E+00   0.0000000E+00   0.0000000E+00   0.0000000E+00   0.0000000E+00   0.0000000E+00   0.0000000E+00   0.0000000E+00   0.0000000E+00   0.0000000E+00   0.0000000E+00   0.0000000E+00   0.0000000E+00   0.0000000E+00   0.0000000E+00   0.0000000E+00   0.0000000E+00   0.0000000E+00   0.0000000E+00   0.0000000E+00   0.0000000E+00   0.0000000E+00   0.0000000E+00   0.0000000E+00   0.0000000E+00   0.0000000E+00   0.0000000E+00   0.0000000E+00   0.0000000E+00   0.0000000E+00   0.0000000E+00   0.0000000E+00   0.0000000E+00   0.0000000E+00   0.0000000E+00  -5.9680192E-06  -1.1205108E-05  -1.7759681E-05  -2.9686629E-05  -4.9431692E-05  -8.2191145E-05  -1.3518889E-04  -2.0951923E-04  -3.4259073E-04  -5.5102183E-04  -8.7618537E-04  -1.4067680E-03  -2.2430818E-03  -3.5487879E-03  -5.5557340E-03  -8.4940409E-03  -1.2326352E-02  -1.8753549E-02  -2.8219869E-02  -4.1971512E-02  -6.1675251E-02  -8.9641839E-02  -1.2929887E-01  -1.8357483E-01  -2.5449476E-01  -3.4616071E-01  -4.6061212E-01  -5.9704852E-01  -7.4992323E-01  -9.1645569E-01  -1.1201355E+00  -1.2088797E+00  -1.2258173E+00  -1.2611408E+00  -5.1112747E-01  -5.7809669E-01  -6.0318989E-01  -7.2295070E-01  -1.6704684E+00  -2.9622047E+00  -7.0410419E+00  -4.1689686E+01  -2.0376929E+02  -7.5475842E-01  -5.2655350E-02  -5.5985101E-02  -5.4588512E-02  -3.3889715E-02  -8.4068403E-02
   0.0000000E+00   0.0000000E+00   0.0000000E+00   0.0000000E+00   0.0000000E+00   0.0000000E+00   0.0000000E+00   0.0000000E+00   0.0000000E+00   0.0000000E+00   0.0000000E+00   0.0000000E+00   0.0000000E+00   0.0000000E+00   0.0000000E+00   0.0000000E+00   0.0000000E+00   0.0000000E+00   0.0000000E+00   0.0000000E+00   0.0000000E+00   0.0000000E+00   0.0000000E+00   0.0000000E+00   0.0000000E+00   0.0000000E+00   0.0000000E+00   0.0000000E+00   0.0000000E+00   0.0000000E+00   0.0000000E+00   0.0000000E+00   0.0000000E+00   0.0000000E+00   0.0000000E+00   0.0000000E+00   0.0000000E+00   0.0000000E+00   0.0000000E+00   0.0000000E+00   0.0000000E+00   0.0000000E+00   0.0000000E+00   0.0000000E+00   0.0000000E+00   0.0000000E+00   0.0000000E+00   0.0000000E+00   0.0000000E+00   0.0000000E+00   0.0000000E+00  -1.4247445E-05  -2.7225489E-05  -4.5025728E-05  -7.7739365E-05  -1.3355287E-04  -2.2859599E-04  -3.8578518E-04  -6.1941711E-04  -1.0369306E-03  -1.7059618E-03  -2.7722525E-03  -4.5257686E-03  -7.3195621E-03  -1.1714628E-02  -1.8492065E-02  -2.8430879E-02  -4.1825820E-02  -6.3672110E-02  -9.5569804E-02  -1.4131844E-01  -2.0575351E-01  -2.9517546E-01  -4.1797039E-01  -5.7970387E-01  -7.8195477E-01  -1.0287557E+00  -1.3148859E+00  -1.6237379E+00  -1.9244710E+00  -2.1907747E+00  -2.4322736E+00  -2.3785722E+00  -2.1632116E+00  -7.2229618E-01  -1.5436786E+00  -1.4409136E+00  -1.2843592E+00  -1.4364300E+00  -1.1193937E+00  -2.2134047E+00  -1.3866749E+01  -7.3450104E+01  -2.0776210E+02  -3.6949059E-01  -2.6057143E-02  -2.7623070E-02  -2.6682010E-02  -1.6144896E-02  -4.1940704E-02
   0.0000000E+00   0.0000000E+00   0.0000000E+00   0.0000000E+00   0.0000000E+00   0.0000000E+00   0.0000000E+00   0.0000000E+00   0.0000000E+00   0.0000000E+00   0.0000000E+00   0.0000000E+00   0.0000000E+00   0.0000000E+00   0.0000000E+00   0.0000000E+00   0.0000000E+00   0.0000000E+00   0.0000000E+00   0.0000000E+00   0.0000000E+00   0.0000000E+00   0.0000000E+00   0.0000000E+00   0.0000000E+00   0.0000000E+00   0.0000000E+00   0.0000000E+00   0.0000000E+00   0.0000000E+00   0.0000000E+00   0.0000000E+00   0.0000000E+00   0.0000000E+00   0.0000000E+00   0.0000000E+00   0.0000000E+00   0.0000000E+00   0.0000000E+00   0.0000000E+00   0.0000000E+00   0.0000000E+00   0.0000000E+00   0.0000000E+00   0.0000000E+00   0.0000000E+00   0.0000000E+00   0.0000000E+00   0.0000000E+00   0.0000000E+00   0.0000000E+00  -3.7754897E-05  -7.3582996E-05  -1.2694612E-04  -2.2651796E-04  -4.0159645E-04  -7.0749217E-04  -1.2247738E-03  -2.0331887E-03  -3.4802598E-03  -5.8466280E-03  -9.6893776E-03  -1.6047431E-02  -2.6251551E-02  -4.2357463E-02  -6.7145512E-02  -1.0336682E-01  -1.5318516E-01  -2.3204365E-01  -3.4526396E-01  -5.0410140E-01  -7.2167122E-01  -1.0132134E+00  -1.3953868E+00  -1.8713555E+00  -2.4288387E+00  -3.0537736E+00  -3.7014141E+00  -4.2965899E+00  -4.7389350E+00  -4.9551020E+00  -4.9455547E+00  -4.3475537E+00  -3.5105162E+00  -2.8421130E+00  -9.0800059E-01  -8.7368226E-01  -8.4312934E-01  -9.3122894E-01  -2.2184858E+00  -4.2817941E+00  -1.0551417E+01  -5.7423302E+01  -1.8442760E+02  -1.8081091E-01  -1.2892635E-02  -1.3625620E-02  -1.3037912E-02  -7.6948889E-03  -2.0922957E-02
   0.0000000E+00   0.0000000E+00   0.0000000E+00   0.0000000E+00   0.0000000E+00   0.0000000E+00   0.0000000E+00   0.0000000E+00   0.0000000E+00   0.0000000E+00   0.0000000E+00   0.0000000E+00   0.0000000E+00   0.0000000E+00   0.0000000E+00   0.0000000E+00   0.0000000E+00   0.0000000E+00   0.0000000E+00   0.0000000E+00   0.0000000E+00   0.0000000E+00   0.0000000E+00   0.0000000E+00   0.0000000E+00   0.0000000E+00   0.0000000E+00   0.0000000E+00   0.0000000E+00   0.0000000E+00   0.0000000E+00   0.0000000E+00   0.0000000E+00   0.0000000E+00   0.0000000E+00   0.0000000E+00   0.0000000E+00   0.0000000E+00   0.0000000E+00   0.0000000E+00   0.0000000E+00   0.0000000E+00   0.0000000E+00   0.0000000E+00   0.0000000E+00   0.0000000E+00   0.0000000E+00   0.0000000E+00   0.0000000E+00   0.0000000E+00   0.0000000E+00  -1.1078706E-04  -2.2081673E-04  -3.9727343E-04  -7.3286955E-04  -1.3405177E-03  -2.4281081E-03  -4.3058852E-03  -7.3667984E-03  -1.2855393E-02  -2.1969913E-02  -3.6961045E-02  -6.1784476E-02  -1.0161646E-01  -1.6413797E-01  -2.5920552E-01  -3.9623034E-01  -5.8536839E-01  -8.7291056E-01  -1.2723877E+00  -1.8106591E+00  -2.5129085E+00  -3.3999062E+00  -4.4800124E+00  -5.7127056E+00  -7.0148215E+00  -8.2924986E+00  -9.3917112E+00  -1.0122936E+01  -1.0299292E+01  -9.8474951E+00  -8.8638506E+00  -7.0691543E+00  -5.1601005E+00  -1.3313482E+00  -2.4843109E+00  -2.0277953E+00  -1.6876553E+00  -1.8590314E+00  -1.6202158E+00  -3.0046837E+00  -1.9728521E+01  -9.3079369E+01  -1.3351987E+02  -8.8452920E-02  -6.3781408E-03  -6.7194989E-03  -6.3692331E-03  -3.6691632E-03  -1.0437640E-02
   0.0000000E+00   0.0000000E+00   0.0000000E+00   0.0000000E+00   0.0000000E+00   0.0000000E+00   0.0000000E+00   0.0000000E+00   0.0000000E+00   0.0000000E+00   0.0000000E+00   0.0000000E+00   0.0000000E+00   0.0000000E+00   0.0000000E+00   0.0000000E+00   0.0000000E+00   0.0000000E+00   0.0000000E+00   0.0000000E+00   0.0000000E+00   0.0000000E+00   0.0000000E+00   0.0000000E+00   0.0000000E+00   0.0000000E+00   0.0000000E+00   0.0000000E+00   0.0000000E+00   0.0000000E+00   0.0000000E+00   0.0000000E+00   0.0000000E+00   0.0000000E+00   0.0000000E+00   0.0000000E+00   0.0000000E+00   0.0000000E+00   0.0000000E+00   0.0000000E+00   0.0000000E+00   0.0000000E+00   0.0000000E+00   0.0000000E+00   0.0000000E+00   0.0000000E+00   0.0000000E+00   0.0000000E+00   0.0000000E+00   0.0000000E+00   0.0000000E+00  -3.6000766E-04  -7.3529041E-04  -1.3780190E-03  -2.6251734E-03  -4.9425117E-03  -9.1705397E-03  -1.6585691E-02  -2.9051999E-02  -5.1309314E-02  -8.8441975E-02  -1.4949985E-01  -2.4925564E-01  -4.0653220E-01  -6.4720237E-01  -1.0008448E+00  -1.4920899E+00  -2.1512725E+00  -3.0852175E+00  -4.2944522E+00  -5.7942204E+00  -7.5707893E+00  -9.5764809E+00  -1.1720178E+01  -1.3835657E+01  -1.5733707E+01  -1.7249985E+01  -1.8186954E+01  -1.8340532E+01  -1.7533716E+01  -1.5751939E+01  -1.3241602E+01  -9.9329615E+00  -6.7338648E+00  -4.5358653E+00  -1.2805722E+00  -1.1539059E+00  -1.0817984E+00  -1.2583653E+00  -2.8814764E+00  -5.7303944E+00  -1.4676085E+01  -6.9254608E+01  -2.3280002E+02  -4.3260649E-02  -3.1549216E-03  -3.3130047E-03  -3.1107790E-03  -1.7503496E-03  -5.2068778E-03
   0.0000000E+00   0.0000000E+00   0.0000000E+00   0.0000000E+00   0.0000000E+00   0.0000000E+00   0.0000000E+00   0.0000000E+00   0.0000000E+00   0.0000000E+00   0.0000000E+00   0.0000000E+00   0.0000000E+00   0.0000000E+00   0.0000000E+00   0.0000000E+00   0.0000000E+00   0.0000000E+00   0.0000000E+00   0.0000000E+00   0.0000000E+00   0.0000000E+00   0.0000000E+00   0.0000000E+00   0.0000000E+00   0.0000000E+00   0.0000000E+00   0.0000000E+00   0.0000000E+00   0.0000000E+00   0.0000000E+00   0.0000000E+00   0.0000000E+00   0.0000000E+00   0.0000000E+00   0.0000000E+00   0.0000000E+00   0.0000000E+00   0.0000000E+00   0.0000000E+00   0.0000000E+00   0.0000000E+00   0.0000000E+00   0.0000000E+00   0.0000000E+00   0.0000000E+00   0.0000000E+00   0.0000000E+00   0.0000000E+00   0.0000000E+00   0.0000000E+00  -1.2948735E-03  -2.7081103E-03  -5.2656941E-03  -1.0304978E-02  -1.9821266E-02  -3.7303809E-02  -6.8022169E-02  -1.2016851E-01  -2.1117538E-01  -3.6001244E-01  -5.9755290E-01  -9.6768022E-01  -1.5179378E+00  -2.3002212E+00  -3.3521576E+00  -4.6767583E+00  -6.2749476E+00  -8.2080250E+00  -1.0284336E+01  -1.2153425E+01  -1.3583988E+01  -1.5112522E+01  -1.6708195E+01  -1.8318937E+01  -1.9860964E+01  -2.1200123E+01  -2.2143698E+01  -2.2433001E+01  -2.1752895E+01  -1.9613579E+01  -1.6381660E+01  -1.2144731E+01  -8.0152884E+00  -1.7548951E+00  -3.2704592E+00  -2.5147839E+00  -2.0385599E+00  -2.2789898E+00  -1.8486271E+00  -4.1074533E+00  -2.6245815E+01  -1.0959016E+02  -2.0142915E+02  -2.1153687E-02  -1.5603728E-03  -1.6331205E-03  -1.5190246E-03  -8.3535351E-04  -2.5974684E-03
   0.0000000E+00   0.0000000E+00   0.0000000E+00   0.0000000E+00   0.0000000E+00   0.0000000E+00   0.0000000E+00   0.0000000E+00   0.0000000E+00   0.0000000E+00   0.0000000E+00   0.0000000E+00   0.0000000E+00   0.0000000E+00   0.0000000E+00   0.0000000E+00   0.0000000E+00   0.0000000E+00   0.0000000E+00   0.0000000E+00   0.0000000E+00   0.0000000E+00   0.0000000E+00   0.0000000E+00   0.0000000E+00   0.0000000E+00   0.0000000E+00   0.0000000E+00   0.0000000E+00   0.0000000E+00   0.0000000E+00   0.0000000E+00   0.0000000E+00   0.0000000E+00   0.0000000E+00   0.0000000E+00   0.0000000E+00   0.0000000E+00   0.0000000E+00   0.0000000E+00   0.0000000E+00   0.0000000E+00   0.0000000E+00   0.0000000E+00   0.0000000E+00   0.0000000E+00   0.0000000E+00   0.0000000E+00   0.0000000E+00   0.0000000E+00   0.0000000E+00  -5.1154708E-03  -1.0880616E-02  -2.1698872E-02  -4.2928200E-02  -8.1682496E-02  -3.0065194E-02  -5.6373380E-02  -1.0152272E-01  -1.7722903E-01  -2.9393122E-01  -4.6284071E-01  -6.8941182E-01  -9.6436048E-01  -1.2601388E+00  -1.5240444E+00  -1.6656643E+00  -1.7676238E+00  -1.0117325E+01  -1.1263026E+01  -1.3723720E+01  -1.3941844E+01  -1.5430861E+01  -1.6982479E+01  -1.8580996E+01  -2.0177353E+01  -2.1648912E+01  -2.2821959E+01  -2.3397881E+01  -2.2989777E+01  -2.1142313E+01  -1.7970142E+01  -1.3482582E+01  -8.8369322E+00  -5.6280756E+00  -1.6302621E+00  -1.4594028E+00  -1.3602175E+00  -1.4277844E+00  -3.3960969E+00  -7.4488297E+00  -1.9624317E+01  -8.7159149E+01  -1.2719422E+02  -1.0342021E-02  -7.7164243E-04  -8.0487935E-04  -7.4162288E-04  -3.9883904E-04  -1.2957521E-03
   0.0000000E+00   0.0000000E+00   0.0000000E+00   0.0000000E+00   0.0000000E+00   0.0000000E+00   0.0000000E+00   0.0000000E+00   0.0000000E+00   0.0000000E+00   0.0000000E+00   0.0000000E+00   0.0000000E+00   0.0000000E+00   0.0000000E+00   0.0000000E+00   0.0000000E+00   0.0000000E+00   0.0000000E+00   0.0000000E+00   0.0000000E+00   0.0000000E+00   0.0000000E+00   0.0000000E+00   0.0000000E+00   0.0000000E+00   0.0000000E+00   0.0000000E+00   0.0000000E+00   0.0000000E+00   0.0000000E+00   0.0000000E+00   0.0000000E+00   0.0000000E+00   0.0000000E+00   0.0000000E+00   0.0000000E+00   0.0000000E+00   0.0000000E+00   0.0000000E+00   0.0000000E+00   0.0000000E+00   0.0000000E+00   0.0000000E+00   0.0000000E+00   0.0000000E+00   0.0000000E+00   0.0000000E+00   0.0000000E+00   0.0000000E+00   0.0000000E+00  -5.9808888E-03  -1.2847688E-02  -2.6020896E-02  -5.1033828E-02  -7.1720555E-02  -6.3202006E-01  -1.0154941E+00  -1.5604994E+00  -2.3049338E+00  -3.2230005E+00  -4.2532697E+00  -5.2528338E+00  -5.8598814E+00  -6.3393574E+00  -6.8475289E+00  -7.8878918E+00  -8.9234247E+00  -6.7320771E+00  -1.0643638E+01  -1.1859922E+01  -1.3474141E+01  -1.5001454E+01  -1.6576160E+01  -1.8179272E+01  -1.9763418E+01  -2.1257778E+01  -2.2584255E+01  -2.3372898E+01  -2.3214279E+01  -2.1691399E+01  -1.8668966E+01  -1.4168045E+01  -9.3781805E+00  -2.2746043E+00  -3.7266333E+00  -2.8320341E+00  -2.3709788E+00  -2.6063914E+00  -2.5254421E+00  -5.2799544E+00  -3.3425098E+01  -1.2678823E+02  -9.6890709E+01  -5.0554741E-03  -3.8155227E-04  -3.9661070E-04  -3.6201940E-04  -1.9050269E-04  -6.4638746E-04
   0.0000000E+00   0.0000000E+00   0.0000000E+00   0.0000000E+00   0.0000000E+00   0.0000000E+00   0.0000000E+00   0.0000000E+00   0.0000000E+00   0.0000000E+00   0.0000000E+00   0.0000000E+00   0.0000000E+00   0.0000000E+00   0.0000000E+00   0.0000000E+00   0.0000000E+00   0.0000000E+00   0.0000000E+00   0.0000000E+00   0.0000000E+00   0.0000000E+00   0.0000000E+00   0.0000000E+00   0.0000000E+00   0.0000000E+00   0.0000000E+00   0.0000000E+00   0.0000000E+00   0.0000000E+00   0.0000000E+00   0.0000000E+00   0.0000000E+00   0.0000000E+00   0.0000000E+00   0.0000000E+00   0.0000000E+00   0.0000000E+00   0.0000000E+00   0.0000000E+00   0.0000000E+00   0.0000000E+00   0.0000000E+00   0.0000000E+00   0.0000000E+00   0.0000000E+00   0.0000000E+00   0.0000000E+00   0.0000000E+00   0.0000000E+00   0.0000000E+00  -9.5483571E-02  -1.8182833E-01  -3.2256511E-01  -5.5117822E-01  -9.4199282E-01  -1.0437164E+00  -1.5474875E+00  -2.1289141E+00  -2.5484924E+00  -2.8832319E+00  -2.3839819E+00  -2.8082337E+00  -3.2964215E+00  -3.9377913E+00  -4.7299013E+00  -6.0609221E+00  -7.3709269E+00  -3.6692886E+00   0.0000000E+00  -7.6606998E+00   0.0000000E+00  -1.0674961E+01  -1.1748327E+01  -1.2850185E+01  -1.9608652E+01  -2.1337572E+01  -2.2559792E+01  -2.3236498E+01  -2.3172810E+01  -2.1826880E+01  -1.8920221E+01  -1.4469140E+01  -9.6315069E+00  -6.0290523E+00  -2.1738403E+00  -1.9110390E+00  -1.5905033E+00  -1.9187142E+00  -4.1468940E+00  -9.2925081E+00  -2.5607317E+01  -1.0361703E+02  -7.3428070E+01  -2.4709529E-03  -1.8864455E-04  -1.9539944E-04  -1.7669237E-04  -9.1027963E-05  -3.2245088E-04
   0.0000000E+00   0.0000000E+00   0.0000000E+00   0.0000000E+00   0.0000000E+00   0.0000000E+00   0.0000000E+00   0.0000000E+00   0.0000000E+00   0.0000000E+00   0.0000000E+00   0.0000000E+00   0.0000000E+00   0.0000000E+00   0.0000000E+00   0.0000000E+00   0.0000000E+00   0.0000000E+00   0.0000000E+00   0.0000000E+00   0.0000000E+00   0.0000000E+00   0.0000000E+00   0.0000000E+00   0.0000000E+00   0.0000000E+00   0.0000000E+00   0.0000000E+00   0.0000000E+00   0.0000000E+00   0.0000000E+00   0.0000000E+00   0.0000000E+00   0.0000000E+00   0.0000000E+00   0.0000000E+00   0.0000000E+00   0.0000000E+00   0.0000000E+00   0.0000000E+00   0.0000000E+00   0.0000000E+00   0.0000000E+00   0.0000000E+00   0.0000000E+00   0.0000000E+00   0.0000000E+00   0.0000000E+00   0.0000000E+00   0.0000000E+00   0.0000000E+00  -2.0432048E-01  -3.7350988E-01  -6.3391984E-01  -9.9673390E-01  -1.4600091E+00  -1.9888341E+00  -2.1640055E+00  -1.2350696E+00  -1.4472418E+00   0.0000000E+00  -1.2397631E+00  -1.5705305E+00  -1.9707322E+00   0.0000000E+00  -9.6403491E-01  -2.2565875E+00  -4.0187321E+00  -1.5915512E+00  -3.0763626E-02  -4.2005520E+00  -4.5843113E-02  -6.5891285E+00  -7.1827321E+00  -7.8210917E+00  -1.4409881E+01  -1.5901992E+01  -2.1764086E+01  -2.3545906E+01  -2.3247099E+01  -2.1822321E+01  -1.8957485E+01  -1.4561927E+01  -9.8178263E+00  -3.3343456E+00  -3.8921118E+00  -3.1558981E+00  -2.6721129E+00  -3.0786943E+00  -2.8838975E+00  -6.9307442E+00  -4.1106270E+01  -1.4142728E+02  -5.5756947E+01  -1.2075936E-03  -9.3258561E-05  -9.6252319E-05  -8.6227723E-05  -4.3512424E-05  -1.6085476E-04
   0.0000000E+00   0.0000000E+00   0.0000000E+00   0.0000000E+00   0.0000000E+00   0.0000000E+00   0.0000000E+00   0.0000000E+00   0.0000000E+00   0.0000000E+00   0.0000000E+00   0.0000000E+00   0.0000000E+00   0.0000000E+00   0.0000000E+00   0.0000000E+00   0.0000000E+00   0.0000000E+00   0.0000000E+00   0.0000000E+00   0.0000000E+00   0.0000000E+00   0.0000000E+00   0.0000000E+00   0.0000000E+00   0.0000000E+00   0.0000000E+00   0.0000000E+00   0.0000000E+00   0.0000000E+00   0.0000000E+00   0.0000000E+00   0.0000000E+00   0.0000000E+00   0.0000000E+00   0.0000000E+00   0.0000000E+00   0.0000000E+00   0.0000000E+00   0.0000000E+00   0.0000000E+00   0.0000000E+00   0.0000000E+00   0.0000000E+00   0.0000000E+00   0.0000000E+00   0.0000000E+00   0.0000000E+00   0.0000000E+00   0.0000000E+00   0.0000000E+00  -2.7028921E-01  -4.2377934E-01  -5.3730744E-01  -5.9209138E-01  -3.2117400E-02  -7.2081357E-01  -1.0086375E+00  -6.0450131E-01  -7.4662673E-01   0.0000000E+00  -5.1605034E-01  -7.2781837E-01  -1.0544116E+00  -4.5862403E-03  -3.7223536E-01  -8.9048171E-01  -2.3397660E+00  -6.3957942E-01  -2.7928142E-02  -1.8875886E+00  -4.6281066E-02  -3.4648898E+00  -3.7136636E+00  -4.0105243E+00  -9.4633770E+00  -1.0405933E+01   0.0000000E+00  -7.2878861E-01  -2.3258104E+01  -2.1973167E+01  -1.8908327E+01  -1.4553711E+01  -9.8887711E+00  -5.9320512E+00  -3.0755250E+00  -2.2949812E+00  -2.0214727E+00  -2.1689608E+00  -4.7445226E+00  -1.1527476E+01  -3.2846539E+01  -1.2485180E+02  -4.2533970E+01  -5.9011596E-04  -4.6098903E-05  -4.7415760E-05  -4.2657695E-05  -4.1642641E-05  -8.0242440E-05
   0.0000000E+00   0.0000000E+00   0.0000000E+00   0.0000000E+00   0.0000000E+00   0.0000000E+00   0.0000000E+00   0.0000000E+00   0.0000000E+00   0.0000000E+00   0.0000000E+00   0.0000000E+00   0.0000000E+00   0.0000000E+00   0.0000000E+00   0.0000000E+00   0.0000000E+00   0.0000000E+00   0.0000000E+00   0.0000000E+00   0.0000000E+00   0.0000000E+00   0.0000000E+00   0.0000000E+00   0.0000000E+00   0.0000000E+00   0.0000000E+00   0.0000000E+00   0.0000000E+00   0.0000000E+00   0.0000000E+00   0.0000000E+00   0.0000000E+00   0.0000000E+00   0.0000000E+00   0.0000000E+00   0.0000000E+00   0.0000000E+00   0.0000000E+00   0.0000000E+00   0.0000000E+00   0.0000000E+00   0.0000000E+00   0.0000000E+00   0.0000000E+00   0.0000000E+00   0.0000000E+00   0.0000000E+00   0.0000000E+00   0.0000000E+00   0.0000000E+00  -1.0444702E-01  -1.2743710E-01  -1.4954470E-01  -1.7196746E-01  -1.1314358E-02  -2.6314816E-01  -5.0973856E-01  -2.4716756E-01  -3.3587939E-01   0.0000000E+00  -1.8419583E-01  -2.6471072E-01  -4.9613482E-01  -3.5673494E-03  -1.4485373E-01  -3.5479704E-01  -1.1767801E+00  -2.5779274E-01  -1.8316640E-02  -7.8913325E-01  -3.2347672E-02  -1.5104017E+00  -1.6433983E+00  -1.8250521E+00  -5.5410094E+00  -6.1362019E+00  -4.5184091E-02  -4.5866120E-01  -1.7452549E+01  -3.0123618E+00  -1.9070433E+01  -1.4587415E+01  -9.9909887E+00  -5.0665765E+00  -4.5071449E+00  -3.5270076E+00  -3.0739307E+00  -3.4283116E+00  -3.8100655E+00  -9.1080542E+00  -4.9223969E+01  -4.6641991E+01  -3.2625565E+01  -2.8922054E-04  -4.5680943E-05  -4.6819234E-05  -4.2221749E-05  -3.9866587E-05  -4.0028950E-05
   0.0000000E+00   0.0000000E+00   0.0000000E+00   0.0000000E+00   0.0000000E+00   0.0000000E+00   0.0000000E+00   0.0000000E+00   0.0000000E+00   0.0000000E+00   0.0000000E+00   0.0000000E+00   0.0000000E+00   0.0000000E+00   0.0000000E+00   0.0000000E+00   0.0000000E+00   0.0000000E+00   0.0000000E+00   0.0000000E+00   0.0000000E+00   0.0000000E+00   0.0000000E+00   0.0000000E+00   0.0000000E+00   0.0000000E+00   0.0000000E+00   0.0000000E+00   0.0000000E+00   0.0000000E+00   0.0000000E+00   0.0000000E+00   0.0000000E+00   0.0000000E+00   0.0000000E+00   0.0000000E+00   0.0000000E+00   0.0000000E+00   0.0000000E+00   0.0000000E+00   0.0000000E+00   0.0000000E+00   0.0000000E+00   0.0000000E+00   0.0000000E+00   0.0000000E+00   0.0000000E+00   0.0000000E+00   0.0000000E+00   0.0000000E+00   0.0000000E+00  -2.8133206E-02  -3.6805984E-02  -4.4847749E-02  -5.2795395E-02  -4.1225855E-03  -8.6242162E-02  -2.2372083E-01  -8.3974652E-02  -1.2867963E-01   0.0000000E+00  -6.6391975E-02  -9.7268872E-02  -2.0233881E-01  -2.0908138E-03  -5.6674462E-02  -1.4202587E-01  -5.0415450E-01  -1.0405619E-01  -1.0516821E-02  -3.3003783E-01  -1.9584835E-02  -6.5855992E-01  -7.2816557E-01  -8.3438945E-01  -2.8864412E+00  -3.2412369E+00  -3.6311023E-02  -3.0360126E-01  -1.1544058E+01  -1.4956912E+00  -2.3362191E+00  -8.0027121E-01  -7.4857813E-01  -4.0050464E+00  -2.4872320E+00  -2.0531795E+00  -1.9624540E+00  -2.9754851E+00  -5.7220955E+00  -1.4179589E+01  -4.0313629E+01  -2.3721375E+01  -2.5168810E+01  -1.4255266E-04  -4.5263616E-05  -4.6240330E-05  -4.1752235E-05  -3.8178681E-05  -3.9984443E-05
   0.0000000E+00   0.0000000E+00   0.0000000E+00   0.0000000E+00   0.0000000E+00   0.0000000E+00   0.0000000E+00   0.0000000E+00   0.0000000E+00   0.0000000E+00   0.0000000E+00   0.0000000E+00   0.0000000E+00   0.0000000E+00   0.0000000E+00   0.0000000E+00   0.0000000E+00   0.0000000E+00   0.0000000E+00   0.0000000E+00   0.0000000E+00   0.0000000E+00   0.0000000E+00   0.0000000E+00   0.0000000E+00   0.0000000E+00   0.0000000E+00   0.0000000E+00   0.0000000E+00   0.0000000E+00   0.0000000E+00   0.0000000E+00   0.0000000E+00   0.0000000E+00   0.0000000E+00   0.0000000E+00   0.0000000E+00   0.0000000E+00   0.0000000E+00   0.0000000E+00   0.0000000E+00   0.0000000E+00   0.0000000E+00   0.0000000E+00   0.0000000E+00   0.0000000E+00   0.0000000E+00   0.0000000E+00   0.0000000E+00   0.0000000E+00   0.0000000E+00   0.0000000E+00  -1.1115857E-02  -1.3910118E-02  -1.6634615E-02  -1.5355051E-03  -2.8838148E-02  -8.3697177E-02  -2.8854607E-02  -4.4567429E-02   0.0000000E+00  -2.4090994E-02  -3.5967626E-02  -7.5192116E-02  -2.0958334E-03  -2.2268435E-02  -5.6973919E-02  -2.0074268E-01  -4.2050801E-02  -5.6097736E-03  -1.3798817E-01  -1.0967609E-02  -2.8723010E-01  -3.2274157E-01  -3.8182682E-01  -1.3329680E+00  -1.5082002E+00  -2.2281861E-02  -1.9934486E-01  -6.7738247E+00  -7.4103069E-01  -1.1353034E+00  -3.9960030E-01  -3.9739853E-01  -2.8113425E+00  -1.5236975E+00  -1.3441365E+00  -1.3759274E+00  -3.2934687E-01  -5.1347494E+00  -1.2357595E+01  -5.7520329E+01  -1.1895424E+01  -5.9598315E-01  -1.4083134E-04  -4.4847951E-05  -4.5675832E-05  -4.1253825E-05  -3.6573754E-05  -3.9939983E-05
   0.0000000E+00   0.0000000E+00   0.0000000E+00   0.0000000E+00   0.0000000E+00   0.0000000E+00   0.0000000E+00   0.0000000E+00   0.0000000E+00   0.0000000E+00   0.0000000E+00   0.0000000E+00   0.0000000E+00   0.0000000E+00   0.0000000E+00   0.0000000E+00   0.0000000E+00   0.0000000E+00   0.0000000E+00   0.0000000E+00   0.0000000E+00   0.0000000E+00   0.0000000E+00   0.0000000E+00   0.0000000E+00   0.0000000E+00   0.0000000E+00   0.0000000E+00   0.0000000E+00   0.0000000E+00   0.0000000E+00   0.0000000E+00   0.0000000E+00   0.0000000E+00   0.0000000E+00   0.0000000E+00   0.0000000E+00   0.0000000E+00   0.0000000E+00   0.0000000E+00   0.0000000E+00   0.0000000E+00   0.0000000E+00   0.0000000E+00   0.0000000E+00   0.0000000E+00   0.0000000E+00   0.0000000E+00   0.0000000E+00   0.0000000E+00   0.0000000E+00   0.0000000E+00  -8.9079868E-03  -1.1260233E-02  -1.3431939E-02   0.0000000E+00  -9.8239919E-03  -2.8278485E-02  -1.0075678E-02  -1.5541902E-02   0.0000000E+00  -8.7870304E-03  -1.3367477E-02  -2.8085576E-02  -1.9189933E-03  -8.7812329E-03  -2.2895670E-02  -8.0022871E-02  -1.7015520E-02  -2.8553582E-03  -5.7683151E-02  -5.8469838E-03  -1.2528817E-01  -1.4308192E-01  -1.7480275E-01  -6.0696840E-01  -6.8918705E-01  -1.2958258E-02  -1.2511346E-01  -3.5225742E+00  -3.6633807E-01  -5.4917526E-01  -1.9847319E-01  -2.1422648E-01  -1.7598505E+00  -7.9901600E-01  -7.7035576E-01  -7.9614282E-01  -1.8416211E-01  -1.2048744E+00  -6.4109218E-01  -4.0888756E+01  -5.9298015E+00  -2.8097555E-01  -1.3902406E-04  -4.4434608E-05  -4.5123128E-05  -4.0730687E-05  -3.5046982E-05  -3.9895564E-05
   0.0000000E+00   0.0000000E+00   0.0000000E+00   0.0000000E+00   0.0000000E+00   0.0000000E+00   0.0000000E+00   0.0000000E+00   0.0000000E+00   0.0000000E+00   0.0000000E+00   0.0000000E+00   0.0000000E+00   0.0000000E+00   0.0000000E+00   0.0000000E+00   0.0000000E+00   0.0000000E+00   0.0000000E+00   0.0000000E+00   0.0000000E+00   0.0000000E+00   0.0000000E+00   0.0000000E+00   0.0000000E+00   0.0000000E+00   0.0000000E+00   0.0000000E+00   0.0000000E+00   0.0000000E+00   0.0000000E+00   0.0000000E+00   0.0000000E+00   0.0000000E+00   0.0000000E+00   0.0000000E+00   0.0000000E+00   0.0000000E+00   0.0000000E+00   0.0000000E+00   0.0000000E+00   0.0000000E+00   0.0000000E+00   0.0000000E+00   0.0000000E+00   0.0000000E+00   0.0000000E+00   0.0000000E+00   0.0000000E+00   0.0000000E+00   0.0000000E+00   0.0000000E+00   0.0000000E+00  -9.1814427E-03  -1.0913201E-02   0.0000000E+00   0.0000000E+00   0.0000000E+00   0.0000000E+00  -1.3098706E-02   0.0000000E+00  -7.5988476E-03  -1.1560923E-02  -1.0548500E-02  -1.6962327E-03  -3.4738204E-03  -9.2155337E-03  -3.1934373E-02  -6.9214418E-03  -2.8012986E-03  -2.4118528E-02  -3.0136693E-03  -5.4663993E-02  -6.3462898E-02  -8.0067039E-02  -2.7654001E-01  -3.1494430E-01  -7.4696066E-03  -7.4308313E-02  -1.6617051E+00  -1.8072487E-01  -2.6465696E-01  -9.8293766E-02  -1.1616477E-01  -9.8990458E-01  -4.0452483E-01  -3.9338404E-01  -4.0887344E-01  -1.0198753E-01  -6.4521354E-01  -4.1538957E-01  -3.2866623E+01  -2.9468200E+00  -1.3285959E-01  -1.3714735E-04  -4.4023956E-05  -4.4580098E-05  -4.0186533E-05  -3.3593889E-05  -3.9851195E-05
   0.0000000E+00   0.0000000E+00   0.0000000E+00   0.0000000E+00   0.0000000E+00   0.0000000E+00   0.0000000E+00   0.0000000E+00   0.0000000E+00   0.0000000E+00   0.0000000E+00   0.0000000E+00   0.0000000E+00   0.0000000E+00   0.0000000E+00   0.0000000E+00   0.0000000E+00   0.0000000E+00   0.0000000E+00   0.0000000E+00   0.0000000E+00   0.0000000E+00   0.0000000E+00   0.0000000E+00   0.0000000E+00   0.0000000E+00   0.0000000E+00   0.0000000E+00   0.0000000E+00   0.0000000E+00   0.0000000E+00   0.0000000E+00   0.0000000E+00   0.0000000E+00   0.0000000E+00   0.0000000E+00   0.0000000E+00   0.0000000E+00   0.0000000E+00   0.0000000E+00   0.0000000E+00   0.0000000E+00   0.0000000E+00   0.0000000E+00   0.0000000E+00   0.0000000E+00   0.0000000E+00   0.0000000E+00   0.0000000E+00   0.0000000E+00   0.0000000E+00   0.0000000E+00   0.0000000E+00   0.0000000E+00  -8.9058457E-03   0.0000000E+00   0.0000000E+00   0.0000000E+00   0.0000000E+00   0.0000000E+00   0.0000000E+00   0.0000000E+00  -1.0018690E-02  -9.1519607E-03   0.0000000E+00   0.0000000E+00   0.0000000E+00  -1.2797603E-02  -6.2483056E-03  -2.6136218E-03  -1.0118125E-02  -2.9850896E-03  -2.3862345E-02  -2.8170329E-02  -3.6697958E-02  -1.2605911E-01  -1.4391844E-01  -4.2670625E-03  -4.2515382E-02  -7.8422987E-01  -8.8980563E-02  -1.2717979E-01  -4.8625074E-02  -6.2655583E-02  -5.0474215E-01  -2.0379618E-01  -1.9982216E-01  -2.0853469E-01  -5.6008764E-02  -3.4156278E-01  -2.7917233E-01  -2.5291025E+01  -1.4618661E+00  -6.2993363E-02  -1.3521570E-04  -4.3616186E-05  -4.4045039E-05  -3.9624683E-05  -3.2210290E-05  -3.9806870E-05
   0.0000000E+00   0.0000000E+00   0.0000000E+00   0.0000000E+00   0.0000000E+00   0.0000000E+00   0.0000000E+00   0.0000000E+00   0.0000000E+00   0.0000000E+00   0.0000000E+00   0.0000000E+00   0.0000000E+00   0.0000000E+00   0.0000000E+00   0.0000000E+00   0.0000000E+00   0.0000000E+00   0.0000000E+00   0.0000000E+00   0.0000000E+00   0.0000000E+00   0.0000000E+00   0.0000000E+00   0.0000000E+00   0.0000000E+00   0.0000000E+00   0.0000000E+00   0.0000000E+00   0.0000000E+00   0.0000000E+00   0.0000000E+00   0.0000000E+00   0.0000000E+00   0.0000000E+00   0.0000000E+00   0.0000000E+00   0.0000000E+00   0.0000000E+00   0.0000000E+00   0.0000000E+00   0.0000000E+00   0.0000000E+00   0.0000000E+00   0.0000000E+00   0.0000000E+00   0.0000000E+00   0.0000000E+00   0.0000000E+00   0.0000000E+00   0.0000000E+00   0.0000000E+00   0.0000000E+00   0.0000000E+00   0.0000000E+00   0.0000000E+00   0.0000000E+00   0.0000000E+00   0.0000000E+00   0.0000000E+00   0.0000000E+00   0.0000000E+00  -8.6283339E-03   0.0000000E+00   0.0000000E+00   0.0000000E+00   0.0000000E+00  -1.1476961E-02  -5.6425626E-03  -2.3876117E-03  -4.2752735E-03  -2.8217011E-03  -1.0424555E-02  -1.2517718E-02  -1.6833387E-02  -5.7498433E-02  -6.5771714E-02  -2.4158070E-03  -2.3684645E-02  -3.7011036E-01  -4.3729141E-02  -6.0990918E-02  -2.4053676E-02  -3.3516549E-02  -2.4938639E-01  -1.0228822E-01  -1.0109621E-01  -1.0579516E-01  -3.0527279E-02  -1.7947695E-01  -1.9338703E-01  -1.8956951E+01  -7.2441709E-01  -2.9940777E-02  -1.3324179E-04  -4.3211341E-05  -4.3516578E-05  -3.9048104E-05  -3.0892286E-05  -3.9762588E-05
   0.0000000E+00   0.0000000E+00   0.0000000E+00   0.0000000E+00   0.0000000E+00   0.0000000E+00   0.0000000E+00   0.0000000E+00   0.0000000E+00   0.0000000E+00   0.0000000E+00   0.0000000E+00   0.0000000E+00   0.0000000E+00   0.0000000E+00   0.0000000E+00   0.0000000E+00   0.0000000E+00   0.0000000E+00   0.0000000E+00   0.0000000E+00   0.0000000E+00   0.0000000E+00   0.0000000E+00   0.0000000E+00   0.0000000E+00   0.0000000E+00   0.0000000E+00   0.0000000E+00   0.0000000E+00   0.0000000E+00   0.0000000E+00   0.0000000E+00   0.0000000E+00   0.0000000E+00   0.0000000E+00   0.0000000E+00   0.0000000E+00   0.0000000E+00   0.0000000E+00   0.0000000E+00   0.0000000E+00   0.0000000E+00   0.0000000E+00   0.0000000E+00   0.0000000E+00   0.0000000E+00   0.0000000E+00   0.0000000E+00   0.0000000E+00   0.0000000E+00   0.0000000E+00   0.0000000E+00   0.0000000E+00   0.0000000E+00   0.0000000E+00   0.0000000E+00   0.0000000E+00   0.0000000E+00   0.0000000E+00   0.0000000E+00   0.0000000E+00  -7.4424744E-03   0.0000000E+00   0.0000000E+00   0.0000000E+00   0.0000000E+00  -1.0299390E-02  -5.0972002E-03  -2.1845179E-03  -3.9325207E-03  -2.6126993E-03  -4.5586419E-03  -5.5696103E-03  -7.7284952E-03  -2.6245845E-02  -3.0066317E-02  -1.3559195E-03  -1.2935967E-02  -1.7465720E-01  -2.1453967E-02  -2.9209184E-02  -1.1906604E-02  -1.7795848E-02  -1.2294213E-01  -5.1199321E-02  -5.0997924E-02  -5.3460870E-02  -1.6527303E-02  -9.3909591E-02  -1.3691214E-01  -1.4010994E+01  -3.5870847E-01  -1.4262935E-02  -1.3123667E-04  -4.2809377E-05  -4.2993619E-05  -3.8459442E-05  -2.9636243E-05  -3.9718358E-05
   0.0000000E+00   0.0000000E+00   0.0000000E+00   0.0000000E+00   0.0000000E+00   0.0000000E+00   0.0000000E+00   0.0000000E+00   0.0000000E+00   0.0000000E+00   0.0000000E+00   0.0000000E+00   0.0000000E+00   0.0000000E+00   0.0000000E+00   0.0000000E+00   0.0000000E+00   0.0000000E+00   0.0000000E+00   0.0000000E+00   0.0000000E+00   0.0000000E+00   0.0000000E+00   0.0000000E+00   0.0000000E+00   0.0000000E+00   0.0000000E+00   0.0000000E+00   0.0000000E+00   0.0000000E+00   0.0000000E+00   0.0000000E+00   0.0000000E+00   0.0000000E+00   0.0000000E+00   0.0000000E+00   0.0000000E+00   0.0000000E+00   0.0000000E+00   0.0000000E+00   0.0000000E+00   0.0000000E+00   0.0000000E+00   0.0000000E+00   0.0000000E+00   0.0000000E+00   0.0000000E+00   0.0000000E+00   0.0000000E+00   0.0000000E+00   0.0000000E+00   0.0000000E+00   0.0000000E+00   0.0000000E+00   0.0000000E+00   0.0000000E+00   0.0000000E+00   0.0000000E+00   0.0000000E+00   0.0000000E+00   0.0000000E+00   0.0000000E+00   0.0000000E+00   0.0000000E+00   0.0000000E+00   0.0000000E+00   0.0000000E+00  -9.2487950E-03  -4.5853122E-03  -2.0053093E-03  -3.6316775E-03  -2.4214135E-03  -4.2603686E-03  -5.2051470E-03  -3.5518664E-03  -1.1990683E-02  -1.3750495E-02  -7.5487513E-04  -6.9595566E-03  -8.2420446E-02  -1.0509244E-02  -1.3977237E-02  -5.9001981E-03  -9.3865646E-03  -6.0508400E-02  -2.5577160E-02  -2.5671735E-02  -2.6936335E-02  -8.8958004E-03  -4.9055286E-02  -9.8368876E-02  -1.0293901E+01  -1.7751871E-01  -6.8089929E-03  -1.2920993E-04  -4.2410196E-05  -4.2475294E-05  -3.7861071E-05  -2.8438755E-05  -3.9674167E-05
   0.0000000E+00   0.0000000E+00   0.0000000E+00   0.0000000E+00   0.0000000E+00   0.0000000E+00   0.0000000E+00   0.0000000E+00   0.0000000E+00   0.0000000E+00   0.0000000E+00   0.0000000E+00   0.0000000E+00   0.0000000E+00   0.0000000E+00   0.0000000E+00   0.0000000E+00   0.0000000E+00   0.0000000E+00   0.0000000E+00   0.0000000E+00   0.0000000E+00   0.0000000E+00   0.0000000E+00   0.0000000E+00   0.0000000E+00   0.0000000E+00   0.0000000E+00   0.0000000E+00   0.0000000E+00   0.0000000E+00   0.0000000E+00   0.0000000E+00   0.0000000E+00   0.0000000E+00   0.0000000E+00   0.0000000E+00   0.0000000E+00   0.0000000E+00   0.0000000E+00   0.0000000E+00   0.0000000E+00   0.0000000E+00   0.0000000E+00   0.0000000E+00   0.0000000E+00   0.0000000E+00   0.0000000E+00   0.0000000E+00   0.0000000E+00   0.0000000E+00   0.0000000E+00   0.0000000E+00   0.0000000E+00   0.0000000E+00   0.0000000E+00   0.0000000E+00   0.0000000E+00   0.0000000E+00   0.0000000E+00   0.0000000E+00   0.0000000E+00   0.0000000E+00   0.0000000E+00   0.0000000E+00   0.0000000E+00   0.0000000E+00  -8.3103636E-03  -4.1145133E-03   0.0000000E+00  -3.3687823E-03  -2.2462886E-03  -3.9821244E-03  -4.8668967E-03  -3.3671649E-03  -5.4834718E-03  -6.2925178E-03  -4.1713016E-04  -3.7004030E-03  -3.8896978E-02  -5.1408126E-03  -6.6859601E-03  -2.9276793E-03  -4.9224175E-03  -2.9746100E-02  -1.2760106E-02  -1.2903674E-02  -1.3542891E-02  -4.7648260E-03  -2.5640085E-02  -7.1387924E-02  -7.5564399E+00  -8.7809503E-02  -3.2576295E-03  -1.2716996E-04  -4.2013515E-05  -4.1950065E-05   0.0000000E+00   0.0000000E+00  -3.9630027E-05
   0.0000000E+00   0.0000000E+00   0.0000000E+00   0.0000000E+00   0.0000000E+00   0.0000000E+00   0.0000000E+00   0.0000000E+00   0.0000000E+00   0.0000000E+00   0.0000000E+00   0.0000000E+00   0.0000000E+00   0.0000000E+00   0.0000000E+00   0.0000000E+00   0.0000000E+00   0.0000000E+00   0.0000000E+00   0.0000000E+00   0.0000000E+00   0.0000000E+00   0.0000000E+00   0.0000000E+00   0.0000000E+00   0.0000000E+00   0.0000000E+00   0.0000000E+00   0.0000000E+00   0.0000000E+00   0.0000000E+00   0.0000000E+00   0.0000000E+00   0.0000000E+00   0.0000000E+00   0.0000000E+00   0.0000000E+00   0.0000000E+00   0.0000000E+00   0.0000000E+00   0.0000000E+00   0.0000000E+00   0.0000000E+00   0.0000000E+00   0.0000000E+00   0.0000000E+00   0.0000000E+00   0.0000000E+00   0.0000000E+00   0.0000000E+00   0.0000000E+00   0.0000000E+00   0.0000000E+00   0.0000000E+00   0.0000000E+00   0.0000000E+00   0.0000000E+00   0.0000000E+00   0.0000000E+00   0.0000000E+00   0.0000000E+00   0.0000000E+00   0.0000000E+00   0.0000000E+00   0.0000000E+00   0.0000000E+00   0.0000000E+00  -7.4288603E-03   0.0000000E+00   0.0000000E+00  -3.1327636E-03  -2.0858594E-03  -3.7229108E-03  -4.5523094E-03  -3.1659957E-03  -2.5109123E-03  -2.8897482E-03  -4.2688704E-04  -1.9490963E-03  -1.8359680E-02  -2.5116468E-03  -3.1981603E-03  -1.4548154E-03  -2.5683746E-03  -1.4611994E-02  -6.3602319E-03  -6.4792843E-03  -6.7984308E-03  -2.5422170E-03  -1.3440200E-02  -5.2185968E-02  -5.5593724E+00  -4.3417323E-02  -1.5624355E-03  -1.2512357E-04  -4.1601226E-05  -4.0530744E-05   0.0000000E+00   0.0000000E+00  -3.9585932E-05
   0.0000000E+00   0.0000000E+00   0.0000000E+00   0.0000000E+00   0.0000000E+00   0.0000000E+00   0.0000000E+00   0.0000000E+00   0.0000000E+00   0.0000000E+00   0.0000000E+00   0.0000000E+00   0.0000000E+00   0.0000000E+00   0.0000000E+00   0.0000000E+00   0.0000000E+00   0.0000000E+00   0.0000000E+00   0.0000000E+00   0.0000000E+00   0.0000000E+00   0.0000000E+00   0.0000000E+00   0.0000000E+00   0.0000000E+00   0.0000000E+00   0.0000000E+00   0.0000000E+00   0.0000000E+00   0.0000000E+00   0.0000000E+00   0.0000000E+00   0.0000000E+00   0.0000000E+00   0.0000000E+00   0.0000000E+00   0.0000000E+00   0.0000000E+00   0.0000000E+00   0.0000000E+00   0.0000000E+00   0.0000000E+00   0.0000000E+00   0.0000000E+00   0.0000000E+00   0.0000000E+00   0.0000000E+00   0.0000000E+00   0.0000000E+00   0.0000000E+00   0.0000000E+00   0.0000000E+00   0.0000000E+00   0.0000000E+00   0.0000000E+00   0.0000000E+00   0.0000000E+00   0.0000000E+00   0.0000000E+00   0.0000000E+00   0.0000000E+00   0.0000000E+00   0.0000000E+00   0.0000000E+00   0.0000000E+00   0.0000000E+00  -6.6460199E-03   0.0000000E+00   0.0000000E+00   0.0000000E+00  -1.9387814E-03  -3.4816316E-03  -4.2594899E-03  -2.9691292E-03  -2.4041403E-03  -2.7432335E-03  -4.1683394E-04  -1.0188017E-03  -8.6678425E-03  -1.2258047E-03  -1.5302143E-03  -7.2398590E-04  -1.3342419E-03  -7.1743233E-03  -3.1685720E-03  -3.2511884E-03  -3.4089792E-03  -1.3524544E-03  -7.0838761E-03  -3.8374532E-02  -4.1067085E+00  -2.1459995E-02  -7.5188448E-04  -1.2307435E-04  -4.1152594E-05   0.0000000E+00   0.0000000E+00   0.0000000E+00  -3.9541879E-05
   0.0000000E+00   0.0000000E+00   0.0000000E+00   0.0000000E+00   0.0000000E+00   0.0000000E+00   0.0000000E+00   0.0000000E+00   0.0000000E+00   0.0000000E+00   0.0000000E+00   0.0000000E+00   0.0000000E+00   0.0000000E+00   0.0000000E+00   0.0000000E+00   0.0000000E+00   0.0000000E+00   0.0000000E+00   0.0000000E+00   0.0000000E+00   0.0000000E+00   0.0000000E+00   0.0000000E+00   0.0000000E+00   0.0000000E+00   0.0000000E+00   0.0000000E+00   0.0000000E+00   0.0000000E+00   0.0000000E+00   0.0000000E+00   0.0000000E+00   0.0000000E+00   0.0000000E+00   0.0000000E+00   0.0000000E+00   0.0000000E+00   0.0000000E+00   0.0000000E+00   0.0000000E+00   0.0000000E+00   0.0000000E+00   0.0000000E+00   0.0000000E+00   0.0000000E+00   0.0000000E+00   0.0000000E+00   0.0000000E+00   0.0000000E+00   0.0000000E+00   0.0000000E+00   0.0000000E+00   0.0000000E+00   0.0000000E+00   0.0000000E+00   0.0000000E+00   0.0000000E+00   0.0000000E+00   0.0000000E+00   0.0000000E+00   0.0000000E+00   0.0000000E+00   0.0000000E+00   0.0000000E+00   0.0000000E+00   0.0000000E+00   0.0000000E+00   0.0000000E+00   0.0000000E+00   0.0000000E+00  -1.8038270E-03  -3.2571661E-03  -3.9871531E-03  -2.7915440E-03  -2.2994250E-03  -2.6030224E-03  -3.9771147E-04  -5.2914972E-04  -4.0933038E-03  -5.9770531E-04  -7.3251425E-04  -3.6080732E-04  -6.9049228E-04  -3.5216066E-03  -1.5781358E-03  -1.6306618E-03  -1.7080869E-03  -7.1819988E-04  -3.7659707E-03  -2.8368931E-02  -3.0490487E+00  -1.0603709E-02  -3.6371779E-04  -1.2100204E-04  -3.9684088E-05   0.0000000E+00   0.0000000E+00   0.0000000E+00  -3.9497874E-05
   0.0000000E+00   0.0000000E+00   0.0000000E+00   0.0000000E+00   0.0000000E+00   0.0000000E+00   0.0000000E+00   0.0000000E+00   0.0000000E+00   0.0000000E+00   0.0000000E+00   0.0000000E+00   0.0000000E+00   0.0000000E+00   0.0000000E+00   0.0000000E+00   0.0000000E+00   0.0000000E+00   0.0000000E+00   0.0000000E+00   0.0000000E+00   0.0000000E+00   0.0000000E+00   0.0000000E+00   0.0000000E+00   0.0000000E+00   0.0000000E+00   0.0000000E+00   0.0000000E+00   0.0000000E+00   0.0000000E+00   0.0000000E+00   0.0000000E+00   0.0000000E+00   0.0000000E+00   0.0000000E+00   0.0000000E+00   0.0000000E+00   0.0000000E+00   0.0000000E+00   0.0000000E+00   0.0000000E+00   0.0000000E+00   0.0000000E+00   0.0000000E+00   0.0000000E+00   0.0000000E+00   0.0000000E+00   0.0000000E+00   0.0000000E+00   0.0000000E+00   0.0000000E+00   0.0000000E+00   0.0000000E+00   0.0000000E+00   0.0000000E+00   0.0000000E+00   0.0000000E+00   0.0000000E+00   0.0000000E+00   0.0000000E+00   0.0000000E+00   0.0000000E+00   0.0000000E+00   0.0000000E+00   0.0000000E+00   0.0000000E+00   0.0000000E+00   0.0000000E+00   0.0000000E+00   0.0000000E+00   0.0000000E+00  -3.0484181E-03  -3.7340398E-03  -2.6267767E-03  -2.2007001E-03  -2.4690800E-03  -3.8093596E-04  -5.2785920E-04  -1.9336062E-03  -2.9121939E-04  -3.5088754E-04  -1.8005831E-04  -3.5616342E-04  -1.7284713E-03  -7.8596803E-04  -8.1765035E-04  -8.5543905E-04  -3.8115116E-04  -2.0272376E-03  -2.1081056E-02  -2.2765157E+00  -5.2379626E-03  -1.7754844E-04  -1.1864091E-04   0.0000000E+00   0.0000000E+00   0.0000000E+00   0.0000000E+00  -3.9453917E-05
   0.0000000E+00   0.0000000E+00   0.0000000E+00   0.0000000E+00   0.0000000E+00   0.0000000E+00   0.0000000E+00   0.0000000E+00   0.0000000E+00   0.0000000E+00   0.0000000E+00   0.0000000E+00   0.0000000E+00   0.0000000E+00   0.0000000E+00   0.0000000E+00   0.0000000E+00   0.0000000E+00   0.0000000E+00   0.0000000E+00   0.0000000E+00   0.0000000E+00   0.0000000E+00   0.0000000E+00   0.0000000E+00   0.0000000E+00   0.0000000E+00   0.0000000E+00   0.0000000E+00   0.0000000E+00   0.0000000E+00   0.0000000E+00   0.0000000E+00   0.0000000E+00   0.0000000E+00   0.0000000E+00   0.0000000E+00   0.0000000E+00   0.0000000E+00   0.0000000E+00   0.0000000E+00   0.0000000E+00   0.0000000E+00   0.0000000E+00   0.0000000E+00   0.0000000E+00   0.0000000E+00   0.0000000E+00   0.0000000E+00   0.0000000E+00   0.0000000E+00   0.0000000E+00   0.0000000E+00   0.0000000E+00   0.0000000E+00   0.0000000E+00   0.0000000E+00   0.0000000E+00   0.0000000E+00   0.0000000E+00   0.0000000E+00   0.0000000E+00   0.0000000E+00   0.0000000E+00   0.0000000E+00   0.0000000E+00   0.0000000E+00   0.0000000E+00   0.0000000E+00   0.0000000E+00   0.0000000E+00   0.0000000E+00  -2.8660533E-03  -3.4988585E-03  -2.4738740E-03  -2.1073543E-03  -2.3415308E-03  -3.6558163E-04  -5.1220274E-04  -9.1369741E-04  -1.4180155E-04  -1.6821640E-04  -8.9971407E-05  -1.8318709E-04  -8.4839994E-04  -3.9148281E-04  -4.0992815E-04  -4.2831970E-04  -2.0242961E-04  -1.1101874E-03  -1.5747732E-02  -1.7097050E+00  -2.5867729E-03  -8.8065244E-05  -1.1537399E-04   0.0000000E+00   0.0000000E+00   0.0000000E+00   0.0000000E+00  -3.9410003E-05
   0.0000000E+00   0.0000000E+00   0.0000000E+00   0.0000000E+00   0.0000000E+00   0.0000000E+00   0.0000000E+00   0.0000000E+00   0.0000000E+00   0.0000000E+00   0.0000000E+00   0.0000000E+00   0.0000000E+00   0.0000000E+00   0.0000000E+00   0.0000000E+00   0.0000000E+00   0.0000000E+00   0.0000000E+00   0.0000000E+00   0.0000000E+00   0.0000000E+00   0.0000000E+00   0.0000000E+00   0.0000000E+00   0.0000000E+00   0.0000000E+00   0.0000000E+00   0.0000000E+00   0.0000000E+00   0.0000000E+00   0.0000000E+00   0.0000000E+00   0.0000000E+00   0.0000000E+00   0.0000000E+00   0.0000000E+00   0.0000000E+00   0.0000000E+00   0.0000000E+00   0.0000000E+00   0.0000000E+00   0.0000000E+00   0.0000000E+00   0.0000000E+00   0.0000000E+00   0.0000000E+00   0.0000000E+00   0.0000000E+00   0.0000000E+00   0.0000000E+00   0.0000000E+00   0.0000000E+00   0.0000000E+00   0.0000000E+00   0.0000000E+00   0.0000000E+00   0.0000000E+00   0.0000000E+00   0.0000000E+00   0.0000000E+00   0.0000000E+00   0.0000000E+00   0.0000000E+00   0.0000000E+00   0.0000000E+00   0.0000000E+00   0.0000000E+00   0.0000000E+00   0.0000000E+00   0.0000000E+00   0.0000000E+00   0.0000000E+00  -3.2804587E-03  -2.3364055E-03  -2.0149557E-03  -2.2203445E-03  -3.5127418E-04  -4.9764797E-04  -8.7636738E-04  -1.3941930E-04  -1.6244641E-04  -8.7694636E-05  -9.3985094E-05  -4.1648446E-04  -1.9503756E-04  -2.0550616E-04  -2.1445967E-04  -1.0776833E-04  -6.2189397E-04  -1.1827056E-02  -1.2916687E+00  -1.2783320E-03  -8.7611705E-05  -1.1224117E-04   0.0000000E+00   0.0000000E+00   0.0000000E+00   0.0000000E+00  -3.9366132E-05
   0.0000000E+00   0.0000000E+00   0.0000000E+00   0.0000000E+00   0.0000000E+00   0.0000000E+00   0.0000000E+00   0.0000000E+00   0.0000000E+00   0.0000000E+00   0.0000000E+00   0.0000000E+00   0.0000000E+00   0.0000000E+00   0.0000000E+00   0.0000000E+00   0.0000000E+00   0.0000000E+00   0.0000000E+00   0.0000000E+00   0.0000000E+00   0.0000000E+00   0.0000000E+00   0.0000000E+00   0.0000000E+00   0.0000000E+00   0.0000000E+00   0.0000000E+00   0.0000000E+00   0.0000000E+00   0.0000000E+00   0.0000000E+00   0.0000000E+00   0.0000000E+00   0.0000000E+00   0.0000000E+00   0.0000000E+00   0.0000000E+00   0.0000000E+00   0.0000000E+00   0.0000000E+00   0.0000000E+00   0.0000000E+00   0.0000000E+00   0.0000000E+00   0.0000000E+00   0.0000000E+00   0.0000000E+00   0.0000000E+00   0.0000000E+00   0.0000000E+00   0.0000000E+00   0.0000000E+00   0.0000000E+00   0.0000000E+00   0.0000000E+00   0.0000000E+00   0.0000000E+00   0.0000000E+00   0.0000000E+00   0.0000000E+00   0.0000000E+00   0.0000000E+00   0.0000000E+00   0.0000000E+00   0.0000000E+00   0.0000000E+00   0.0000000E+00   0.0000000E+00   0.0000000E+00   0.0000000E+00   0.0000000E+00   0.0000000E+00  -3.0776525E-03  -2.2085090E-03  -1.9273749E-03  -2.1054058E-03  -3.3794716E-04  -4.8407610E-04  -8.4055972E-04  -1.3695440E-04  -1.5685186E-04  -8.5608895E-05  -9.3412258E-05  -2.0449828E-04  -9.7198412E-05  -1.0302724E-04  -1.0740432E-04  -5.7628218E-05  -3.5841283E-04  -8.9315148E-03  -9.8164225E-01  -6.3264772E-04  -8.7102308E-05  -1.0923409E-04   0.0000000E+00   0.0000000E+00   0.0000000E+00   0.0000000E+00  -3.9322309E-05
   0.0000000E+00   0.0000000E+00   0.0000000E+00   0.0000000E+00   0.0000000E+00   0.0000000E+00   0.0000000E+00   0.0000000E+00   0.0000000E+00   0.0000000E+00   0.0000000E+00   0.0000000E+00   0.0000000E+00   0.0000000E+00   0.0000000E+00   0.0000000E+00   0.0000000E+00   0.0000000E+00   0.0000000E+00   0.0000000E+00   0.0000000E+00   0.0000000E+00   0.0000000E+00   0.0000000E+00   0.0000000E+00   0.0000000E+00   0.0000000E+00   0.0000000E+00   0.0000000E+00   0.0000000E+00   0.0000000E+00   0.0000000E+00   0.0000000E+00   0.0000000E+00   0.0000000E+00   0.0000000E+00   0.0000000E+00   0.0000000E+00   0.0000000E+00   0.0000000E+00   0.0000000E+00   0.0000000E+00   0.0000000E+00   0.0000000E+00   0.0000000E+00   0.0000000E+00   0.0000000E+00   0.0000000E+00   0.0000000E+00   0.0000000E+00   0.0000000E+00   0.0000000E+00   0.0000000E+00   0.0000000E+00   0.0000000E+00   0.0000000E+00   0.0000000E+00   0.0000000E+00   0.0000000E+00   0.0000000E+00   0.0000000E+00   0.0000000E+00   0.0000000E+00   0.0000000E+00   0.0000000E+00   0.0000000E+00   0.0000000E+00   0.0000000E+00   0.0000000E+00   0.0000000E+00   0.0000000E+00   0.0000000E+00   0.0000000E+00  -2.8892935E-03  -2.0894373E-03  -1.8442308E-03  -1.9965461E-03  -3.2553749E-04  -4.7137518E-04  -8.0621953E-04  -1.3441764E-04  -1.5145201E-04  -8.3623854E-05  -9.1375157E-05  -1.0043825E-04  -4.8457798E-05  -5.1655967E-05  -5.3815485E-05  -3.1032945E-05  -2.1367354E-04  -6.7827492E-03  -7.5040591E-01  -3.1404247E-04  -8.6543878E-05  -1.0634514E-04   0.0000000E+00   0.0000000E+00   0.0000000E+00   0.0000000E+00  -3.9278533E-05
   0.0000000E+00   0.0000000E+00   0.0000000E+00   0.0000000E+00   0.0000000E+00   0.0000000E+00   0.0000000E+00   0.0000000E+00   0.0000000E+00   0.0000000E+00   0.0000000E+00   0.0000000E+00   0.0000000E+00   0.0000000E+00   0.0000000E+00   0.0000000E+00   0.0000000E+00   0.0000000E+00   0.0000000E+00   0.0000000E+00   0.0000000E+00   0.0000000E+00   0.0000000E+00   0.0000000E+00   0.0000000E+00   0.0000000E+00   0.0000000E+00   0.0000000E+00   0.0000000E+00   0.0000000E+00   0.0000000E+00   0.0000000E+00   0.0000000E+00   0.0000000E+00   0.0000000E+00   0.0000000E+00   0.0000000E+00   0.0000000E+00   0.0000000E+00   0.0000000E+00   0.0000000E+00   0.0000000E+00   0.0000000E+00   0.0000000E+00   0.0000000E+00   0.0000000E+00   0.0000000E+00   0.0000000E+00   0.0000000E+00   0.0000000E+00   0.0000000E+00   0.0000000E+00   0.0000000E+00   0.0000000E+00   0.0000000E+00   0.0000000E+00   0.0000000E+00   0.0000000E+00   0.0000000E+00   0.0000000E+00   0.0000000E+00   0.0000000E+00   0.0000000E+00   0.0000000E+00   0.0000000E+00   0.0000000E+00   0.0000000E+00   0.0000000E+00   0.0000000E+00   0.0000000E+00   0.0000000E+00   0.0000000E+00   0.0000000E+00  -2.7000727E-03  -1.9910655E-03  -1.7651987E-03  -1.8935595E-03  -3.1398516E-04  -4.5944084E-04  -7.7329163E-04  -1.3182234E-04  -1.4625493E-04  -8.1708320E-05  -8.9446330E-05  -9.8810160E-05  -4.7883939E-05  -2.5903870E-05  -2.6985821E-05  -1.6883474E-05  -1.3230662E-04  -5.1801540E-03  -5.7694811E-01  -3.1265168E-04  -8.5942389E-05  -1.0356732E-04   0.0000000E+00   0.0000000E+00   0.0000000E+00   0.0000000E+00  -3.9234801E-05
   0.0000000E+00   0.0000000E+00   0.0000000E+00   0.0000000E+00   0.0000000E+00   0.0000000E+00   0.0000000E+00   0.0000000E+00   0.0000000E+00   0.0000000E+00   0.0000000E+00   0.0000000E+00   0.0000000E+00   0.0000000E+00   0.0000000E+00   0.0000000E+00   0.0000000E+00   0.0000000E+00   0.0000000E+00   0.0000000E+00   0.0000000E+00   0.0000000E+00   0.0000000E+00   0.0000000E+00   0.0000000E+00   0.0000000E+00   0.0000000E+00   0.0000000E+00   0.0000000E+00   0.0000000E+00   0.0000000E+00   0.0000000E+00   0.0000000E+00   0.0000000E+00   0.0000000E+00   0.0000000E+00   0.0000000E+00   0.0000000E+00   0.0000000E+00   0.0000000E+00   0.0000000E+00   0.0000000E+00   0.0000000E+00   0.0000000E+00   0.0000000E+00   0.0000000E+00   0.0000000E+00   0.0000000E+00   0.0000000E+00   0.0000000E+00   0.0000000E+00   0.0000000E+00   0.0000000E+00   0.0000000E+00   0.0000000E+00   0.0000000E+00   0.0000000E+00   0.0000000E+00   0.0000000E+00   0.0000000E+00   0.0000000E+00   0.0000000E+00   0.0000000E+00   0.0000000E+00   0.0000000E+00   0.0000000E+00   0.0000000E+00   0.0000000E+00   0.0000000E+00   0.0000000E+00   0.0000000E+00   0.0000000E+00   0.0000000E+00  -2.5157549E-03   0.0000000E+00  -1.6899998E-03  -1.7942801E-03  -3.0481748E-04  -4.4817690E-04  -7.4172264E-04  -1.2918258E-04  -1.4126327E-04  -7.9862191E-05  -8.7619446E-05  -9.7215699E-05  -4.7330566E-05  -2.5713238E-05  -1.3548076E-05  -9.3173730E-06  -8.5244123E-05  -3.9786953E-03  -4.4608766E-01  -3.1105109E-04  -8.5303116E-05  -1.0089423E-04   0.0000000E+00   0.0000000E+00   0.0000000E+00   0.0000000E+00  -3.9191116E-05
   0.0000000E+00   0.0000000E+00   0.0000000E+00   0.0000000E+00   0.0000000E+00   0.0000000E+00   0.0000000E+00   0.0000000E+00   0.0000000E+00   0.0000000E+00   0.0000000E+00   0.0000000E+00   0.0000000E+00   0.0000000E+00   0.0000000E+00   0.0000000E+00   0.0000000E+00   0.0000000E+00   0.0000000E+00   0.0000000E+00   0.0000000E+00   0.0000000E+00   0.0000000E+00   0.0000000E+00   0.0000000E+00   0.0000000E+00   0.0000000E+00   0.0000000E+00   0.0000000E+00   0.0000000E+00   0.0000000E+00   0.0000000E+00   0.0000000E+00   0.0000000E+00   0.0000000E+00   0.0000000E+00   0.0000000E+00   0.0000000E+00   0.0000000E+00   0.0000000E+00   0.0000000E+00   0.0000000E+00   0.0000000E+00   0.0000000E+00   0.0000000E+00   0.0000000E+00   0.0000000E+00   0.0000000E+00   0.0000000E+00   0.0000000E+00   0.0000000E+00   0.0000000E+00   0.0000000E+00   0.0000000E+00   0.0000000E+00   0.0000000E+00   0.0000000E+00   0.0000000E+00   0.0000000E+00   0.0000000E+00   0.0000000E+00   0.0000000E+00   0.0000000E+00   0.0000000E+00   0.0000000E+00   0.0000000E+00   0.0000000E+00   0.0000000E+00   0.0000000E+00   0.0000000E+00   0.0000000E+00   0.0000000E+00   0.0000000E+00   0.0000000E+00   0.0000000E+00  -1.6179959E-03  -1.6992587E-03   0.0000000E+00  -4.3749600E-04  -7.1146130E-04  -1.2651224E-04  -1.3647653E-04  -7.8084726E-05  -8.5887805E-05  -9.5656644E-05  -4.6788587E-05  -2.5536912E-05  -1.3622795E-05  -9.8645496E-06  -5.7100788E-05  -3.0731708E-03  -3.4680808E-01  -3.0926167E-04  -8.4630708E-05  -9.8319979E-05   0.0000000E+00   0.0000000E+00   0.0000000E+00   0.0000000E+00  -3.9147475E-05
   0.0000000E+00   0.0000000E+00   0.0000000E+00   0.0000000E+00   0.0000000E+00   0.0000000E+00   0.0000000E+00   0.0000000E+00   0.0000000E+00   0.0000000E+00   0.0000000E+00   0.0000000E+00   0.0000000E+00   0.0000000E+00   0.0000000E+00   0.0000000E+00   0.0000000E+00   0.0000000E+00   0.0000000E+00   0.0000000E+00   0.0000000E+00   0.0000000E+00   0.0000000E+00   0.0000000E+00   0.0000000E+00   0.0000000E+00   0.0000000E+00   0.0000000E+00   0.0000000E+00   0.0000000E+00   0.0000000E+00   0.0000000E+00   0.0000000E+00   0.0000000E+00   0.0000000E+00   0.0000000E+00   0.0000000E+00   0.0000000E+00   0.0000000E+00   0.0000000E+00   0.0000000E+00   0.0000000E+00   0.0000000E+00   0.0000000E+00   0.0000000E+00   0.0000000E+00   0.0000000E+00   0.0000000E+00   0.0000000E+00   0.0000000E+00   0.0000000E+00   0.0000000E+00   0.0000000E+00   0.0000000E+00   0.0000000E+00   0.0000000E+00   0.0000000E+00   0.0000000E+00   0.0000000E+00   0.0000000E+00   0.0000000E+00   0.0000000E+00   0.0000000E+00   0.0000000E+00   0.0000000E+00   0.0000000E+00   0.0000000E+00   0.0000000E+00   0.0000000E+00   0.0000000E+00   0.0000000E+00   0.0000000E+00   0.0000000E+00   0.0000000E+00   0.0000000E+00  -1.5490770E-03  -1.6045219E-03   0.0000000E+00  -4.2731964E-04  -6.8245857E-04  -1.2382450E-04  -1.3189188E-04  -7.6374672E-05  -8.4245010E-05  -9.4133749E-05  -4.6260073E-05  -2.5374613E-05  -1.3699459E-05  -1.0213811E-05  -3.9640930E-05  -2.3870058E-03  -2.7107227E-01  -3.0730254E-04  -8.3929277E-05  -9.5839132E-05   0.0000000E+00   0.0000000E+00   0.0000000E+00   0.0000000E+00  -3.9103877E-05
   0.0000000E+00   0.0000000E+00   0.0000000E+00   0.0000000E+00   0.0000000E+00   0.0000000E+00   0.0000000E+00   0.0000000E+00   0.0000000E+00   0.0000000E+00   0.0000000E+00   0.0000000E+00   0.0000000E+00   0.0000000E+00   0.0000000E+00   0.0000000E+00   0.0000000E+00   0.0000000E+00   0.0000000E+00   0.0000000E+00   0.0000000E+00   0.0000000E+00   0.0000000E+00   0.0000000E+00   0.0000000E+00   0.0000000E+00   0.0000000E+00   0.0000000E+00   0.0000000E+00   0.0000000E+00   0.0000000E+00   0.0000000E+00   0.0000000E+00   0.0000000E+00   0.0000000E+00   0.0000000E+00   0.0000000E+00   0.0000000E+00   0.0000000E+00   0.0000000E+00   0.0000000E+00   0.0000000E+00   0.0000000E+00   0.0000000E+00   0.0000000E+00   0.0000000E+00   0.0000000E+00   0.0000000E+00   0.0000000E+00   0.0000000E+00   0.0000000E+00   0.0000000E+00   0.0000000E+00   0.0000000E+00   0.0000000E+00   0.0000000E+00   0.0000000E+00   0.0000000E+00   0.0000000E+00   0.0000000E+00   0.0000000E+00   0.0000000E+00   0.0000000E+00   0.0000000E+00   0.0000000E+00   0.0000000E+00   0.0000000E+00   0.0000000E+00   0.0000000E+00   0.0000000E+00   0.0000000E+00   0.0000000E+00   0.0000000E+00   0.0000000E+00   0.0000000E+00  -1.4827780E-03  -1.5159786E-03   0.0000000E+00  -4.1757815E-04  -6.5466797E-04  -1.2113148E-04  -1.2750484E-04  -7.4730458E-05  -8.2685045E-05  -9.2647475E-05  -4.5746565E-05  -2.5224510E-05  -1.3772317E-05  -1.0442520E-05  -2.8389084E-05  -1.8642456E-03  -2.1298498E-01  -3.0517613E-04  -8.1734142E-05   0.0000000E+00   0.0000000E+00   0.0000000E+00   0.0000000E+00   0.0000000E+00  -3.9060327E-05
   0.0000000E+00   0.0000000E+00   0.0000000E+00   0.0000000E+00   0.0000000E+00   0.0000000E+00   0.0000000E+00   0.0000000E+00   0.0000000E+00   0.0000000E+00   0.0000000E+00   0.0000000E+00   0.0000000E+00   0.0000000E+00   0.0000000E+00   0.0000000E+00   0.0000000E+00   0.0000000E+00   0.0000000E+00   0.0000000E+00   0.0000000E+00   0.0000000E+00   0.0000000E+00   0.0000000E+00   0.0000000E+00   0.0000000E+00   0.0000000E+00   0.0000000E+00   0.0000000E+00   0.0000000E+00   0.0000000E+00   0.0000000E+00   0.0000000E+00   0.0000000E+00   0.0000000E+00   0.0000000E+00   0.0000000E+00   0.0000000E+00   0.0000000E+00   0.0000000E+00   0.0000000E+00   0.0000000E+00   0.0000000E+00   0.0000000E+00   0.0000000E+00   0.0000000E+00   0.0000000E+00   0.0000000E+00   0.0000000E+00   0.0000000E+00   0.0000000E+00   0.0000000E+00   0.0000000E+00   0.0000000E+00   0.0000000E+00   0.0000000E+00   0.0000000E+00   0.0000000E+00   0.0000000E+00   0.0000000E+00   0.0000000E+00   0.0000000E+00   0.0000000E+00   0.0000000E+00   0.0000000E+00   0.0000000E+00   0.0000000E+00   0.0000000E+00   0.0000000E+00   0.0000000E+00   0.0000000E+00   0.0000000E+00   0.0000000E+00   0.0000000E+00   0.0000000E+00  -1.4222863E-03  -1.4331772E-03   0.0000000E+00  -4.0821097E-04  -6.2804460E-04  -1.1844408E-04  -1.2330980E-04  -7.3150266E-05  -8.1202277E-05  -9.1198082E-05  -4.5249009E-05  -2.5084351E-05  -1.3842489E-05  -1.0831122E-05  -3.9749346E-05  -1.0943923E-03  -5.1511480E-03  -3.0286011E-04  -7.9285113E-05   0.0000000E+00   0.0000000E+00   0.0000000E+00   0.0000000E+00   0.0000000E+00  -3.9016821E-05
