   0.0000000E+00   0.0000000E+00   0.0000000E+00   0.0000000E+00   0.0000000E+00   0.0000000E+00   0.0000000E+00   0.0000000E+00   0.0000000E+00   0.0000000E+00   0.0000000E+00   0.0000000E+00   0.0000000E+00   0.0000000E+00   0.0000000E+00   0.0000000E+00   0.0000000E+00   0.0000000E+00   0.0000000E+00   0.0000000E+00   0.0000000E+00   0.0000000E+00   0.0000000E+00   0.0000000E+00   0.0000000E+00   0.0000000E+00   0.0000000E+00   0.0000000E+00   0.0000000E+00   0.0000000E+00   0.0000000E+00   0.0000000E+00   0.0000000E+00   0.0000000E+00   0.0000000E+00   0.0000000E+00   0.0000000E+00   0.0000000E+00   0.0000000E+00   0.0000000E+00   0.0000000E+00   0.0000000E+00   0.0000000E+00   0.0000000E+00   0.0000000E+00   0.0000000E+00   0.0000000E+00   0.0000000E+00   0.0000000E+00   0.0000000E+00   0.0000000E+00   0.0000000E+00   0.0000000E+00   0.0000000E+00   0.0000000E+00   0.0000000E+00   0.0000000E+00   0.0000000E+00   0.0000000E+00   0.0000000E+00   0.0000000E+00   0.0000000E+00   0.0000000E+00   0.0000000E+00   0.0000000E+00   0.0000000E+00   0.0000000E+00   0.0000000E+00   0.0000000E+00   0.0000000E+00   0.0000000E+00   0.0000000E+00   0.0000000E+00   0.0000000E+00   0.0000000E+00   0.0000000E+00   0.0000000E+00   0.0000000E+00   0.0000000E+00   0.0000000E+00   0.0000000E+00   0.0000000E+00   0.0000000E+00   0.0000000E+00   0.0000000E+00   0.0000000E+00   0.0000000E+00   0.0000000E+00   0.0000000E+00   0.0000000E+00   0.0000000E+00   0.0000000E+00   0.0000000E+00   0.0000000E+00   0.0000000E+00   0.0000000E+00   0.0000000E+00   0.0000000E+00   0.0000000E+00   0.0000000E+00
   0.0000000E+00   0.0000000E+00   0.0000000E+00   0.0000000E+00   0.0000000E+00   0.0000000E+00   0.0000000E+00   0.0000000E+00   0.0000000E+00   0.0000000E+00   0.0000000E+00   0.0000000E+00   0.0000000E+00   0.0000000E+00   0.0000000E+00   0.0000000E+00   0.0000000E+00   0.0000000E+00   0.0000000E+00   0.0000000E+00   0.0000000E+00   0.0000000E+00   0.0000000E+00   0.0000000E+00   0.0000000E+00   0.0000000E+00   0.0000000E+00   0.0000000E+00   0.0000000E+00   0.0000000E+00   0.0000000E+00   0.0000000E+00   0.0000000E+00   0.0000000E+00   0.0000000E+00   0.0000000E+00   0.0000000E+00   0.0000000E+00   0.0000000E+00   0.0000000E+00   0.0000000E+00   0.0000000E+00   0.0000000E+00   0.0000000E+00   0.0000000E+00   0.0000000E+00   0.0000000E+00   0.0000000E+00   0.0000000E+00   0.0000000E+00   0.0000000E+00   0.0000000E+00   0.0000000E+00   0.0000000E+00   0.0000000E+00   0.0000000E+00   0.0000000E+00   0.0000000E+00   0.0000000E+00   0.0000000E+00   0.0000000E+00   0.0000000E+00   0.0000000E+00   0.0000000E+00   0.0000000E+00   0.0000000E+00   0.0000000E+00   0.0000000E+00   0.0000000E+00   0.0000000E+00   0.0000000E+00   0.0000000E+00   0.0000000E+00   0.0000000E+00   0.0000000E+00   0.0000000E+00   0.0000000E+00   0.0000000E+00   0.0000000E+00   0.0000000E+00   0.0000000E+00   0.0000000E+00   0.0000000E+00   0.0000000E+00   0.0000000E+00   0.0000000E+00   0.0000000E+00   0.0000000E+00   0.0000000E+00   0.0000000E+00   0.0000000E+00   0.0000000E+00   0.0000000E+00   0.0000000E+00   0.0000000E+00   0.0000000E+00   0.0000000E+00   0.0000000E+00   0.0000000E+00   0.0000000E+00
   0.0000000E+00   0.0000000E+00   0.0000000E+00   0.0000000E+00   0.0000000E+00   0.0000000E+00   0.0000000E+00   0.0000000E+00   0.0000000E+00   0.0000000E+00   0.0000000E+00   0.0000000E+00   0.0000000E+00   0.0000000E+00   0.0000000E+00   0.0000000E+00   0.0000000E+00   0.0000000E+00   0.0000000E+00   0.0000000E+00   0.0000000E+00   0.0000000E+00   0.0000000E+00   0.0000000E+00   0.0000000E+00   0.0000000E+00   0.0000000E+00   0.0000000E+00   0.0000000E+00   0.0000000E+00   0.0000000E+00   0.0000000E+00   0.0000000E+00   0.0000000E+00   0.0000000E+00   0.0000000E+00   0.0000000E+00   0.0000000E+00   0.0000000E+00   0.0000000E+00   0.0000000E+00   0.0000000E+00   0.0000000E+00   0.0000000E+00   0.0000000E+00   0.0000000E+00   0.0000000E+00   0.0000000E+00   0.0000000E+00   0.0000000E+00   0.0000000E+00   0.0000000E+00   0.0000000E+00   0.0000000E+00   0.0000000E+00   0.0000000E+00   0.0000000E+00   0.0000000E+00   0.0000000E+00   0.0000000E+00   0.0000000E+00   0.0000000E+00   0.0000000E+00   0.0000000E+00   0.0000000E+00   0.0000000E+00   0.0000000E+00   0.0000000E+00   0.0000000E+00   0.0000000E+00   0.0000000E+00   0.0000000E+00   0.0000000E+00   0.0000000E+00   0.0000000E+00   0.0000000E+00   0.0000000E+00   0.0000000E+00   0.0000000E+00   0.0000000E+00   0.0000000E+00   0.0000000E+00   0.0000000E+00   0.0000000E+00   0.0000000E+00   0.0000000E+00   0.0000000E+00   0.0000000E+00   0.0000000E+00   0.0000000E+00   0.0000000E+00   0.0000000E+00   0.0000000E+00   0.0000000E+00   0.0000000E+00   0.0000000E+00   0.0000000E+00   0.0000000E+00   0.0000000E+00   0.0000000E+00
   0.0000000E+00   0.0000000E+00   0.0000000E+00   0.0000000E+00   0.0000000E+00   0.0000000E+00   0.0000000E+00   0.0000000E+00   0.0000000E+00   0.0000000E+00   0.0000000E+00   0.0000000E+00   0.0000000E+00   0.0000000E+00   0.0000000E+00   0.0000000E+00   0.0000000E+00   0.0000000E+00   0.0000000E+00   0.0000000E+00   0.0000000E+00   0.0000000E+00   0.0000000E+00   0.0000000E+00   0.0000000E+00   0.0000000E+00   0.0000000E+00   0.0000000E+00   0.0000000E+00   0.0000000E+00   0.0000000E+00   0.0000000E+00   0.0000000E+00   0.0000000E+00   0.0000000E+00   0.0000000E+00   0.0000000E+00   0.0000000E+00   0.0000000E+00   0.0000000E+00   0.0000000E+00   0.0000000E+00   0.0000000E+00   0.0000000E+00   0.0000000E+00   0.0000000E+00   0.0000000E+00   0.0000000E+00   0.0000000E+00   0.0000000E+00   0.0000000E+00   0.0000000E+00   0.0000000E+00   0.0000000E+00   0.0000000E+00   0.0000000E+00   0.0000000E+00   0.0000000E+00   0.0000000E+00   0.0000000E+00   0.0000000E+00   0.0000000E+00   0.0000000E+00   0.0000000E+00   0.0000000E+00   0.0000000E+00   0.0000000E+00   0.0000000E+00   0.0000000E+00   0.0000000E+00   0.0000000E+00   0.0000000E+00   0.0000000E+00   0.0000000E+00   0.0000000E+00   0.0000000E+00   0.0000000E+00   0.0000000E+00   0.0000000E+00   0.0000000E+00   0.0000000E+00   0.0000000E+00   0.0000000E+00   0.0000000E+00   0.0000000E+00   0.0000000E+00   0.0000000E+00   0.0000000E+00   1.6795063E-02   8.2251799E-01   3.2158861E+00   5.9959038E+01   4.1490737E+03   4.8968882E+03   2.7321287E+03   2.7237756E+03   3.5285300E+03   3.5742456E+03  -2.2671094E+04   0.0000000E+00
   0.0000000E+00   0.0000000E+00   0.0000000E+00   0.0000000E+00   0.0000000E+00   0.0000000E+00   0.0000000E+00   0.0000000E+00   0.0000000E+00   0.0000000E+00   0.0000000E+00   0.0000000E+00   0.0000000E+00   0.0000000E+00   0.0000000E+00   0.0000000E+00   0.0000000E+00   0.0000000E+00   0.0000000E+00   0.0000000E+00   0.0000000E+00   0.0000000E+00   0.0000000E+00   0.0000000E+00   0.0000000E+00   0.0000000E+00   0.0000000E+00   0.0000000E+00   0.0000000E+00   0.0000000E+00   0.0000000E+00   0.0000000E+00   0.0000000E+00   0.0000000E+00   0.0000000E+00   0.0000000E+00   0.0000000E+00   0.0000000E+00   0.0000000E+00   0.0000000E+00   0.0000000E+00   0.0000000E+00   0.0000000E+00   0.0000000E+00   0.0000000E+00   0.0000000E+00   0.0000000E+00   0.0000000E+00   0.0000000E+00   0.0000000E+00   0.0000000E+00   0.0000000E+00   9.8799786E-04   2.4663185E-04   3.1090810E-04   4.2607079E-04   6.1327294E-03   2.1642363E-03   2.7290185E-03   3.4384974E-03   4.3295925E-03   5.4486408E-03   6.8537896E-03   8.6179776E-03   1.0832663E-02   1.3612434E-02   1.7100738E-02   2.1476915E-02   2.6964830E-02   3.3843346E-02   4.2458899E-02   5.3240404E-02   6.6716537E-02   8.3535194E-02   1.0448432E-01   1.3051234E-01   1.6274437E-01   2.0248710E-01   2.5120822E-01   3.1046325E-01   3.8171646E-01   4.6594599E-01   5.6280440E-01   6.6887677E-01   7.8238922E-01  -1.2228812E+00  -4.9699187E-01   5.5808216E-01   4.1852179E-01   9.9414217E-01   2.2556238E+01   4.6926819E+02   7.8495869E+03   8.2028027E+03   1.1466694E+03   4.0956240E+03   5.2461030E+03   4.5073813E+03  -3.3103066E+04   0.0000000E+00
   0.0000000E+00   0.0000000E+00   0.0000000E+00   0.0000000E+00   0.0000000E+00   0.0000000E+00   0.0000000E+00   0.0000000E+00   0.0000000E+00   0.0000000E+00   0.0000000E+00   0.0000000E+00   0.0000000E+00   0.0000000E+00   0.0000000E+00   0.0000000E+00   0.0000000E+00   0.0000000E+00   0.0000000E+00   0.0000000E+00   0.0000000E+00   0.0000000E+00   0.0000000E+00   0.0000000E+00   0.0000000E+00   0.0000000E+00   0.0000000E+00   0.0000000E+00   0.0000000E+00   0.0000000E+00   0.0000000E+00   0.0000000E+00   0.0000000E+00   0.0000000E+00   0.0000000E+00   0.0000000E+00   0.0000000E+00   0.0000000E+00   0.0000000E+00   0.0000000E+00   0.0000000E+00   0.0000000E+00   0.0000000E+00   0.0000000E+00   0.0000000E+00   0.0000000E+00   0.0000000E+00   0.0000000E+00   0.0000000E+00   0.0000000E+00   1.0724468E-03   6.4455303E-03   4.7557442E-03   3.2728743E-03   4.1237930E-03   5.2342555E-03   9.8890914E-03   9.2302142E-03   1.1593734E-02   1.4549001E-02   1.8242879E-02   2.2858588E-02   2.8624682E-02   3.5826221E-02   4.4818617E-02   5.6044843E-02   7.0056550E-02   8.7540478E-02   1.0935004E-01   1.3654464E-01   1.7043658E-01   2.1264701E-01   2.6517165E-01   3.3045551E-01   4.1147441E-01   5.1181674E-01   6.3575065E-01   7.8824735E-01   9.7489530E-01   1.2015791E+00   1.4736485E+00   1.7940066E+00   2.1588836E+00   2.5490873E+00   2.9346285E+00   3.1802897E+00   3.3311925E+00   2.3271484E+00  -5.0432366E-01  -2.4341958E+00   6.4283905E+01   1.6409598E+03   1.0926271E+04   9.2121934E+03  -1.2922853E+03   4.7858037E+03   6.0448516E+03   4.3328086E+03  -3.7628246E+04   0.0000000E+00
   0.0000000E+00   0.0000000E+00   0.0000000E+00   0.0000000E+00   0.0000000E+00   0.0000000E+00   0.0000000E+00   0.0000000E+00   0.0000000E+00   0.0000000E+00   0.0000000E+00   0.0000000E+00   0.0000000E+00   0.0000000E+00   0.0000000E+00   0.0000000E+00   0.0000000E+00   0.0000000E+00   0.0000000E+00   0.0000000E+00   0.0000000E+00   0.0000000E+00   0.0000000E+00   0.0000000E+00   0.0000000E+00   0.0000000E+00   0.0000000E+00   0.0000000E+00   0.0000000E+00   0.0000000E+00   0.0000000E+00   0.0000000E+00   0.0000000E+00   0.0000000E+00   0.0000000E+00   0.0000000E+00   0.0000000E+00   0.0000000E+00   0.0000000E+00   0.0000000E+00   0.0000000E+00   0.0000000E+00   0.0000000E+00   0.0000000E+00   0.0000000E+00   0.0000000E+00   0.0000000E+00   0.0000000E+00   0.0000000E+00   0.0000000E+00   1.1288066E-02   1.4958585E-02   1.0503675E-02   1.0064621E-02   1.2708684E-02   1.6190566E-02   2.5664996E-02   2.7145581E-02   3.4079406E-02   4.2706996E-02   5.3426187E-02   6.6725507E-02   8.3204783E-02   1.0360080E-01   1.2881903E-01   1.5997347E-01   1.9843508E-01   2.4589416E-01   3.0443376E-01   3.7662330E-01   4.6562961E-01   5.7535064E-01   7.1057183E-01   8.7714261E-01   1.0821673E+00   1.3341863E+00   1.6433073E+00   2.0211873E+00   2.4806671E+00   3.0346429E+00   3.6932895E+00   4.4577799E+00   5.3065996E+00   6.1675706E+00   6.8854866E+00   7.0557280E+00   6.2848458E+00   2.6088974E+00  -4.5886369E+00  -4.3754272E+00   1.6969321E+02   2.9203098E+03   1.3658238E+04   9.0846689E+03  -3.9001545E+03   5.1323760E+03   6.3792134E+03   3.7129951E+03  -3.9311633E+04   0.0000000E+00
   0.0000000E+00   0.0000000E+00   0.0000000E+00   0.0000000E+00   0.0000000E+00   0.0000000E+00   0.0000000E+00   0.0000000E+00   0.0000000E+00   0.0000000E+00   0.0000000E+00   0.0000000E+00   0.0000000E+00   0.0000000E+00   0.0000000E+00   0.0000000E+00   0.0000000E+00   0.0000000E+00   0.0000000E+00   0.0000000E+00   0.0000000E+00   0.0000000E+00   0.0000000E+00   0.0000000E+00   0.0000000E+00   0.0000000E+00   0.0000000E+00   0.0000000E+00   0.0000000E+00   0.0000000E+00   0.0000000E+00   0.0000000E+00   0.0000000E+00   0.0000000E+00   0.0000000E+00   0.0000000E+00   0.0000000E+00   0.0000000E+00   0.0000000E+00   0.0000000E+00   0.0000000E+00   0.0000000E+00   0.0000000E+00   0.0000000E+00   0.0000000E+00   0.0000000E+00   0.0000000E+00   0.0000000E+00   0.0000000E+00   0.0000000E+00   3.0878959E-02   4.3766610E-02   2.7830917E-02   3.2918617E-02   3.3806335E-02   4.0125500E-02   5.4213077E-02   6.2327050E-02   7.6950416E-02   8.8410936E-02   4.3933272E-02   1.3825686E-01   1.7242755E-01   2.1482641E-01   2.6740009E-01   3.3254895E-01   4.1322950E-01   5.1308197E-01   6.3657916E-01   7.8921086E-01   9.7771615E-01   1.2122847E+00   1.6110094E+00   2.7453547E+00   2.6797414E+00   3.3781719E+00   4.2584705E+00   5.3610377E+00   6.2416301E+00   5.9425492E+00   7.2649336E+00   8.7698069E+00   1.0382686E+01   1.1897616E+01   1.2872746E+01   1.2366800E+01   9.3235579E+00   9.5341480E-01  -1.0988959E+01   4.7252747E-01   3.6659497E+02   4.3988325E+03   1.6005588E+04   8.8210791E+03  -7.0449341E+03   5.3056323E+03   6.4773062E+03   2.9304797E+03  -3.9635379E+04   0.0000000E+00
   0.0000000E+00   0.0000000E+00   0.0000000E+00   0.0000000E+00   0.0000000E+00   0.0000000E+00   0.0000000E+00   0.0000000E+00   0.0000000E+00   0.0000000E+00   0.0000000E+00   0.0000000E+00   0.0000000E+00   0.0000000E+00   0.0000000E+00   0.0000000E+00   0.0000000E+00   0.0000000E+00   0.0000000E+00   0.0000000E+00   0.0000000E+00   0.0000000E+00   0.0000000E+00   0.0000000E+00   0.0000000E+00   0.0000000E+00   0.0000000E+00   0.0000000E+00   0.0000000E+00   0.0000000E+00   0.0000000E+00   0.0000000E+00   0.0000000E+00   0.0000000E+00   0.0000000E+00   0.0000000E+00   0.0000000E+00   0.0000000E+00   0.0000000E+00   0.0000000E+00   0.0000000E+00   0.0000000E+00   0.0000000E+00   0.0000000E+00   0.0000000E+00   0.0000000E+00   0.0000000E+00   0.0000000E+00   0.0000000E+00   0.0000000E+00   7.5244009E-02   5.3859700E-02   4.2279251E-02   4.9469065E-02   5.6460947E-02   6.9745481E-02   9.2872426E-02   1.0944498E-01   1.3575736E-01   1.5516339E-01   1.4767548E-01   2.5608116E-01   3.2025674E-01   4.0016538E-01   4.9956185E-01   6.1835432E-01   2.0575723E-01   8.1582355E-01   1.0107882E+00   1.2508662E+00   1.5461663E+00   1.9173219E+00   2.5903215E+00   3.7098644E+00   4.0245147E+00   5.0276098E+00   6.2731409E+00   7.8009367E+00   9.1998367E+00   9.7048893E+00   2.4884037E+01   1.6784075E+01   1.9344204E+01   2.2295895E+01   4.3818993E+01   2.3159477E+01   5.9319077E+00  -6.5051661E+00  -2.0360580E+01   2.1505512E+01   7.9286847E+02   5.8482676E+03   1.8004486E+04   8.2556797E+03  -1.0165123E+04   5.3908828E+03   6.4525244E+03   2.1043416E+03  -3.9314543E+04   0.0000000E+00
   0.0000000E+00   0.0000000E+00   0.0000000E+00   0.0000000E+00   0.0000000E+00   0.0000000E+00   0.0000000E+00   0.0000000E+00   0.0000000E+00   0.0000000E+00   0.0000000E+00   0.0000000E+00   0.0000000E+00   0.0000000E+00   0.0000000E+00   0.0000000E+00   0.0000000E+00   0.0000000E+00   0.0000000E+00   0.0000000E+00   0.0000000E+00   0.0000000E+00   0.0000000E+00   0.0000000E+00   0.0000000E+00   0.0000000E+00   0.0000000E+00   0.0000000E+00   0.0000000E+00   0.0000000E+00   0.0000000E+00   0.0000000E+00   0.0000000E+00   0.0000000E+00   0.0000000E+00   0.0000000E+00   0.0000000E+00   0.0000000E+00   0.0000000E+00   0.0000000E+00   0.0000000E+00   0.0000000E+00   0.0000000E+00   0.0000000E+00   0.0000000E+00   0.0000000E+00   0.0000000E+00   0.0000000E+00   0.0000000E+00   0.0000000E+00   1.3062300E-01   7.8863330E-02   6.5303005E-02   7.7558212E-02   9.3716525E-02   1.1824170E-01   1.5619849E-01   8.5211121E-02   2.0664591E-01   2.3720822E-01   2.6269546E-01   3.9779422E-01   4.9890909E-01   6.2497950E-01   7.8162342E-01   9.5397741E-01   4.3573660E-01   1.3022354E+00   1.6133662E+00   1.9949975E+00   2.4624023E+00   3.0530117E+00   4.0891256E+00   5.3641939E+00   6.1104231E+00   7.5518780E+00   9.3094893E+00   1.1417491E+01   1.3466463E+01   1.5177152E+01   3.5109200E+01   2.4113333E+01   2.8770000E+01   4.4947605E+01   7.2382751E+01   2.8975189E+01   6.3418479E+00  -1.1168963E+01   8.7638733E+01   6.4699348E+01   9.5313647E+02   8.0222188E+03   1.8482018E+04   6.6697080E+03  -1.1513200E+04   5.4306445E+03   6.3610806E+03   1.2839047E+03  -3.8693875E+04   0.0000000E+00
   0.0000000E+00   0.0000000E+00   0.0000000E+00   0.0000000E+00   0.0000000E+00   0.0000000E+00   0.0000000E+00   0.0000000E+00   0.0000000E+00   0.0000000E+00   0.0000000E+00   0.0000000E+00   0.0000000E+00   0.0000000E+00   0.0000000E+00   0.0000000E+00   0.0000000E+00   0.0000000E+00   0.0000000E+00   0.0000000E+00   0.0000000E+00   0.0000000E+00   0.0000000E+00   0.0000000E+00   0.0000000E+00   0.0000000E+00   0.0000000E+00   0.0000000E+00   0.0000000E+00   0.0000000E+00   0.0000000E+00   0.0000000E+00   0.0000000E+00   0.0000000E+00   0.0000000E+00   0.0000000E+00   0.0000000E+00   0.0000000E+00   0.0000000E+00   0.0000000E+00   0.0000000E+00   0.0000000E+00   0.0000000E+00   0.0000000E+00   0.0000000E+00   0.0000000E+00   0.0000000E+00   0.0000000E+00   0.0000000E+00   3.5165914E-03   2.1297652E-01   1.1775716E-01   5.8167830E-02   1.1296067E-01   1.4042832E-01   1.7974932E-01   2.3593771E-01   1.5113997E-01   3.2543734E-01   3.7459156E-01   4.2867890E-01   5.9189993E-01   7.4002057E-01   9.2465568E-01   1.1536077E+00   1.3976961E+00   9.3104088E-01   1.9908828E+00   2.4692695E+00   3.0588422E+00   3.7853546E+00   4.7074637E+00   6.1587000E+00   7.6933393E+00   9.1401987E+00   1.1275218E+01   1.3874786E+01   1.7008110E+01   2.0553934E+01   2.5153805E+01   4.8421623E+01   3.8960407E+01   4.1924110E+01   6.9932144E+01   1.0476427E+02   6.2108936E+01   1.6202591E+01   5.1953626E+00   8.7054434E+00   1.1848388E+02   1.4447136E+03   9.4764248E+03   1.8773855E+04   4.8023276E+03  -1.1996239E+04   5.4460005E+03   6.2309883E+03   4.8892487E+02  -3.7939543E+04   0.0000000E+00
   0.0000000E+00   0.0000000E+00   0.0000000E+00   0.0000000E+00   0.0000000E+00   0.0000000E+00   0.0000000E+00   0.0000000E+00   0.0000000E+00   0.0000000E+00   0.0000000E+00   0.0000000E+00   0.0000000E+00   0.0000000E+00   0.0000000E+00   0.0000000E+00   0.0000000E+00   0.0000000E+00   0.0000000E+00   0.0000000E+00   0.0000000E+00   0.0000000E+00   0.0000000E+00   0.0000000E+00   0.0000000E+00   0.0000000E+00   0.0000000E+00   0.0000000E+00   0.0000000E+00   0.0000000E+00   0.0000000E+00   0.0000000E+00   0.0000000E+00   0.0000000E+00   0.0000000E+00   0.0000000E+00   0.0000000E+00   0.0000000E+00   0.0000000E+00   0.0000000E+00   0.0000000E+00   0.0000000E+00   0.0000000E+00   0.0000000E+00   0.0000000E+00   0.0000000E+00   0.0000000E+00   0.0000000E+00   0.0000000E+00   7.8197224E-03   3.0605102E-01   1.6643332E-01   8.9493357E-02   1.5465201E-01   1.9379538E-01   2.4724793E-01   3.1852850E-01   2.4361672E-01   4.5223528E-01   5.2829212E-01   6.1546123E-01   8.3231461E-01   1.0401428E+00   1.2992009E+00   1.6196493E+00   1.9553667E+00   1.5470957E+00   2.8562081E+00   3.5444818E+00   4.3937111E+00   5.4419451E+00   6.7715497E+00   8.7422056E+00   1.0880857E+01   1.3012947E+01   1.6028498E+01   1.9688873E+01   2.4094406E+01   2.9270884E+01   3.6557072E+01   6.3631229E+01   5.5227623E+01   6.5724182E+01   5.4490894E+01   1.8873329E+02   1.0336607E+02  -2.4817047E+01  -2.0183035E+01   9.0205650E+01   2.3453542E+02   1.8212882E+03   1.2320188E+04   2.1120561E+04  -1.0999200E+03  -1.2054263E+04   5.4473472E+03   6.0764414E+03  -2.7328113E+02  -3.7131598E+04   0.0000000E+00
   0.0000000E+00   0.0000000E+00   0.0000000E+00   0.0000000E+00   0.0000000E+00   0.0000000E+00   0.0000000E+00   0.0000000E+00   0.0000000E+00   0.0000000E+00   0.0000000E+00   0.0000000E+00   0.0000000E+00   0.0000000E+00   0.0000000E+00   0.0000000E+00   0.0000000E+00   0.0000000E+00   0.0000000E+00   0.0000000E+00   0.0000000E+00   0.0000000E+00   0.0000000E+00   0.0000000E+00   0.0000000E+00   0.0000000E+00   0.0000000E+00   0.0000000E+00   0.0000000E+00   0.0000000E+00   0.0000000E+00   0.0000000E+00   0.0000000E+00   0.0000000E+00   0.0000000E+00   0.0000000E+00   0.0000000E+00   0.0000000E+00   0.0000000E+00   0.0000000E+00   0.0000000E+00   0.0000000E+00   0.0000000E+00   0.0000000E+00   0.0000000E+00   0.0000000E+00   0.0000000E+00   0.0000000E+00   0.0000000E+00   1.4314008E-02   4.3134135E-01   2.0557350E-01   1.2889405E-01   2.0808831E-01   2.6119211E-01   3.3265454E-01   4.2369831E-01   3.6187598E-01   6.1625576E-01   7.2920382E-01   8.5798216E-01   1.1483077E+00   1.4359267E+00   1.7943534E+00   2.2362487E+00   2.6933477E+00   2.3732309E+00   4.0048509E+00   4.9699636E+00   6.1598134E+00   7.6275954E+00   9.4852371E+00   1.2134383E+01   1.5096537E+01   1.8071850E+01   2.2201033E+01   2.7182621E+01   3.3134907E+01   4.0158157E+01   5.0248077E+01   8.1271912E+01   7.3405350E+01   8.8806465E+01   2.7880042E+02   1.1071680E+01   1.5051070E+02   1.4597991E+01  -2.9338896E+01   1.9181467E+01   3.2084512E+02   2.6346670E+03   1.3397079E+04   2.1363732E+04  -3.6643909E+03  -1.1904501E+04   5.4397822E+03   5.9048784E+03  -1.0005737E+03  -3.6308512E+04   0.0000000E+00
   0.0000000E+00   0.0000000E+00   0.0000000E+00   0.0000000E+00   0.0000000E+00   0.0000000E+00   0.0000000E+00   0.0000000E+00   0.0000000E+00   0.0000000E+00   0.0000000E+00   0.0000000E+00   0.0000000E+00   0.0000000E+00   0.0000000E+00   0.0000000E+00   0.0000000E+00   0.0000000E+00   0.0000000E+00   0.0000000E+00   0.0000000E+00   0.0000000E+00   0.0000000E+00   0.0000000E+00   0.0000000E+00   0.0000000E+00   0.0000000E+00   0.0000000E+00   0.0000000E+00   0.0000000E+00   0.0000000E+00   0.0000000E+00   0.0000000E+00   0.0000000E+00   0.0000000E+00   0.0000000E+00   0.0000000E+00   0.0000000E+00   0.0000000E+00   0.0000000E+00   0.0000000E+00   0.0000000E+00   0.0000000E+00   0.0000000E+00   0.0000000E+00   0.0000000E+00   0.0000000E+00   0.0000000E+00   0.0000000E+00   2.4128551E-02   5.8136761E-01   2.5549352E-01   1.8039906E-01   2.7811450E-01   3.4992728E-01   4.4576988E-01   5.6367850E-01   5.2203637E-01   8.3758515E-01   1.0012674E+00   1.1915411E+00   1.5794815E+00   1.9769442E+00   2.4719014E+00   3.0795150E+00   3.7023585E+00   3.5195746E+00   5.5772610E+00   6.9172130E+00   8.5654974E+00   1.0594326E+01   1.3153008E+01   1.6694080E+01   2.0695831E+01   2.4771902E+01   3.0300455E+01   3.6903458E+01   4.4691841E+01   5.3802330E+01   6.6895653E+01   1.0169095E+02   9.3449677E+01   1.1647305E+02   2.9187048E+02   3.4813101E+02   1.0230816E+02  -1.9128009E+02  -8.0270065E+01   1.2717400E+02   4.3596353E+02   3.3238281E+03   1.6201031E+04   2.0677168E+04  -7.2153623E+03  -1.1654703E+04   5.4257852E+03   5.7204292E+03  -1.6929307E+03  -3.5488656E+04   0.0000000E+00
   0.0000000E+00   0.0000000E+00   0.0000000E+00   0.0000000E+00   0.0000000E+00   0.0000000E+00   0.0000000E+00   0.0000000E+00   0.0000000E+00   0.0000000E+00   0.0000000E+00   0.0000000E+00   0.0000000E+00   0.0000000E+00   0.0000000E+00   0.0000000E+00   0.0000000E+00   0.0000000E+00   0.0000000E+00   0.0000000E+00   0.0000000E+00   0.0000000E+00   0.0000000E+00   0.0000000E+00   0.0000000E+00   0.0000000E+00   0.0000000E+00   0.0000000E+00   0.0000000E+00   0.0000000E+00   0.0000000E+00   0.0000000E+00   0.0000000E+00   0.0000000E+00   0.0000000E+00   0.0000000E+00   0.0000000E+00   0.0000000E+00   0.0000000E+00   0.0000000E+00   0.0000000E+00   0.0000000E+00   0.0000000E+00   0.0000000E+00   0.0000000E+00   0.0000000E+00   0.0000000E+00   0.0000000E+00   0.0000000E+00   3.9075483E-02   7.6919448E-01   3.2107979E-01   2.4994373E-01   3.7251142E-01   4.7045299E-01   6.0014647E-01   7.5546032E-01   7.4518585E-01   1.1437055E+00   1.3789512E+00   1.6592122E+00   2.1805084E+00   2.7317061E+00   3.4171968E+00   4.2541242E+00   5.1058421E+00   5.1338148E+00   7.7637835E+00   9.6168814E+00   1.1888227E+01   1.4673716E+01   1.8169134E+01   2.2879786E+01   2.8193623E+01   3.3687801E+01   4.0945442E+01   4.9483360E+01   5.9358120E+01   7.0701241E+01   8.6827003E+01   1.2466693E+02   1.1453841E+02   1.4374008E+02   6.2333966E+02   6.9603027E+01   1.1665980E+02  -1.5939694E+02  -5.9874920E+01   6.1093426E+01   5.8788293E+02   4.2825068E+03   1.7142463E+04   2.3060592E+04  -1.2267222E+04  -1.1358406E+04   5.4065542E+03   5.5255947E+03  -2.3511692E+03  -3.4680695E+04   0.0000000E+00
   0.0000000E+00   0.0000000E+00   0.0000000E+00   0.0000000E+00   0.0000000E+00   0.0000000E+00   0.0000000E+00   0.0000000E+00   0.0000000E+00   0.0000000E+00   0.0000000E+00   0.0000000E+00   0.0000000E+00   0.0000000E+00   0.0000000E+00   0.0000000E+00   0.0000000E+00   0.0000000E+00   0.0000000E+00   0.0000000E+00   0.0000000E+00   0.0000000E+00   0.0000000E+00   0.0000000E+00   0.0000000E+00   0.0000000E+00   0.0000000E+00   0.0000000E+00   0.0000000E+00   0.0000000E+00   0.0000000E+00   0.0000000E+00   0.0000000E+00   0.0000000E+00   0.0000000E+00   0.0000000E+00   0.0000000E+00   0.0000000E+00   0.0000000E+00   0.0000000E+00   0.0000000E+00   0.0000000E+00   0.0000000E+00   0.0000000E+00   0.0000000E+00   0.0000000E+00   0.0000000E+00   0.0000000E+00   1.4477416E-03   6.0860533E-02   1.0119810E+00   4.0941793E-01   3.4595898E-01   5.0260907E-01   6.3756108E-01   8.1488162E-01   1.0228658E+00   1.0610050E+00   1.5738218E+00   1.9113709E+00   2.3219671E+00   3.0300550E+00   3.7986944E+00   4.7525158E+00   5.9087825E+00   7.0771933E+00   7.4248109E+00   1.0829538E+01   1.3386127E+01   1.6503504E+01   2.0305874E+01   2.5044308E+01   3.1269011E+01   3.8227245E+01   4.5480572E+01   5.4791405E+01   6.5506004E+01   7.7545143E+01   9.0964241E+01   1.0965575E+02   1.4890506E+02   1.3470441E+02   1.7441852E+02   6.5693475E+02   3.8502451E+02   1.7067683E+02  -4.0197971E+02  -1.8835754E+02   1.5519592E+02   8.1844617E+02   5.4274062E+03   1.9280955E+04   2.0774564E+04  -1.4246694E+04  -1.1042239E+04   5.3826606E+03   5.3220581E+03  -2.9764158E+03  -3.3888566E+04   0.0000000E+00
   0.0000000E+00   0.0000000E+00   0.0000000E+00   0.0000000E+00   0.0000000E+00   0.0000000E+00   0.0000000E+00   0.0000000E+00   0.0000000E+00   0.0000000E+00   0.0000000E+00   0.0000000E+00   0.0000000E+00   0.0000000E+00   0.0000000E+00   0.0000000E+00   0.0000000E+00   0.0000000E+00   0.0000000E+00   0.0000000E+00   0.0000000E+00   0.0000000E+00   0.0000000E+00   0.0000000E+00   0.0000000E+00   0.0000000E+00   0.0000000E+00   0.0000000E+00   0.0000000E+00   0.0000000E+00   0.0000000E+00   0.0000000E+00   0.0000000E+00   0.0000000E+00   0.0000000E+00   0.0000000E+00   0.0000000E+00   0.0000000E+00   0.0000000E+00   0.0000000E+00   0.0000000E+00   0.0000000E+00   0.0000000E+00   0.0000000E+00   0.0000000E+00   0.0000000E+00   0.0000000E+00   0.0000000E+00   3.5882380E-03   9.5768750E-02   1.3324431E+00   5.3048342E-01   4.8063287E-01   6.8495429E-01   8.7289399E-01   1.1179941E+00   1.4008317E+00   1.5135882E+00   2.1859725E+00   2.6710687E+00   3.2707367E+00   4.2438865E+00   5.3218226E+00   6.6546903E+00   8.2549591E+00   9.8591385E+00   1.0687779E+01   1.5136380E+01   1.8647369E+01   2.2896702E+01   2.8039061E+01   3.4384754E+01   4.2501717E+01   5.1435581E+01   6.0727112E+01   7.2276550E+01   8.5152428E+01   9.9021332E+01   1.1376765E+02   1.3371501E+02   1.7156718E+02   1.5086528E+02   2.0056673E+02   1.0134153E+03   5.2416962E+01   1.6578091E+02  -3.7912088E+02  -1.2884082E+02   1.0538441E+02   1.0483413E+03   6.4888521E+03   1.9917555E+04   2.0505371E+04  -1.6602857E+04  -1.0719478E+04   5.3543823E+03   5.1110762E+03  -3.5698914E+03  -3.3113949E+04   0.0000000E+00
   0.0000000E+00   0.0000000E+00   0.0000000E+00   0.0000000E+00   0.0000000E+00   0.0000000E+00   0.0000000E+00   0.0000000E+00   0.0000000E+00   0.0000000E+00   0.0000000E+00   0.0000000E+00   0.0000000E+00   0.0000000E+00   0.0000000E+00   0.0000000E+00   0.0000000E+00   0.0000000E+00   0.0000000E+00   0.0000000E+00   0.0000000E+00   0.0000000E+00   0.0000000E+00   0.0000000E+00   0.0000000E+00   0.0000000E+00   0.0000000E+00   0.0000000E+00   0.0000000E+00   0.0000000E+00   0.0000000E+00   0.0000000E+00   0.0000000E+00   0.0000000E+00   0.0000000E+00   0.0000000E+00   0.0000000E+00   0.0000000E+00   0.0000000E+00   0.0000000E+00   0.0000000E+00   0.0000000E+00   0.0000000E+00   0.0000000E+00   0.0000000E+00   0.0000000E+00   0.0000000E+00   0.0000000E+00   7.7196541E-03   1.5219881E-01   1.7612494E+00   6.9897622E-01   6.7229497E-01   9.4442582E-01   1.2090924E+00   1.5516189E+00   1.9416515E+00   2.1696463E+00   3.0664394E+00   3.7650282E+00   4.6392856E+00   5.9884286E+00   7.5041118E+00   9.3669701E+00   1.1573421E+01   1.3764132E+01   1.5302606E+01   2.1117395E+01   2.5875805E+01   3.1571459E+01   3.8383152E+01   4.6668640E+01   5.6950691E+01   6.8004684E+01   7.9340034E+01   9.2906425E+01   1.0738151E+02   1.2207312E+02   1.3665108E+02   1.5570924E+02   1.8866791E+02   1.6025566E+02   2.2635518E+02   1.0225981E+03   3.6711469E+02   1.8515497E+02  -4.9689212E+02  -3.2941507E+02   2.2899464E+02   1.3348992E+03   8.2524297E+03   2.1052410E+04   1.9344363E+04  -1.9494293E+04  -1.0396757E+04   5.3218560E+03   4.8936763E+03  -4.1328242E+03  -3.2357395E+04   0.0000000E+00
   0.0000000E+00   0.0000000E+00   0.0000000E+00   0.0000000E+00   0.0000000E+00   0.0000000E+00   0.0000000E+00   0.0000000E+00   0.0000000E+00   0.0000000E+00   0.0000000E+00   0.0000000E+00   0.0000000E+00   0.0000000E+00   0.0000000E+00   0.0000000E+00   0.0000000E+00   0.0000000E+00   0.0000000E+00   0.0000000E+00   0.0000000E+00   0.0000000E+00   0.0000000E+00   0.0000000E+00   0.0000000E+00   0.0000000E+00   0.0000000E+00   0.0000000E+00   0.0000000E+00   0.0000000E+00   0.0000000E+00   0.0000000E+00   0.0000000E+00   0.0000000E+00   0.0000000E+00   0.0000000E+00   0.0000000E+00   0.0000000E+00   0.0000000E+00   0.0000000E+00   0.0000000E+00   0.0000000E+00   0.0000000E+00   0.0000000E+00   0.0000000E+00   0.0000000E+00   0.0000000E+00   4.9948692E-04   1.5431056E-02   2.4543211E-01   2.3409557E+00   9.3705463E-01   9.4907910E-01   1.3188423E+00   1.6954701E+00   2.1784949E+00   2.7220795E+00   3.1271992E+00   4.3376498E+00   5.3416290E+00   6.6085749E+00   8.4787550E+00   1.0594797E+01   1.3167623E+01   1.6154423E+01   1.9083580E+01   2.1604229E+01   2.9054586E+01   3.5271660E+01   4.2583050E+01   5.1165668E+01   6.1381493E+01   7.3606178E+01   8.6330482E+01   9.9080605E+01   1.1374610E+02   1.2865285E+02   1.4282167E+02   1.5583809E+02   1.7238698E+02   1.9834068E+02   1.6429314E+02   2.4796313E+02   1.3657299E+03   1.1078104E+01   1.7943434E+02  -4.6624686E+02  -2.6773279E+02   2.2822119E+02   1.6708784E+03   9.1495059E+03   2.1563740E+04   2.0721010E+04  -2.3381631E+04  -1.0077410E+04   5.2851606E+03   4.6707466E+03  -4.6664189E+03  -3.1618939E+04   0.0000000E+00
   0.0000000E+00   0.0000000E+00   0.0000000E+00   0.0000000E+00   0.0000000E+00   0.0000000E+00   0.0000000E+00   0.0000000E+00   0.0000000E+00   0.0000000E+00   0.0000000E+00   0.0000000E+00   0.0000000E+00   0.0000000E+00   0.0000000E+00   0.0000000E+00   0.0000000E+00   0.0000000E+00   0.0000000E+00   0.0000000E+00   0.0000000E+00   0.0000000E+00   0.0000000E+00   0.0000000E+00   0.0000000E+00   0.0000000E+00   0.0000000E+00   0.0000000E+00   0.0000000E+00   0.0000000E+00   0.0000000E+00   0.0000000E+00   0.0000000E+00   0.0000000E+00   0.0000000E+00   0.0000000E+00   0.0000000E+00   0.0000000E+00   0.0000000E+00   0.0000000E+00   0.0000000E+00   0.0000000E+00   0.0000000E+00   0.0000000E+00   0.0000000E+00   0.0000000E+00   0.0000000E+00   1.5569661E-03   3.1262517E-02   4.0263855E-01   3.1309812E+00   1.2779831E+00   1.3536800E+00   1.8643115E+00   2.4035306E+00   3.0864065E+00   3.8458548E+00   4.5159011E+00   6.1494751E+00   7.5701351E+00   9.3658695E+00   1.1901304E+01   1.4758236E+01   1.8161573E+01   2.1986208E+01   2.5659807E+01   2.9280725E+01   3.8185764E+01   4.5547379E+01   5.3948330E+01   6.3527367E+01   7.4607719E+01   8.7395851E+01   1.0039354E+02   1.1344842E+02   1.2841724E+02   1.4370180E+02   1.5826172E+02   1.7148715E+02   1.8719548E+02   2.0744958E+02   1.7215514E+02   2.7969601E+02   1.3290343E+03   3.6538937E+02   1.8127853E+02  -4.9335303E+02  -4.6771515E+02   3.0426108E+02   2.0694526E+03   1.0898900E+04   2.2447865E+04   1.7991783E+04  -2.4538021E+04  -9.7631250E+03   5.2443535E+03   4.4430859E+03  -5.1718418E+03  -3.0898357E+04   0.0000000E+00
   0.0000000E+00   0.0000000E+00   0.0000000E+00   0.0000000E+00   0.0000000E+00   0.0000000E+00   0.0000000E+00   0.0000000E+00   0.0000000E+00   0.0000000E+00   0.0000000E+00   0.0000000E+00   0.0000000E+00   0.0000000E+00   0.0000000E+00   0.0000000E+00   0.0000000E+00   0.0000000E+00   0.0000000E+00   0.0000000E+00   0.0000000E+00   0.0000000E+00   0.0000000E+00   0.0000000E+00   0.0000000E+00   0.0000000E+00   0.0000000E+00   0.0000000E+00   0.0000000E+00   0.0000000E+00   0.0000000E+00   0.0000000E+00   0.0000000E+00   0.0000000E+00   0.0000000E+00   0.0000000E+00   0.0000000E+00   0.0000000E+00   0.0000000E+00   0.0000000E+00   0.0000000E+00   0.0000000E+00   0.0000000E+00   0.0000000E+00   0.0000000E+00   0.0000000E+00   1.7120894E-04   4.1707791E-03   6.4435810E-02   6.7228079E-01   4.2115068E+00   1.7696559E+00   1.9472575E+00   2.6572957E+00   3.4249115E+00   4.3776708E+00   5.4201932E+00   6.4531598E+00   8.5975666E+00   1.0507443E+01   1.2892560E+01   1.6139259E+01   1.9763323E+01   2.3892136E+01   2.8221491E+01   3.2081955E+01   3.6049198E+01   4.4733818E+01   5.1067402E+01   5.6619518E+01   6.2256752E+01   7.3632751E+01   8.7701897E+01   1.0317531E+02   1.1941781E+02   1.3820732E+02   1.5806761E+02   1.7782323E+02   1.9657864E+02   2.1171565E+02   2.2781538E+02   1.9244849E+02   3.1967343E+02   1.6579702E+03   1.3454783E+01   1.9706087E+02  -4.4978262E+02  -4.1394083E+02   3.5312738E+02   2.5439766E+03   1.1603083E+04   2.2795402E+04   1.6608701E+04  -2.5428141E+04  -9.4547607E+03   5.1994858E+03   4.2114233E+03  -5.6502197E+03  -3.0195305E+04   0.0000000E+00
   0.0000000E+00   0.0000000E+00   0.0000000E+00   0.0000000E+00   0.0000000E+00   0.0000000E+00   0.0000000E+00   0.0000000E+00   0.0000000E+00   0.0000000E+00   0.0000000E+00   0.0000000E+00   0.0000000E+00   0.0000000E+00   0.0000000E+00   0.0000000E+00   0.0000000E+00   0.0000000E+00   0.0000000E+00   0.0000000E+00   0.0000000E+00   0.0000000E+00   0.0000000E+00   0.0000000E+00   0.0000000E+00   0.0000000E+00   0.0000000E+00   0.0000000E+00   0.0000000E+00   0.0000000E+00   0.0000000E+00   0.0000000E+00   0.0000000E+00   0.0000000E+00   0.0000000E+00   0.0000000E+00   0.0000000E+00   0.0000000E+00   0.0000000E+00   0.0000000E+00   0.0000000E+00   0.0000000E+00   0.0000000E+00   0.0000000E+00   0.0000000E+00   1.2178700E-05   6.7683944E-04   1.1229187E-02   1.3582152E-01   1.1389242E+00   5.6796951E+00   2.4732988E+00   2.8035767E+00   3.7764170E+00   4.9129810E+00   9.4881315E+00   8.3913784E+00   1.0231126E+01   1.3434404E+01   1.6476280E+01   2.0144220E+01   2.4623230E+01   2.9078581E+01   3.3296814E+01   3.6437462E+01   3.6390911E+01   3.7208664E+01   1.1487432E+01   4.4021824E+01   4.9131351E+01   6.0811665E+01   7.2915993E+01   8.9689270E+01   1.0890177E+02   1.2878485E+02   1.4976965E+02   1.7223415E+02   1.9461732E+02   2.1580782E+02   2.3643596E+02   2.5205757E+02   2.1977940E+02   3.7218442E+02   1.5961008E+03   3.6519763E+02   2.0321533E+02  -4.4941714E+02  -5.8184747E+02   4.6618201E+02   2.9609187E+03   1.3255768E+04   2.3219045E+04   1.4775373E+04  -2.6956361E+04  -9.1527627E+03   5.1506167E+03   3.9764343E+03  -6.1026387E+03  -2.9509387E+04   0.0000000E+00
   0.0000000E+00   0.0000000E+00   0.0000000E+00   0.0000000E+00   0.0000000E+00   0.0000000E+00   0.0000000E+00   0.0000000E+00   0.0000000E+00   0.0000000E+00   0.0000000E+00   0.0000000E+00   0.0000000E+00   0.0000000E+00   0.0000000E+00   0.0000000E+00   0.0000000E+00   0.0000000E+00   0.0000000E+00   0.0000000E+00   0.0000000E+00   0.0000000E+00   0.0000000E+00   0.0000000E+00   0.0000000E+00   0.0000000E+00   0.0000000E+00   0.0000000E+00   0.0000000E+00   0.0000000E+00   0.0000000E+00   0.0000000E+00   0.0000000E+00   0.0000000E+00   0.0000000E+00   0.0000000E+00   0.0000000E+00   0.0000000E+00   0.0000000E+00   0.0000000E+00   0.0000000E+00   0.0000000E+00   0.0000000E+00   0.0000000E+00   1.8312323E-06   1.3530462E-04   2.4050348E-03   3.0586796E-02   2.9146466E-01   1.9678762E+00   8.8025227E+00   3.7636297E+00   4.4656563E+00   6.1074204E+00   8.7694798E+00   1.6555075E+01   2.1548084E+01   2.6021740E+01   3.0499411E+01   3.1050041E+01   2.7601553E+01   1.7163637E+01   3.1303067E+00   3.0151289E+01   2.9390427E+01   2.7179266E+01   2.7901186E+01   1.6124611E+01   3.8192394E+01   4.8732365E+01   5.4080524E+01   7.2125977E+01   9.1442566E+01   1.1405621E+02   1.3723837E+02   1.6040425E+02   1.8521642E+02   2.1021367E+02   2.3402026E+02   2.5782584E+02   2.7135626E+02   2.4480962E+02   4.2278049E+02   1.8725494E+03   7.0483498E+01   2.3573016E+02  -4.1578903E+02  -5.0536929E+02   5.2786896E+02   3.6109199E+03   1.3757753E+04   2.3276914E+04   1.3254043E+04  -2.7373551E+04  -8.8573652E+03   5.0978096E+03   3.7387473E+03  -6.5301440E+03  -2.8840186E+04   0.0000000E+00
   0.0000000E+00   0.0000000E+00   0.0000000E+00   0.0000000E+00   0.0000000E+00   0.0000000E+00   0.0000000E+00   0.0000000E+00   0.0000000E+00   0.0000000E+00   0.0000000E+00   0.0000000E+00   0.0000000E+00   0.0000000E+00   0.0000000E+00   0.0000000E+00   0.0000000E+00   0.0000000E+00   0.0000000E+00   0.0000000E+00   0.0000000E+00   0.0000000E+00   0.0000000E+00   0.0000000E+00   0.0000000E+00   0.0000000E+00   0.0000000E+00   0.0000000E+00   0.0000000E+00   0.0000000E+00   0.0000000E+00   0.0000000E+00   0.0000000E+00   0.0000000E+00   0.0000000E+00   0.0000000E+00   0.0000000E+00   0.0000000E+00   0.0000000E+00   0.0000000E+00   0.0000000E+00   0.0000000E+00   0.0000000E+00   1.0304908E-06   5.5491222E-05   8.5676525E-04   1.0540972E-02   1.0094427E-01   7.2651023E-01   3.6337049E+00   1.1609396E+01   9.6824369E+00   1.4742918E+01   2.0895798E+01   2.7761316E+01   3.7188400E+01   3.7500576E+01   3.1488033E+01   6.6753798E+00   1.3515888E+01   2.4939768E+01   1.4048265E+01   3.2932179E+00   2.0663486E+01   2.0640808E+01   2.0019939E+01   2.0899220E+01   2.1640694E+01   6.4756378E+01   1.5732808E+01   9.7708778E+01   2.1569452E+01   9.3227554E+01   1.1877802E+02   1.4425967E+02   1.6919926E+02   1.9657190E+02   2.2412712E+02   2.5077504E+02   2.7683417E+02   2.8882147E+02   2.6848553E+02   4.7647223E+02   1.8183848E+03   3.6142633E+02   2.4493756E+02  -4.0025235E+02  -6.3355334E+02   6.5333777E+02   4.1196680E+03   1.5224042E+04   2.3361041E+04   1.0605517E+04  -2.7585561E+04  -8.5686895E+03   5.0411387E+03   3.4989468E+03  -6.9337432E+03  -2.8187285E+04   0.0000000E+00
   0.0000000E+00   0.0000000E+00   0.0000000E+00   0.0000000E+00   0.0000000E+00   0.0000000E+00   0.0000000E+00   0.0000000E+00   0.0000000E+00   0.0000000E+00   0.0000000E+00   0.0000000E+00   0.0000000E+00   0.0000000E+00   0.0000000E+00   0.0000000E+00   0.0000000E+00   0.0000000E+00   0.0000000E+00   0.0000000E+00   0.0000000E+00   0.0000000E+00   0.0000000E+00   0.0000000E+00   0.0000000E+00   0.0000000E+00   0.0000000E+00   0.0000000E+00   0.0000000E+00   0.0000000E+00   0.0000000E+00   0.0000000E+00   0.0000000E+00   0.0000000E+00   0.0000000E+00   0.0000000E+00   0.0000000E+00   0.0000000E+00   0.0000000E+00   0.0000000E+00   0.0000000E+00   0.0000000E+00   0.0000000E+00   4.1284271E-05   5.9945486E-04   7.3087723E-03   7.1557738E-02   5.4875416E-01   3.1376936E+00   1.2322645E+01   2.8729101E+01   2.7637007E+01   3.5922344E+01   4.1889450E+01   3.8544762E+01   8.0764837E+00   1.8842472E+01   2.6948664E+01   5.4637470E+00   1.5733531E+01   1.2263701E+01   1.0107021E+01   2.9439490E+00   2.4437708E+01   1.4991613E+01   1.6359484E+01   1.5318795E+01   1.6906897E+01   4.7598568E+01   3.0537174E+01   7.3641716E+01   4.1806931E+01   9.5304413E+01   1.2348501E+02   1.4693031E+02   1.7539731E+02   2.0683754E+02   2.3616283E+02   2.6601761E+02   2.9386206E+02   3.0505099E+02   2.9180997E+02   5.2615442E+02   2.0133866E+03   1.7734579E+02   2.5728336E+02  -3.6492947E+02  -5.7566229E+02   7.7714771E+02   4.9024409E+03   1.5508085E+04   2.3180066E+04   9.0555361E+03  -2.7645082E+04  -8.2867998E+03   4.9806865E+03   3.2575789E+03  -7.3144053E+03  -2.7550266E+04   0.0000000E+00
   0.0000000E+00   0.0000000E+00   0.0000000E+00   0.0000000E+00   0.0000000E+00   0.0000000E+00   0.0000000E+00   0.0000000E+00   0.0000000E+00   0.0000000E+00   0.0000000E+00   0.0000000E+00   0.0000000E+00   0.0000000E+00   0.0000000E+00   0.0000000E+00   0.0000000E+00   0.0000000E+00   0.0000000E+00   0.0000000E+00   0.0000000E+00   0.0000000E+00   0.0000000E+00   0.0000000E+00   0.0000000E+00   0.0000000E+00   0.0000000E+00   0.0000000E+00   0.0000000E+00   0.0000000E+00   0.0000000E+00   0.0000000E+00   0.0000000E+00   0.0000000E+00   0.0000000E+00   0.0000000E+00   0.0000000E+00   0.0000000E+00   0.0000000E+00   0.0000000E+00   0.0000000E+00   0.0000000E+00   3.1177293E-05   4.4610022E-04   5.4674721E-03   5.5179667E-02   4.4677296E-01   2.8068533E+00   1.2871860E+01   3.9043705E+01   6.6275055E+01   4.8771324E+01   2.1537319E+01   1.1813107E+01   3.3011982E+01   5.6241684E+00   1.4332635E+01   1.8486187E+01   4.4606056E+00   1.0629050E+01   1.0998304E+01   7.7976871E+00   2.7191765E+00   1.7206533E+01   1.3825403E+01   1.5932370E+01   1.3251727E+01   1.3953144E+01   3.8229298E+01   3.8227116E+01   5.7926460E+01   5.6328949E+01   9.6852051E+01   1.2728194E+02   1.5501558E+02   1.8477228E+02   3.4574210E+02   2.6575916E+02   1.1805424E+02   3.0918903E+02   3.2035590E+02   3.1507376E+02   5.7709930E+02   1.9966086E+03   3.4372562E+02   3.2652332E+02  -3.5457220E+02  -6.5723108E+02   9.4474976E+02   5.4306035E+03   1.6752123E+04   2.2873656E+04   6.7410239E+03  -2.7593650E+04  -8.0117227E+03   4.9165425E+03   3.0151511E+03  -7.6730679E+03  -2.6928715E+04   0.0000000E+00
   0.0000000E+00   0.0000000E+00   0.0000000E+00   0.0000000E+00   0.0000000E+00   0.0000000E+00   0.0000000E+00   0.0000000E+00   0.0000000E+00   0.0000000E+00   0.0000000E+00   0.0000000E+00   0.0000000E+00   0.0000000E+00   0.0000000E+00   0.0000000E+00   0.0000000E+00   0.0000000E+00   0.0000000E+00   0.0000000E+00   0.0000000E+00   0.0000000E+00   0.0000000E+00   0.0000000E+00   0.0000000E+00   0.0000000E+00   0.0000000E+00   0.0000000E+00   0.0000000E+00   0.0000000E+00   0.0000000E+00   0.0000000E+00   0.0000000E+00   0.0000000E+00   0.0000000E+00   0.0000000E+00   0.0000000E+00   0.0000000E+00   0.0000000E+00   0.0000000E+00   0.0000000E+00   2.4422843E-05   3.5387048E-04   4.4002659E-03   4.5718137E-02   3.9003423E-01   2.6251941E+00   1.3258335E+01   4.5305393E+01   8.5730270E+01   3.9648415E+01   3.0681063E+01   1.7516115E+01   9.8372097E+00   2.2786068E+01   5.3111677E+00   1.1440197E+01   1.4111561E+01   3.7487557E+00   7.7998753E+00   9.5979233E+00   6.2670279E+00   2.4351754E+00   1.2717913E+01   1.2180404E+01   1.4351374E+01   1.2713114E+01   1.0698182E+01   3.2809517E+01   3.9695255E+01   4.9629326E+01   6.4552521E+01   9.7189674E+01   1.2958588E+02   1.6640099E+02   1.9522151E+02   3.1251349E+02   2.6343649E+02   1.8250029E+02   5.4161267E+02   1.0372707E+02   3.3858209E+02   6.2497852E+02   2.0788174E+03   2.5494295E+02   3.5512228E+02  -3.2387402E+02  -5.6741779E+02   1.0951343E+03   6.3454492E+03   1.6786062E+04   2.4016555E+04   3.7707917E+03  -2.7461557E+04  -7.7434702E+03   4.8488057E+03   2.7721384E+03  -8.0106216E+03  -2.6322238E+04   0.0000000E+00
   0.0000000E+00   0.0000000E+00   0.0000000E+00   0.0000000E+00   0.0000000E+00   0.0000000E+00   0.0000000E+00   0.0000000E+00   0.0000000E+00   0.0000000E+00   0.0000000E+00   0.0000000E+00   0.0000000E+00   0.0000000E+00   0.0000000E+00   0.0000000E+00   0.0000000E+00   0.0000000E+00   0.0000000E+00   0.0000000E+00   0.0000000E+00   0.0000000E+00   0.0000000E+00   0.0000000E+00   0.0000000E+00   0.0000000E+00   0.0000000E+00   0.0000000E+00   0.0000000E+00   0.0000000E+00   0.0000000E+00   0.0000000E+00   0.0000000E+00   0.0000000E+00   0.0000000E+00   0.0000000E+00   0.0000000E+00   0.0000000E+00   0.0000000E+00   0.0000000E+00   1.2427771E-05   3.0392478E-04   3.7883855E-03   4.0527955E-02   3.6020061E-01   2.5738244E+00   1.3803525E+01   4.9760426E+01   9.2108170E+01   3.6841690E+01   3.3339035E+01   2.3068867E+01   1.2992255E+01   8.2745304E+00   1.7382864E+01   4.8453259E+00   9.8307915E+00   1.1156973E+01   3.2459221E+00   6.1902742E+00   8.2086878E+00   4.9488378E+00   2.2582150E+00   9.9067612E+00   1.0611266E+01   1.2611773E+01   1.1801616E+01   8.4987631E+00   2.9142830E+01   3.8265102E+01   4.5215408E+01   6.7086952E+01   9.7191383E+01   1.3164166E+02   1.7701501E+02   2.0242685E+02   2.8938754E+02   2.6194513E+02   2.5217821E+02   4.8906601E+02   3.9323260E+02   4.1431009E+02   6.8583496E+02   1.7258203E+03   4.2031763E+02   3.7564072E+02  -2.5224144E+02  -6.1732855E+02   1.2539840E+03   6.8718345E+03   1.7885436E+04   2.2759404E+04   2.4650715E+03  -2.7270545E+04  -7.4820337E+03   4.7775791E+03   2.5289812E+03  -8.3279346E+03  -2.5730445E+04   0.0000000E+00
   0.0000000E+00   0.0000000E+00   0.0000000E+00   0.0000000E+00   0.0000000E+00   0.0000000E+00   0.0000000E+00   0.0000000E+00   0.0000000E+00   0.0000000E+00   0.0000000E+00   0.0000000E+00   0.0000000E+00   0.0000000E+00   0.0000000E+00   0.0000000E+00   0.0000000E+00   0.0000000E+00   0.0000000E+00   0.0000000E+00   0.0000000E+00   0.0000000E+00   0.0000000E+00   0.0000000E+00   0.0000000E+00   0.0000000E+00   0.0000000E+00   0.0000000E+00   0.0000000E+00   0.0000000E+00   0.0000000E+00   0.0000000E+00   0.0000000E+00   0.0000000E+00   0.0000000E+00   0.0000000E+00   0.0000000E+00   0.0000000E+00   0.0000000E+00   9.1902975E-06   2.5147042E-04   3.4596783E-03   3.8170412E-02   3.5133457E-01   2.6154969E+00   1.4712524E+01   5.3956165E+01   9.4266457E+01   3.6039261E+01   3.0681959E+01   2.5400673E+01   1.7914181E+01   1.0348494E+01   7.3189149E+00   1.3972697E+01   4.4317260E+00   8.7220154E+00   9.0618677E+00   2.8802118E+00   5.2490101E+00   7.0050807E+00   3.8685684E+00   1.9733852E+00   8.1027269E+00   9.2486267E+00   1.0974378E+01   1.0306209E+01   7.3778253E+00   2.6324696E+01   3.5889328E+01   4.2492756E+01   6.7285477E+01   9.7108208E+01   1.3366057E+02   1.8388618E+02   2.0730118E+02   2.7467810E+02   2.6206790E+02   3.0717200E+02   4.4374127E+02   4.0414212E+02   4.1292950E+02   7.2207562E+02   1.7655111E+03   4.6247058E+02   3.8955978E+02  -2.1608418E+02  -5.2615167E+02   1.4900880E+03   7.6949004E+03   1.7834080E+04   2.1898309E+04   1.9939008E+03  -2.7486389E+04  -7.2273960E+03   4.7029741E+03   2.2860901E+03  -8.6258408E+03  -2.5152953E+04   0.0000000E+00
   0.0000000E+00   0.0000000E+00   0.0000000E+00   0.0000000E+00   0.0000000E+00   0.0000000E+00   0.0000000E+00   0.0000000E+00   0.0000000E+00   0.0000000E+00   0.0000000E+00   0.0000000E+00   0.0000000E+00   0.0000000E+00   0.0000000E+00   0.0000000E+00   0.0000000E+00   0.0000000E+00   0.0000000E+00   0.0000000E+00   0.0000000E+00   0.0000000E+00   0.0000000E+00   0.0000000E+00   0.0000000E+00   0.0000000E+00   0.0000000E+00   0.0000000E+00   0.0000000E+00   0.0000000E+00   0.0000000E+00   0.0000000E+00   0.0000000E+00   0.0000000E+00   0.0000000E+00   0.0000000E+00   0.0000000E+00   0.0000000E+00   8.0211839E-06   2.2459326E-04   3.2533319E-03   3.7746053E-02   3.5989472E-01   2.7618773E+00   1.5912585E+01   5.8536942E+01   8.7651230E+01   3.9939648E+01   2.8724470E+01   2.4488401E+01   2.0732851E+01   1.4674714E+01   8.6269226E+00   6.6806674E+00   1.1622237E+01   4.1421795E+00   7.8367510E+00   7.5646358E+00   2.6014249E+00   4.6448421E+00   5.9908271E+00   2.9945374E+00   1.6638899E+00   6.8602071E+00   8.0843639E+00   9.4865799E+00   8.6706333E+00   6.7915149E+00   2.3975632E+01   3.3329990E+01   4.0553967E+01   6.6588547E+01   9.7068771E+01   1.3562363E+02   1.8694038E+02   2.1022905E+02   2.6667020E+02   2.6348862E+02   3.4356107E+02   4.0999792E+02   4.0814301E+02   4.1725800E+02   7.5385876E+02   1.7977924E+03   4.8450616E+02   4.0472952E+02  -1.6407961E+02  -5.6065179E+02   1.8478907E+03   8.8298203E+03   1.7828471E+04   2.0491074E+04   1.1748878E+03  -2.7128590E+04  -6.9795352E+03   4.6251055E+03   2.0438456E+03  -8.9051387E+03  -2.4589393E+04   0.0000000E+00
   0.0000000E+00   0.0000000E+00   0.0000000E+00   0.0000000E+00   0.0000000E+00   0.0000000E+00   0.0000000E+00   0.0000000E+00   0.0000000E+00   0.0000000E+00   0.0000000E+00   0.0000000E+00   0.0000000E+00   0.0000000E+00   0.0000000E+00   0.0000000E+00   0.0000000E+00   0.0000000E+00   0.0000000E+00   0.0000000E+00   0.0000000E+00   0.0000000E+00   0.0000000E+00   0.0000000E+00   0.0000000E+00   0.0000000E+00   0.0000000E+00   0.0000000E+00   0.0000000E+00   0.0000000E+00   0.0000000E+00   0.0000000E+00   0.0000000E+00   0.0000000E+00   0.0000000E+00   0.0000000E+00   0.0000000E+00   7.4769055E-06   2.1292343E-04   3.1968022E-03   3.8649559E-02   3.8322195E-01   3.0212367E+00   1.7582499E+01   6.3017239E+01   7.6387833E+01   4.1676266E+01   3.1162901E+01   2.3337482E+01   2.0784149E+01   1.7593349E+01   1.2440356E+01   7.4450254E+00   6.2299857E+00   9.8916063E+00   3.9441879E+00   7.1216536E+00   6.4397783E+00   2.3990123E+00   4.2265067E+00   5.1226144E+00   2.2847381E+00   1.4208900E+00   5.9240484E+00   7.0848126E+00   8.1462860E+00   7.1636314E+00   6.3924608E+00   2.1919476E+01   3.0877033E+01   3.9018406E+01   6.5611496E+01   9.7138374E+01   1.3747913E+02   1.8815405E+02   2.1205087E+02   2.6199567E+02   2.6563989E+02   3.6314072E+02   3.8929227E+02   4.0886893E+02   4.2427423E+02   7.8250208E+02   1.8126348E+03   4.8761496E+02   4.2242599E+02  -1.2722299E+02  -5.7003345E+02   2.1437097E+03   9.2498555E+03   1.8089592E+04   1.9532293E+04   4.6851041E+02  -2.6764246E+04  -6.7384199E+03   4.5440918E+03   1.8026010E+03  -9.1666016E+03  -2.4039404E+04   0.0000000E+00
   0.0000000E+00   0.0000000E+00   0.0000000E+00   0.0000000E+00   0.0000000E+00   0.0000000E+00   0.0000000E+00   0.0000000E+00   0.0000000E+00   0.0000000E+00   0.0000000E+00   0.0000000E+00   0.0000000E+00   0.0000000E+00   0.0000000E+00   0.0000000E+00   0.0000000E+00   0.0000000E+00   0.0000000E+00   0.0000000E+00   0.0000000E+00   0.0000000E+00   0.0000000E+00   0.0000000E+00   0.0000000E+00   0.0000000E+00   0.0000000E+00   0.0000000E+00   0.0000000E+00   0.0000000E+00   0.0000000E+00   0.0000000E+00   0.0000000E+00   0.0000000E+00   0.0000000E+00   0.0000000E+00   7.3443161E-06   2.1218073E-04   3.2782564E-03   4.0952560E-02   4.1976860E-01   3.3987505E+00   1.9860340E+01   6.8567329E+01   6.4726311E+01   3.8914963E+01   3.2323448E+01   2.5178049E+01   2.0076189E+01   1.8267387E+01   1.5310005E+01   1.0805618E+01   6.6059561E+00   5.8924227E+00   8.5814362E+00   3.8286164E+00   6.5139494E+00   5.5907779E+00   2.2679949E+00   3.8837261E+00   4.3906240E+00   1.7207897E+00   1.2057501E+00   5.1934462E+00   6.2086515E+00   6.9462371E+00   5.8513699E+00   6.0364895E+00   2.0095343E+01   2.8613575E+01   3.7715813E+01   6.4622917E+01   9.7346237E+01   1.3921387E+02   1.8855099E+02   2.1324963E+02   2.5892636E+02   2.6803595E+02   3.7085458E+02   3.7851459E+02   4.0812051E+02   4.3256573E+02   8.0850989E+02   1.8096410E+03   4.8720975E+02   4.3125781E+02  -1.0423873E+02  -5.4456317E+02   2.3622341E+03   9.5098604E+03   1.8466508E+04   1.8654461E+04  -1.7256139E+02  -2.6397475E+04  -6.5040117E+03   4.4600566E+03   1.5626831E+03  -9.4109688E+03  -2.3502637E+04   0.0000000E+00
   0.0000000E+00   0.0000000E+00   0.0000000E+00   0.0000000E+00   0.0000000E+00   0.0000000E+00   0.0000000E+00   0.0000000E+00   0.0000000E+00   0.0000000E+00   0.0000000E+00   0.0000000E+00   0.0000000E+00   0.0000000E+00   0.0000000E+00   0.0000000E+00   0.0000000E+00   0.0000000E+00   0.0000000E+00   0.0000000E+00   0.0000000E+00   0.0000000E+00   0.0000000E+00   0.0000000E+00   0.0000000E+00   0.0000000E+00   0.0000000E+00   0.0000000E+00   0.0000000E+00   0.0000000E+00   0.0000000E+00   0.0000000E+00   0.0000000E+00   0.0000000E+00   0.0000000E+00   7.5357830E-06   2.2058460E-04   3.4933668E-03   4.4832923E-02   4.7153908E-01   3.8957512E+00   2.2822136E+01   7.5219261E+01   5.1565731E+01   3.7296333E+01   2.9774828E+01   2.5964203E+01   2.1472261E+01   1.7882797E+01   1.6413759E+01   1.3563893E+01   9.5619230E+00   5.9974995E+00   5.6270037E+00   7.5721979E+00   3.7635207E+00   6.0108142E+00   4.9191489E+00   2.1851075E+00   3.5916717E+00   3.7641423E+00   1.2732242E+00   1.0498576E+00   4.5789757E+00   5.4360867E+00   5.8545055E+00   4.7138915E+00   5.7227111E+00   1.8430029E+01   2.6560459E+01   3.6585007E+01   6.3720196E+01   9.7702385E+01   1.4082916E+02   1.8859351E+02   2.1406369E+02   2.5667569E+02   2.7039420E+02   3.7291898E+02   3.7241037E+02   4.0679526E+02   4.4147006E+02   8.3211475E+02   1.7923964E+03   4.8996069E+02   4.3533548E+02  -8.8187416E+01  -5.0042746E+02   2.5534199E+03   9.7746328E+03   1.8741797E+04   1.7874527E+04  -7.7185626E+02  -2.6030174E+04  -6.2762661E+03   4.3731245E+03   1.3243945E+03  -9.6389541E+03  -2.2978752E+04   0.0000000E+00
   0.0000000E+00   0.0000000E+00   0.0000000E+00   0.0000000E+00   0.0000000E+00   0.0000000E+00   0.0000000E+00   0.0000000E+00   0.0000000E+00   0.0000000E+00   0.0000000E+00   0.0000000E+00   0.0000000E+00   0.0000000E+00   0.0000000E+00   0.0000000E+00   0.0000000E+00   0.0000000E+00   0.0000000E+00   0.0000000E+00   0.0000000E+00   0.0000000E+00   0.0000000E+00   0.0000000E+00   0.0000000E+00   0.0000000E+00   0.0000000E+00   0.0000000E+00   0.0000000E+00   0.0000000E+00   0.0000000E+00   0.0000000E+00   0.0000000E+00   0.0000000E+00   8.0246200E-06   2.3777781E-04   3.8492561E-03   5.0540343E-02   5.4209810E-01   4.5325246E+00   2.6412485E+01   8.2741333E+01   3.7076080E+01   3.5920166E+01   2.8171227E+01   2.3631813E+01   2.2049498E+01   1.8960470E+01   1.6298901E+01   1.4969981E+01   1.2181279E+01   8.5899887E+00   5.5499058E+00   5.4101696E+00   6.7857533E+00   3.7286294E+00   5.5845280E+00   4.3845892E+00   2.1337225E+00   3.3341219E+00   3.2231596E+00   9.2043233E-01   9.3673921E-01   4.0527229E+00   4.7413402E+00   4.8712096E+00   3.7570131E+00   5.3857007E+00   1.6898870E+01   2.4700878E+01   3.5598591E+01   6.2949348E+01   9.8206726E+01   1.4232932E+02   1.8848820E+02   2.1461705E+02   2.5488319E+02   2.7260266E+02   3.7228680E+02   3.6851810E+02   4.0534354E+02   4.5067340E+02   8.5350421E+02   1.7674480E+03   4.9469464E+02   4.3684186E+02  -7.5446281E+01  -4.4574384E+02   2.7317249E+03   1.0035376E+04   1.8927041E+04   1.7182680E+04  -1.3411104E+03  -2.5663270E+04  -6.0551338E+03   4.2834233E+03   1.0880139E+03  -9.8512441E+03  -2.2467414E+04   0.0000000E+00
   0.0000000E+00   0.0000000E+00   0.0000000E+00   0.0000000E+00   0.0000000E+00   0.0000000E+00   0.0000000E+00   0.0000000E+00   0.0000000E+00   0.0000000E+00   0.0000000E+00   0.0000000E+00   0.0000000E+00   0.0000000E+00   0.0000000E+00   0.0000000E+00   0.0000000E+00   0.0000000E+00   0.0000000E+00   0.0000000E+00   0.0000000E+00   0.0000000E+00   0.0000000E+00   0.0000000E+00   0.0000000E+00   0.0000000E+00   0.0000000E+00   0.0000000E+00   0.0000000E+00   0.0000000E+00   0.0000000E+00   0.0000000E+00   0.0000000E+00   8.8176948E-06   2.6432282E-04   4.3651951E-03   5.8430988E-02   6.3587016E-01   5.3398390E+00   3.0633078E+01   8.9979462E+01   2.7585184E+01   2.9406219E+01   2.6816729E+01   2.2056231E+01   1.9917540E+01   1.9412123E+01   1.7154907E+01   1.5092079E+01   1.3798887E+01   1.1058242E+01   7.8159604E+00   5.2171946E+00   5.2278838E+00   6.1679440E+00   3.7104180E+00   5.2174087E+00   3.9572909E+00   2.1017897E+00   3.1006103E+00   2.7538888E+00   6.4494544E-01   8.5374165E-01   3.5933881E+00   4.1067944E+00   3.9827843E+00   2.9438956E+00   5.0286283E+00   1.5483118E+01   2.3034449E+01   3.4720413E+01   6.2315182E+01   9.8850601E+01   1.4373427E+02   1.8832553E+02   2.1497957E+02   2.5338156E+02   2.7462094E+02   3.7036972E+02   3.6568723E+02   4.0399219E+02   4.6002362E+02   8.7288293E+02   1.7390332E+03   5.0001071E+02   4.3695636E+02  -6.4110092E+01  -3.8458936E+02   2.9044187E+03   1.0287992E+04   1.9040492E+04   1.6560557E+04  -1.8862549E+03  -2.5297252E+04  -5.8405591E+03   4.1910830E+03   8.5379816E+02  -1.0048500E+04  -2.1968305E+04   0.0000000E+00
   0.0000000E+00   0.0000000E+00   0.0000000E+00   0.0000000E+00   0.0000000E+00   0.0000000E+00   0.0000000E+00   0.0000000E+00   0.0000000E+00   0.0000000E+00   0.0000000E+00   0.0000000E+00   0.0000000E+00   0.0000000E+00   0.0000000E+00   0.0000000E+00   0.0000000E+00   0.0000000E+00   0.0000000E+00   0.0000000E+00   0.0000000E+00   0.0000000E+00   0.0000000E+00   0.0000000E+00   0.0000000E+00   0.0000000E+00   0.0000000E+00   0.0000000E+00   0.0000000E+00   0.0000000E+00   0.0000000E+00   0.0000000E+00   9.9445751E-06   3.0145553E-04   5.0712689E-03   6.9000907E-02   7.5829613E-01   6.3525267E+00   3.5506866E+01   9.6040909E+01   2.4634405E+01   2.2006935E+01   2.0550114E+01   2.0729980E+01   1.8356905E+01   1.7472324E+01   1.7527628E+01   1.5800242E+01   1.4132214E+01   1.2819939E+01   1.0128278E+01   7.1911387E+00   4.9678097E+00   5.0714769E+00   5.6796055E+00   3.6999669E+00   4.8976307E+00   3.6144922E+00   2.0805743E+00   2.8845346E+00   2.3462427E+00   4.3235701E-01   7.9102790E-01   3.1846347E+00   3.5200014E+00   3.1780033E+00   2.2452829E+00   4.6536751E+00   1.4168514E+01   2.1538271E+01   3.3943180E+01   6.1842075E+01   9.9631256E+01   1.4500980E+02   1.8815454E+02   2.1519478E+02   2.5209013E+02   2.7643802E+02   3.6784793E+02   3.6338388E+02   4.0285519E+02   4.6944247E+02   8.9044989E+02   1.7092960E+03   5.0528848E+02   4.3633279E+02  -5.3158569E+01  -3.1901013E+02   3.0750459E+03   1.0530989E+04   1.9099271E+04   1.5990136E+04  -2.4103723E+03  -2.4932422E+04  -5.6324834E+03   4.0962334E+03   6.2198303E+02  -1.0231356E+04  -2.1481107E+04   0.0000000E+00
   0.0000000E+00   0.0000000E+00   0.0000000E+00   0.0000000E+00   0.0000000E+00   0.0000000E+00   0.0000000E+00   0.0000000E+00   0.0000000E+00   0.0000000E+00   0.0000000E+00   0.0000000E+00   0.0000000E+00   0.0000000E+00   0.0000000E+00   0.0000000E+00   0.0000000E+00   0.0000000E+00   0.0000000E+00   0.0000000E+00   0.0000000E+00   0.0000000E+00   0.0000000E+00   0.0000000E+00   0.0000000E+00   0.0000000E+00   0.0000000E+00   0.0000000E+00   0.0000000E+00   0.0000000E+00   0.0000000E+00   6.1248938E-06   2.6358812E-04   6.1011775E-03   8.2885019E-02   9.1603065E-01   7.6024017E+00   4.0826946E+01   9.6728455E+01   2.5653053E+01   1.8297478E+01   1.5474431E+01   1.5867711E+01   1.7035563E+01   1.5925596E+01   1.5771893E+01   1.6122841E+01   1.4748830E+01   1.3341311E+01   1.1982808E+01   9.3465719E+00   6.6817369E+00   4.7794771E+00   4.9353576E+00   5.2915378E+00   3.6915259E+00   4.6168733E+00   3.3384104E+00   2.0638194E+00   2.6818731E+00   1.9923818E+00   2.7062178E-01   7.4089777E-01   2.8139181E+00   2.9721141E+00   2.4472606E+00   1.6376481E+00   4.2625194E+00   1.2943558E+01   2.0193020E+01   3.3261909E+01   6.1524670E+01   1.0053242E+02   1.4618628E+02   1.8797142E+02   2.1529291E+02   2.5096515E+02   2.7805667E+02   3.6505264E+02   3.6136398E+02   4.0198849E+02   4.7888504E+02   9.0638190E+02   1.6793254E+03   5.1027777E+02   4.3534726E+02  -4.2026741E+01  -2.5003918E+02   3.2452703E+03   1.0764153E+04   1.9116910E+04   1.5456801E+04  -2.9151487E+03  -2.4568996E+04  -5.4308403E+03   3.9990051E+03   3.9278506E+02  -1.0400424E+04  -2.1005521E+04   0.0000000E+00
   0.0000000E+00   0.0000000E+00   0.0000000E+00   0.0000000E+00   0.0000000E+00   0.0000000E+00   0.0000000E+00   0.0000000E+00   0.0000000E+00   0.0000000E+00   0.0000000E+00   0.0000000E+00   0.0000000E+00   0.0000000E+00   0.0000000E+00   0.0000000E+00   0.0000000E+00   0.0000000E+00   0.0000000E+00   0.0000000E+00   0.0000000E+00   0.0000000E+00   0.0000000E+00   0.0000000E+00   0.0000000E+00   0.0000000E+00   0.0000000E+00   0.0000000E+00   0.0000000E+00   0.0000000E+00   3.0803060E-06   1.5883664E-04   4.8694154E-03   1.0348838E-01   1.1165283E+00   9.1134405E+00   4.6120872E+01   8.4985863E+01   3.4747978E+01   1.8579077E+01   1.3196378E+01   1.1876217E+01   1.3017980E+01   1.4597912E+01   1.4243199E+01   1.4542036E+01   1.5040928E+01   1.3909092E+01   1.2670230E+01   1.1254440E+01   8.6816759E+00   6.2633324E+00   4.6361623E+00   4.8157191E+00   4.9814997E+00   3.6815290E+00   4.3689647E+00   3.1149385E+00   2.0471511E+00   2.4902968E+00   1.6858711E+00   1.4957674E-01   6.9731003E-01   2.4716294E+00   2.4567900E+00   1.7821056E+00   1.1018999E+00   3.8566186E+00   1.1798885E+01   1.8982372E+01   3.2672745E+01   6.1357521E+01   1.0153780E+02   1.4726894E+02   1.8777507E+02   2.1529482E+02   2.4999574E+02   2.7947968E+02   3.6214804E+02   3.5951871E+02   4.0141702E+02   4.8832104E+02   9.2083191E+02   1.6496748E+03   5.1489990E+02   4.3422699E+02  -3.0384796E+01  -1.7820607E+02   3.4158264E+03   1.0987815E+04   1.9103266E+04   1.4949717E+04  -3.4015854E+03  -2.4207137E+04  -5.2355630E+03   3.8995300E+03   1.6640181E+02  -1.0556291E+04  -2.0541246E+04   0.0000000E+00
   0.0000000E+00   0.0000000E+00   0.0000000E+00   0.0000000E+00   0.0000000E+00   0.0000000E+00   0.0000000E+00   0.0000000E+00   0.0000000E+00   0.0000000E+00   0.0000000E+00   0.0000000E+00   0.0000000E+00   0.0000000E+00   0.0000000E+00   0.0000000E+00   0.0000000E+00   0.0000000E+00   0.0000000E+00   0.0000000E+00   0.0000000E+00   0.0000000E+00   0.0000000E+00   0.0000000E+00   0.0000000E+00   0.0000000E+00   0.0000000E+00   0.0000000E+00   0.0000000E+00   9.2452723E-07   7.1594935E-05   2.6053484E-03   7.4371740E-02   1.4247139E+00   1.0938999E+01   5.2053627E+01   7.3929329E+01   3.2234890E+01   2.5814348E+01   1.3938593E+01   1.0218542E+01   9.6478128E+00   1.1146066E+01   1.2904326E+01   1.3037926E+01   1.3625156E+01   1.4185309E+01   1.3221230E+01   1.2086810E+01   1.0612184E+01   8.1107626E+00   5.9176702E+00   4.5261564E+00   4.7098031E+00   4.7322946E+00   3.6679001E+00   4.1490917E+00   2.9327731E+00   2.0276337E+00   2.3085577E+00   1.4211848E+00   6.0599182E-02   6.5553683E-01   2.1504440E+00   1.9694207E+00   1.1749475E+00   6.2245315E-01   3.4373620E+00   1.0726814E+01   1.7892542E+01   3.2172756E+01   6.1335037E+01   1.0263145E+02   1.4826297E+02   1.8758136E+02   2.1522292E+02   2.4914565E+02   2.8071512E+02   3.5921762E+02   3.5780219E+02   4.0114911E+02   4.9772653E+02   9.3393188E+02   1.6206230E+03   5.1915277E+02   4.3311798E+02  -1.8025866E+01  -1.0378973E+02   3.5869968E+03   1.1202477E+04   1.9065229E+04   1.4461213E+04  -3.8703472E+03  -2.3847000E+04  -5.0465771E+03   3.7979392E+03  -5.6986713E+01  -1.0699523E+04  -2.0087994E+04   0.0000000E+00
   0.0000000E+00   0.0000000E+00   0.0000000E+00   0.0000000E+00   0.0000000E+00   0.0000000E+00   0.0000000E+00   0.0000000E+00   0.0000000E+00   0.0000000E+00   0.0000000E+00   0.0000000E+00   0.0000000E+00   0.0000000E+00   0.0000000E+00   0.0000000E+00   0.0000000E+00   0.0000000E+00   0.0000000E+00   0.0000000E+00   0.0000000E+00   0.0000000E+00   0.0000000E+00   0.0000000E+00   0.0000000E+00   0.0000000E+00   0.0000000E+00   0.0000000E+00   0.0000000E+00   2.6677266E-05   1.0104746E-03   3.3226725E-02   8.4768248E-01   1.4110168E+01   5.8742294E+01   6.2392635E+01   3.0506729E+01   2.4004877E+01   1.9872644E+01   1.1082422E+01   8.2948170E+00   8.1739893E+00   9.8569851E+00   1.1687099E+01   1.2153158E+01   1.2924431E+01   1.3493233E+01   1.2644647E+01   1.1569358E+01   1.0039949E+01   7.6167879E+00   5.6307406E+00   4.4408154E+00   4.6154776E+00   4.5304990E+00   3.6495667E+00   3.9533262E+00   2.7828074E+00   2.0034306E+00   2.1360602E+00   1.1934155E+00  -3.6481388E-03   6.1190695E-01   1.8448235E+00   1.5065814E+00   6.1887097E-01   1.8654451E-01   3.0061529E+00   9.7209806E+00   1.6911911E+01   3.1759768E+01   6.1451450E+01   1.0379814E+02   1.4917378E+02   1.8738690E+02   2.1509167E+02   2.4840369E+02   2.8176895E+02   3.5630838E+02   3.5619711E+02   4.0118338E+02   5.0708051E+02   9.4579565E+02   1.5923075E+03   5.2306543E+02   4.3212027E+02  -4.8087897E+00  -2.6944113E+01   3.7588457E+03   1.1408624E+04   1.9007559E+04   1.3986017E+04  -4.3219326E+03  -2.3488719E+04  -4.8638076E+03   3.6943633E+03  -2.7721677E+02  -1.0830665E+04  -1.9645486E+04   0.0000000E+00
   0.0000000E+00   0.0000000E+00   0.0000000E+00   0.0000000E+00   0.0000000E+00   0.0000000E+00   0.0000000E+00   0.0000000E+00   0.0000000E+00   0.0000000E+00   0.0000000E+00   0.0000000E+00   0.0000000E+00   0.0000000E+00   0.0000000E+00   0.0000000E+00   0.0000000E+00   0.0000000E+00   0.0000000E+00   0.0000000E+00   0.0000000E+00   0.0000000E+00   0.0000000E+00   0.0000000E+00   0.0000000E+00   0.0000000E+00   0.0000000E+00   0.0000000E+00   7.1597724E-06   3.1805914E-04   1.0393918E-02   2.8079852E-01   5.8295469E+00   7.8049255E+01   5.0174259E+01   2.9307798E+01   2.2293541E+01   1.8646019E+01   1.6154871E+01   9.1519833E+00   6.9741316E+00   7.1594458E+00   8.9420099E+00   1.0792393E+01   1.1492222E+01   1.2377318E+01   1.2922154E+01   1.2150955E+01   1.1102880E+01   9.5259371E+00   7.1867013E+00   5.3915691E+00   4.3737054E+00   4.5309958E+00   4.3655629E+00   3.6261132E+00   3.7783484E+00   2.6576929E+00   1.9735326E+00   1.9725742E+00   9.9810570E-01  -4.9412470E-02   5.6360847E-01   1.5506194E+00   1.0656424E+00   1.0752276E-01  -2.1628554E-01   2.5644383E+00   8.7760773E+00   1.6030729E+01   3.1432180E+01   6.1700840E+01   1.0502328E+02   1.5000635E+02   1.8718938E+02   2.1491379E+02   2.4775845E+02   2.8265463E+02   3.5344043E+02   3.5469885E+02   4.0151291E+02   5.1636346E+02   9.5652277E+02   1.5647903E+03   5.2667737E+02   4.3130734E+02   9.3711033E+00   5.2239113E+01   3.9313335E+03   1.1606665E+04   1.8933514E+04   1.3520563E+04  -4.7567568E+03  -2.3132430E+04  -4.6871748E+03   3.5889314E+03  -4.9414029E+02  -1.0950240E+04  -1.9213449E+04   0.0000000E+00
   0.0000000E+00   0.0000000E+00   0.0000000E+00   0.0000000E+00   0.0000000E+00   0.0000000E+00   0.0000000E+00   0.0000000E+00   0.0000000E+00   0.0000000E+00   0.0000000E+00   0.0000000E+00   0.0000000E+00   0.0000000E+00   0.0000000E+00   0.0000000E+00   0.0000000E+00   0.0000000E+00   0.0000000E+00   0.0000000E+00   0.0000000E+00   0.0000000E+00   0.0000000E+00   0.0000000E+00   0.0000000E+00   0.0000000E+00   0.0000000E+00   8.8812573E-07   6.9896836E-05   2.4758256E-03   6.4375378E-02   1.1738033E+00   1.3338653E+01   6.9354546E+01   5.0767685E+01   4.9190922E+01   1.7008795E+01   1.5415532E+01   1.3591811E+01   7.7660227E+00   6.0316362E+00   6.4444399E+00   8.2805634E+00   1.0125428E+01   1.0992223E+01   1.1941804E+01   1.2442216E+01   1.1719841E+01   1.0676801E+01   9.0612450E+00   6.8102946E+00   5.1914129E+00   4.3200045E+00   4.4548635E+00   4.2291651E+00   3.5975404E+00   3.6212785E+00   2.5515077E+00   1.9375458E+00   1.8180363E+00   8.3115035E-01  -8.2005776E-02   5.0853384E-01   1.2647616E+00   6.4449263E-01  -3.6495647E-01  -5.9459233E-01   2.1137159E+00   7.8876505E+00   1.5240868E+01   3.1188829E+01   6.2077133E+01   1.0629312E+02   1.5076541E+02   1.8698705E+02   2.1470010E+02   2.4719858E+02   2.8338058E+02   3.5062308E+02   3.5331308E+02   4.0212671E+02   5.2555786E+02   9.6620221E+02   1.5380944E+03   5.3002954E+02   4.3073648E+02   2.4597090E+01   1.3369904E+02   4.1043696E+03   1.1796912E+04   1.8845359E+04   1.3062475E+04  -5.1751938E+03  -2.2778258E+04  -4.5165942E+03   3.4817725E+03  -7.0762390E+02  -1.1058749E+04  -1.8791615E+04   0.0000000E+00
   0.0000000E+00   0.0000000E+00   0.0000000E+00   0.0000000E+00   0.0000000E+00   0.0000000E+00   0.0000000E+00   0.0000000E+00   0.0000000E+00   0.0000000E+00   0.0000000E+00   0.0000000E+00   0.0000000E+00   0.0000000E+00   0.0000000E+00   0.0000000E+00   0.0000000E+00   0.0000000E+00   0.0000000E+00   0.0000000E+00   0.0000000E+00   0.0000000E+00   0.0000000E+00   0.0000000E+00   0.0000000E+00   0.0000000E+00   0.0000000E+00   8.2295437E-06   3.4946669E-04   9.7672073E-03   1.8700869E-01   2.3897717E+00   1.8403379E+01   6.3353771E+01   5.3917076E+01   6.0188713E+01   1.3879441E+01   1.3265291E+01   1.1706038E+01   6.7289648E+00   5.3427382E+00   5.9351673E+00   7.7983003E+00   9.6245556E+00   1.0610502E+01   1.1588733E+01   1.2031866E+01   1.1336514E+01   1.0283524E+01   8.6389866E+00   6.4794240E+00   5.0232215E+00   4.2760768E+00   4.3857646E+00   4.1147313E+00   3.5640957E+00   3.4795790E+00   2.4594998E+00   1.8955194E+00   1.6724228E+00   6.8874300E-01  -1.0593036E-01   4.4515371E-01   9.8500633E-01   2.4135056E-01  -8.0397147E-01  -9.5534426E-01   1.6555222E+00   7.0519590E+00   1.4535579E+01   3.1028839E+01   6.2574146E+01   1.0759478E+02   1.5145537E+02   1.8677904E+02   2.1445993E+02   2.4671307E+02   2.8395572E+02   3.4787561E+02   3.5203445E+02   4.0301349E+02   5.3464594E+02   9.7490747E+02   1.5122236E+03   5.3316034E+02   4.3045465E+02   4.0938938E+01   2.1738937E+02   4.2778384E+03   1.1979584E+04   1.8744707E+04   1.2610190E+04  -5.5775928E+03  -2.2426330E+04  -4.3519805E+03   3.3730137E+03  -9.1754803E+02  -1.1156679E+04  -1.8379729E+04   0.0000000E+00
   0.0000000E+00   0.0000000E+00   0.0000000E+00   0.0000000E+00   0.0000000E+00   0.0000000E+00   0.0000000E+00   0.0000000E+00   0.0000000E+00   0.0000000E+00   0.0000000E+00   0.0000000E+00   0.0000000E+00   0.0000000E+00   0.0000000E+00   0.0000000E+00   0.0000000E+00   0.0000000E+00   0.0000000E+00   0.0000000E+00   0.0000000E+00   0.0000000E+00   0.0000000E+00   0.0000000E+00   0.0000000E+00   0.0000000E+00   0.0000000E+00   2.6904512E-05   9.7648922E-04   2.2873828E-02   3.5496905E-01   3.6149480E+00   2.1994951E+01   5.9171448E+01   5.7313759E+01   6.7057320E+01   1.1856254E+01   1.1727792E+01   1.0252435E+01   5.9305010E+00   4.8329511E+00   5.5730400E+00   7.4469700E+00   9.2478571E+00   1.0317114E+01   1.1297327E+01   1.1675176E+01   1.0990057E+01   9.9175091E+00   8.2537127E+00   6.1874800E+00   4.8812542E+00   4.2391677E+00   4.3225226E+00   4.0170650E+00   3.5261583E+00   3.3509953E+00   2.3778808E+00   1.8478093E+00   1.5356685E+00   5.6734568E-01  -1.2498336E-01   3.7241334E-01   7.0973730E-01  -1.4536726E-01  -1.2144965E+00  -1.3041786E+00   1.1914208E+00   6.2658577E+00   1.3909312E+01   3.0951527E+01   6.3185619E+01   1.0891615E+02   1.5208041E+02   1.8656503E+02   2.1420105E+02   2.4629128E+02   2.8438934E+02   3.4520276E+02   3.5086743E+02   4.0415942E+02   5.4361194E+02   9.8271246E+02   1.4871637E+03   5.3610492E+02   4.3050198E+02   5.8457127E+01   3.0326987E+02   4.4516094E+03   1.2154828E+04   1.8632723E+04   1.2162705E+04  -5.9642920E+03  -2.2076766E+04  -4.1932451E+03   3.2627805E+03  -1.1238063E+03  -1.1244493E+04  -1.7977535E+04   0.0000000E+00
   0.0000000E+00   0.0000000E+00   0.0000000E+00   0.0000000E+00   0.0000000E+00   0.0000000E+00   0.0000000E+00   0.0000000E+00   0.0000000E+00   0.0000000E+00   0.0000000E+00   0.0000000E+00   0.0000000E+00   0.0000000E+00   0.0000000E+00   0.0000000E+00   0.0000000E+00   0.0000000E+00   0.0000000E+00   0.0000000E+00   0.0000000E+00   0.0000000E+00   0.0000000E+00   0.0000000E+00   0.0000000E+00   0.0000000E+00   0.0000000E+00   5.6759887E-05   1.9129403E-03   3.9949208E-02   5.3994185E-01   4.7386250E+00   2.4682421E+01   5.6715843E+01   6.0359581E+01   7.1195702E+01   1.0466010E+01   1.0564639E+01   9.0931301E+00   5.3039260E+00   4.4550085E+00   5.3196101E+00   7.1938953E+00   8.9657536E+00   1.0090423E+01   1.1052434E+01   1.1360158E+01   1.0672338E+01   9.5746603E+00   7.9010167E+00   5.9290180E+00   4.7607999E+00   4.2071772E+00   4.2640777E+00   3.9320624E+00   3.4841626E+00   3.2335198E+00   2.3036582E+00   1.7949696E+00   1.4076221E+00   4.6367404E-01  -1.4234537E-01   2.8964520E-01   4.3780488E-01  -5.1713115E-01  -1.6010901E+00  -1.6456126E+00   7.2298664E-01   5.5267100E+00   1.3357546E+01   3.0956299E+01   6.3905258E+01   1.1024600E+02   1.5264458E+02   1.8634505E+02   2.1392998E+02   2.4592329E+02   2.8469086E+02   3.4260840E+02   3.4981519E+02   4.0555005E+02   5.5244189E+02   9.8968030E+02   1.4628950E+03   5.3889551E+02   4.3091690E+02   7.7205177E+01   3.9130194E+02   4.6255454E+03   1.2322727E+04   1.8510297E+04   1.1719388E+04  -6.3356196E+03  -2.1729680E+04  -4.0402969E+03   3.1511968E+03  -1.3263042E+03  -1.1322641E+04  -1.7584795E+04   0.0000000E+00
   0.0000000E+00   0.0000000E+00   0.0000000E+00   0.0000000E+00   0.0000000E+00   0.0000000E+00   0.0000000E+00   0.0000000E+00   0.0000000E+00   0.0000000E+00   0.0000000E+00   0.0000000E+00   0.0000000E+00   0.0000000E+00   0.0000000E+00   0.0000000E+00   0.0000000E+00   0.0000000E+00   0.0000000E+00   0.0000000E+00   0.0000000E+00   0.0000000E+00   0.0000000E+00   0.0000000E+00   0.0000000E+00   0.0000000E+00   1.1921508E-06   9.2888564E-05   3.0324981E-03   5.8732972E-02   7.2339004E-01   5.7375989E+00   2.6796083E+01   5.5616711E+01   6.2967781E+01   7.3445396E+01   9.4637604E+00   9.6436119E+00   8.1452179E+00   4.8065848E+00   4.1773934E+00   5.1485777E+00   7.0161171E+00   8.7566967E+00   9.9144239E+00   1.0842790E+01   1.1077641E+01   1.0377252E+01   9.2519035E+00   7.5772705E+00   5.6994905E+00   4.6579723E+00   4.1784987E+00   4.2094784E+00   3.8564885E+00   3.4385478E+00   3.1253674E+00   2.2344968E+00   1.7376680E+00   1.2880226E+00   3.7468836E-01  -1.6065712E-01   1.9649450E-01   1.6839917E-01  -8.7535149E-01  -1.9679065E+00  -1.9832166E+00   2.5179306E-01   4.8323274E+00   1.2876622E+01   3.1042603E+01   6.4726791E+01   1.1157388E+02   1.5315172E+02   1.8611955E+02   2.1365199E+02   2.4559985E+02   2.8486945E+02   3.4009561E+02   3.4888013E+02   4.0717068E+02   5.6112268E+02   9.9586853E+02   1.4394033E+03   5.4155884E+02   4.3172534E+02   9.7233154E+01   4.8144604E+02   4.7995010E+03   1.2483327E+04   1.8378127E+04   1.1279873E+04  -6.6919067E+03  -2.1385189E+04  -3.8930417E+03   3.0383843E+03  -1.5249590E+03  -1.1391552E+04  -1.7201266E+04   0.0000000E+00
   0.0000000E+00   0.0000000E+00   0.0000000E+00   0.0000000E+00   0.0000000E+00   0.0000000E+00   0.0000000E+00   0.0000000E+00   0.0000000E+00   0.0000000E+00   0.0000000E+00   0.0000000E+00   0.0000000E+00   0.0000000E+00   0.0000000E+00   0.0000000E+00   0.0000000E+00   0.0000000E+00   0.0000000E+00   0.0000000E+00   0.0000000E+00   0.0000000E+00   0.0000000E+00   0.0000000E+00   0.0000000E+00   0.0000000E+00   1.7277914E-06   1.3272566E-04   4.2129192E-03   7.7567719E-02   8.9630908E-01   6.6230946E+00   2.8536854E+01   5.5548824E+01   6.5146149E+01   7.4348450E+01   8.7110720E+00   8.8870230E+00   7.3561316E+00   4.4098697E+00   3.9781687E+00   5.0412922E+00   6.8969698E+00   8.6045561E+00   9.7770290E+00   1.0659871E+01   1.0820542E+01   1.0100204E+01   8.9468994E+00   7.2794347E+00   5.4950585E+00   4.5695505E+00   4.1518974E+00   4.1578736E+00   3.7878008E+00   3.3897312E+00   3.0249596E+00   2.1686015E+00   1.6766207E+00   1.1764940E+00   2.9758856E-01  -1.8208659E-01   9.2855282E-02  -9.9050038E-02  -1.2214088E+00  -2.3187060E+00  -2.3197615E+00  -2.2059886E-01   4.1809096E+00   1.2463618E+01   3.1209850E+01   6.5643974E+01   1.1289011E+02   1.5360553E+02   1.8588922E+02   2.1337140E+02   2.4531239E+02   2.8493439E+02   3.3766708E+02   3.4806384E+02   4.0900650E+02   5.6964288E+02   1.0013300E+03   1.4166663E+03   5.4412067E+02   4.3296133E+02   1.1857943E+02   5.7366071E+02   4.9733291E+03   1.2636645E+04   1.8236789E+04   1.0843965E+04  -7.0334736E+03  -2.1043400E+04  -3.7513848E+03   2.9244622E+03  -1.7196986E+03  -1.1451640E+04  -1.6826719E+04   0.0000000E+00
   0.0000000E+00   0.0000000E+00   0.0000000E+00   0.0000000E+00   0.0000000E+00   0.0000000E+00   0.0000000E+00   0.0000000E+00   0.0000000E+00   0.0000000E+00   0.0000000E+00   0.0000000E+00   0.0000000E+00   0.0000000E+00   0.0000000E+00   0.0000000E+00   0.0000000E+00   0.0000000E+00   0.0000000E+00   0.0000000E+00   0.0000000E+00   0.0000000E+00   0.0000000E+00   0.0000000E+00   0.0000000E+00   0.0000000E+00   3.1526547E-06   1.7150983E-04   5.3724078E-03   9.5548540E-02   1.0560036E+00   7.4173403E+00   3.0029266E+01   5.6271412E+01   6.6911568E+01   7.4271721E+01   8.1248007E+00   8.2472496E+00   6.6909947E+00   4.0937696E+00   3.8414793E+00   4.9841084E+00   6.8240051E+00   8.4969740E+00   9.6689587E+00   1.0497148E+01   1.0583337E+01   9.8377228E+00   8.6578426E+00   7.0049214E+00   5.3124485E+00   4.4928570E+00   4.1264205E+00   4.1085081E+00   3.7240090E+00   3.3380890E+00   2.9309101E+00   2.1046185E+00   1.6125416E+00   1.0725501E+00   2.2981018E-01  -2.0838872E-01  -2.1184506E-02  -3.6495104E-01  -1.5566678E+00  -2.6568658E+00  -2.6573417E+00  -6.9264752E-01   3.5710027E+00   1.2116226E+01   3.1457394E+01   6.6650673E+01   1.1418572E+02   1.5400961E+02   1.8565494E+02   2.1309146E+02   2.4505330E+02   2.8489453E+02   3.3532483E+02   3.4736719E+02   4.1104279E+02   5.7799219E+02   1.0061136E+03   1.3946609E+03   5.4660443E+02   4.3465274E+02   1.4128574E+02   6.6790033E+02   5.1468750E+03   1.2782674E+04   1.8086775E+04   1.0411582E+04  -7.3606396E+03  -2.0704422E+04  -3.6152280E+03   2.8095476E+03  -1.9104613E+03  -1.1503304E+04  -1.6460930E+04   0.0000000E+00
   0.0000000E+00   0.0000000E+00   0.0000000E+00   0.0000000E+00   0.0000000E+00   0.0000000E+00   0.0000000E+00   0.0000000E+00   0.0000000E+00   0.0000000E+00   0.0000000E+00   0.0000000E+00   0.0000000E+00   0.0000000E+00   0.0000000E+00   0.0000000E+00   0.0000000E+00   0.0000000E+00   0.0000000E+00   0.0000000E+00   0.0000000E+00   0.0000000E+00   0.0000000E+00   0.0000000E+00   0.0000000E+00   0.0000000E+00   3.8749577E-06   2.0912607E-04   6.4703212E-03   1.1234482E-01   1.2032256E+00   8.1436405E+00   3.1352055E+01   5.7602573E+01   6.8286369E+01   7.3473190E+01   7.6527462E+00   7.6941047E+00   6.1257105E+00   3.8437412E+00   3.7554820E+00   4.9667578E+00   6.7876816E+00   8.4242907E+00   9.5829782E+00   1.0349549E+01   1.0361691E+01   9.5871954E+00   8.3833199E+00   6.7514982E+00   5.1488447E+00   4.4256592E+00   4.1013303E+00   4.0607171E+00   3.6635604E+00   3.2839506E+00   2.8420134E+00   2.0415516E+00   1.5461069E+00   9.7560620E-01   1.6901943E-01  -2.4095872E-01  -1.4539023E-01  -6.2960970E-01  -1.8824795E+00  -2.9853916E+00  -2.9974799E+00  -1.1628357E+00   3.0014603E+00   1.1832644E+01   3.1784500E+01   6.7740852E+01   1.1545246E+02   1.5436742E+02   1.8541766E+02   2.1281471E+02   2.4481555E+02   2.8475867E+02   3.3307059E+02   3.4679053E+02   4.1326505E+02   5.8616199E+02   1.0102645E+03   1.3733650E+03   5.4903174E+02   4.3682657E+02   1.6538696E+02   7.6411646E+02   5.3199839E+03   1.2921402E+04   1.7928520E+04   9.9827256E+03  -7.6737183E+03  -2.0368350E+04  -3.4844731E+03   2.6937551E+03  -2.0971948E+03  -1.1546926E+04  -1.6103674E+04   0.0000000E+00
   0.0000000E+00   0.0000000E+00   0.0000000E+00   0.0000000E+00   0.0000000E+00   0.0000000E+00   0.0000000E+00   0.0000000E+00   0.0000000E+00   0.0000000E+00   0.0000000E+00   0.0000000E+00   0.0000000E+00   0.0000000E+00   0.0000000E+00   0.0000000E+00   0.0000000E+00   0.0000000E+00   0.0000000E+00   0.0000000E+00   0.0000000E+00   0.0000000E+00   0.0000000E+00   0.0000000E+00   0.0000000E+00   0.0000000E+00   4.5515699E-06   2.4431272E-04   7.4954135E-03   1.2797609E-01   1.3402812E+00   8.8226137E+00   3.2572140E+01   5.9354511E+01   6.9327797E+01   7.2139931E+01   7.2610278E+00   7.2079020E+00   5.6429911E+00   3.6488485E+00   3.7110703E+00   4.9813228E+00   6.7805152E+00   8.3788357E+00   9.5133924E+00   1.0213115E+01   1.0152201E+01   9.3466549E+00   8.1222010E+00   6.5172157E+00   5.0018120E+00   4.3660946E+00   4.0760541E+00   4.0139227E+00   3.6052520E+00   3.2275991E+00   2.7572298E+00   1.9786904E+00   1.4779296E+00   8.8499486E-01   1.1310756E-01  -2.8088018E-01  -2.7942100E-01  -8.9327371E-01  -2.2001784E+00  -3.3069339E+00  -3.3412158E+00  -1.6296736E+00   2.4714062E+00   1.1611485E+01   3.2190346E+01   6.8908646E+01   1.1668269E+02   1.5468227E+02   1.8517841E+02   2.1254297E+02   2.4459297E+02   2.8453534E+02   3.3090558E+02   3.4633359E+02   4.1565933E+02   5.9414465E+02   1.0138246E+03   1.3527567E+03   5.5142279E+02   4.3950882E+02   1.9091438E+02   8.6225696E+02   5.4924976E+03   1.3052839E+04   1.7767170E+04   9.5526182E+03  -7.9730239E+03  -2.0035287E+04  -3.3590198E+03   2.5771970E+03  -2.2798557E+03  -1.1582873E+04  -1.5754743E+04   0.0000000E+00
   0.0000000E+00   0.0000000E+00   0.0000000E+00   0.0000000E+00   0.0000000E+00   0.0000000E+00   0.0000000E+00   0.0000000E+00   0.0000000E+00   0.0000000E+00   0.0000000E+00   0.0000000E+00   0.0000000E+00   0.0000000E+00   0.0000000E+00   0.0000000E+00   0.0000000E+00   0.0000000E+00   0.0000000E+00   0.0000000E+00   0.0000000E+00   0.0000000E+00   0.0000000E+00   0.0000000E+00   0.0000000E+00   0.0000000E+00   5.1827742E-06   2.7715784E-04   8.4535405E-03   1.4263681E-01   1.4698446E+00   9.4677458E+00   3.3929672E+01   6.1217873E+01   7.0057190E+01   7.0411118E+01   6.9270935E+00   6.7754683E+00   5.2299962E+00   3.5006111E+00   3.7010660E+00   5.0215626E+00   6.7965221E+00   8.3544283E+00   9.4556723E+00   1.0084722E+01   9.9521952E+00   9.1146345E+00   7.8735676E+00   6.3003497E+00   4.8692279E+00   4.3126044E+00   4.0501485E+00   3.9676273E+00   3.5481575E+00   3.1692731E+00   2.6756747E+00   1.9155507E+00   1.4085432E+00   7.9998350E-01   6.0183473E-02  -3.2896850E-01  -4.2286387E-01  -1.1561650E+00  -2.5110714E+00  -3.6238012E+00  -3.6891823E+00  -2.0916989E+00   1.9802055E+00   1.1451697E+01   3.2673992E+01   7.0148354E+01   1.1786932E+02   1.5495734E+02   1.8493820E+02   2.1227748E+02   2.4438010E+02   2.8423276E+02   3.2883093E+02   3.4599567E+02   4.1821155E+02   6.0193384E+02   1.0168332E+03   1.3328147E+03   5.5379675E+02   4.4272479E+02   2.1789589E+02   9.6226587E+02   5.6642637E+03   1.3176966E+04   1.7592572E+04   9.1319854E+03  -8.2588643E+03  -1.9705322E+04  -3.2387664E+03   2.4599829E+03  -2.4584087E+03  -1.1611502E+04  -1.5413928E+04   0.0000000E+00
