   0.0000000E+00   0.0000000E+00   0.0000000E+00   0.0000000E+00   0.0000000E+00   0.0000000E+00   0.0000000E+00   0.0000000E+00   0.0000000E+00   0.0000000E+00   0.0000000E+00   0.0000000E+00   0.0000000E+00   0.0000000E+00   0.0000000E+00   0.0000000E+00   0.0000000E+00   0.0000000E+00   0.0000000E+00   0.0000000E+00   0.0000000E+00   0.0000000E+00   0.0000000E+00   0.0000000E+00   0.0000000E+00   0.0000000E+00   0.0000000E+00   0.0000000E+00   0.0000000E+00   0.0000000E+00   0.0000000E+00   0.0000000E+00   0.0000000E+00   0.0000000E+00   0.0000000E+00   0.0000000E+00   0.0000000E+00   0.0000000E+00   0.0000000E+00   0.0000000E+00   0.0000000E+00   0.0000000E+00   0.0000000E+00   0.0000000E+00   0.0000000E+00   0.0000000E+00   0.0000000E+00   0.0000000E+00   0.0000000E+00   0.0000000E+00   0.0000000E+00   0.0000000E+00   0.0000000E+00   0.0000000E+00   0.0000000E+00   0.0000000E+00   0.0000000E+00   0.0000000E+00   0.0000000E+00   0.0000000E+00   0.0000000E+00   0.0000000E+00   0.0000000E+00   0.0000000E+00   0.0000000E+00   0.0000000E+00   0.0000000E+00   0.0000000E+00   0.0000000E+00   0.0000000E+00   0.0000000E+00   0.0000000E+00   0.0000000E+00   0.0000000E+00   0.0000000E+00   0.0000000E+00   0.0000000E+00   0.0000000E+00   0.0000000E+00   0.0000000E+00   0.0000000E+00   0.0000000E+00   0.0000000E+00   0.0000000E+00   0.0000000E+00   0.0000000E+00   0.0000000E+00   0.0000000E+00   0.0000000E+00   0.0000000E+00   0.0000000E+00   0.0000000E+00   0.0000000E+00   0.0000000E+00   0.0000000E+00   0.0000000E+00   0.0000000E+00   0.0000000E+00   0.0000000E+00   0.0000000E+00
   0.0000000E+00   0.0000000E+00   0.0000000E+00   0.0000000E+00   0.0000000E+00   0.0000000E+00   0.0000000E+00   1.4396751E-05   2.9363066E-05   4.4553795E-05   5.8015357E-05   6.9598493E-05   8.1204300E-05   9.2827351E-05   1.0446201E-04   1.1610237E-04   1.2774230E-04   1.3937544E-04   1.5099517E-04   1.6259463E-04   1.7416674E-04   1.8570415E-04   1.9719933E-04   2.0864447E-04   2.2003158E-04   2.3135240E-04   2.4259849E-04   2.5376119E-04   2.6483164E-04   2.7580082E-04   2.8665949E-04   2.9739819E-04   3.0800744E-04   3.1847745E-04   3.2879837E-04   3.3896024E-04   3.4895292E-04   3.5876624E-04   3.6838985E-04   3.7781344E-04   3.8702655E-04   3.9601867E-04   4.0477936E-04   4.1329805E-04   4.2156424E-04   4.2956742E-04   4.3729710E-04   4.4474288E-04   4.5189436E-04   4.5874130E-04   4.6527342E-04   4.7148069E-04   4.7735305E-04   4.8288069E-04   4.8805386E-04   4.9286301E-04   4.9729866E-04   5.0135161E-04   5.0501275E-04   5.0827325E-04   5.1112426E-04   5.1355740E-04   5.1556423E-04   5.1713671E-04   5.1826681E-04   5.1894685E-04   5.1916926E-04   5.1892665E-04   5.1821192E-04   5.1701802E-04   5.1533821E-04   5.1316578E-04   5.1049422E-04   5.0731725E-04   5.0362863E-04   4.9942231E-04   4.9469242E-04   4.8943295E-04   4.8363820E-04   4.7730253E-04   4.7042026E-04   4.6298577E-04   4.5499354E-04   4.4643800E-04   4.3731355E-04   4.2761464E-04   4.1733557E-04   4.0647067E-04   3.9501415E-04   3.8296013E-04   3.7030259E-04   3.5703534E-04   3.4315215E-04   3.2864648E-04   3.1351167E-04   2.9774086E-04   2.8132688E-04   2.6426240E-04   2.4653977E-04   2.2815107E-04
   0.0000000E+00   0.0000000E+00   0.0000000E+00   0.0000000E+00   0.0000000E+00  -1.6073339E-11  -1.6548913E-08  -9.1319407E-08  -3.7494041E-07  -8.5189583E-07  -1.4264698E-06  -2.0288890E-06  -2.7293472E-06  -3.5241599E-06  -4.4094522E-06  -5.3811646E-06  -6.4350561E-06  -7.5667126E-06  -8.7715516E-06  -1.0044832E-05  -1.1381659E-05  -1.2776995E-05  -1.4225669E-05  -1.5722388E-05  -1.7261740E-05  -1.8838220E-05  -2.0446225E-05  -2.2080078E-05  -2.3734037E-05  -2.5402311E-05  -2.7079068E-05  -2.8758452E-05  -3.0434603E-05  -3.2101663E-05  -3.3753800E-05  -3.5385208E-05  -3.6990150E-05  -3.8562939E-05  -4.0097984E-05  -4.1589792E-05  -4.3032982E-05  -4.4422304E-05  -4.5752666E-05  -4.7019123E-05  -4.8216931E-05  -4.9341521E-05  -5.0388549E-05  -5.1353894E-05  -5.2233681E-05  -5.3024291E-05  -5.3722379E-05  -5.4324886E-05  -5.4829066E-05  -5.5232482E-05  -5.5533037E-05  -5.5728979E-05  -5.5818920E-05  -5.5801844E-05  -5.5677123E-05  -5.5444532E-05  -5.5104261E-05  -5.4656914E-05  -5.4103537E-05  -5.3445616E-05  -5.2685082E-05  -5.1824332E-05  -5.0866212E-05  -4.9814036E-05  -4.8671576E-05  -4.7443064E-05  -4.6133187E-05  -4.4747077E-05  -4.3290289E-05  -4.1768795E-05  -4.0188959E-05  -3.8557522E-05  -3.6881545E-05  -3.5168403E-05  -3.3425727E-05  -3.1661362E-05  -2.9883326E-05  -2.8099741E-05  -2.6318783E-05  -2.4548619E-05  -2.2797334E-05  -2.1072872E-05  -1.9382955E-05  -1.7735018E-05  -1.6136139E-05  -1.4592967E-05  -1.3111659E-05  -1.1715467E-05  -1.0378227E-05  -9.1186976E-06  -1.0617661E-05   0.0000000E+00   0.0000000E+00   0.0000000E+00   0.0000000E+00   0.0000000E+00
   0.0000000E+00   0.0000000E+00   0.0000000E+00   0.0000000E+00   0.0000000E+00  -1.5929228E-11  -1.6443593E-08  -3.7220084E-12  -6.2776742E-11  -3.2430178E-10  -9.0923286E-10  -1.8376365E-09  -3.3224825E-09  -5.5343334E-09  -8.6563920E-09  -1.2880592E-08  -1.8403615E-08  -2.5422894E-08  -3.4132608E-08  -4.4719723E-08  -5.7360111E-08  -7.2214789E-08  -8.9426294E-08  -1.0911531E-07  -1.3137748E-07  -1.5628046E-07  -1.8386150E-07  -2.1412504E-07  -2.4704104E-07  -2.8254351E-07  -3.2052958E-07  -3.6085910E-07  -4.0335456E-07  -4.4780188E-07  -4.9395123E-07  -5.4151889E-07  -5.9018936E-07  -6.3961801E-07  -6.8943422E-07  -7.3924525E-07  -7.8864031E-07  -8.3719482E-07  -8.8447581E-07  -9.3004667E-07  -9.7347288E-07  -1.0143275E-06  -1.0521970E-06  -1.0866869E-06  -1.1174276E-06  -1.1440796E-06  -1.1663392E-06  -1.1839430E-06  -1.1966850E-06  -1.2043736E-06  -1.2069022E-06  -1.2042093E-06  -1.1962899E-06  -1.1831976E-06  -1.1650441E-06  -1.1419988E-06  -1.1142877E-06  -1.0821897E-06  -1.0460342E-06  -1.0061959E-06  -9.6309032E-07  -9.1716709E-07  -8.6890327E-07  -8.1879648E-07  -7.6735665E-07  -7.1509811E-07  -6.6253142E-07  -6.1015515E-07  -5.5844799E-07  -5.0786127E-07  -4.5881208E-07  -4.1167738E-07  -3.6678887E-07  -3.2442935E-07  -2.8483024E-07  -2.4817072E-07  -2.1457846E-07  -1.8413242E-07  -1.5686757E-07  -1.3278229E-07  -1.1184878E-07  -9.4027754E-08  -7.9289109E-08  -6.7641409E-08  -5.9174788E-08  -5.4132222E-08  -5.3791574E-08  -2.0648457E-07  -2.7297324E-07  -1.0348343E-06  -4.7085068E-06   0.0000000E+00   0.0000000E+00   0.0000000E+00   0.0000000E+00   0.0000000E+00
   0.0000000E+00   0.0000000E+00   0.0000000E+00   0.0000000E+00   0.0000000E+00  -1.6020360E-11  -1.6511741E-08  -1.4136760E-18  -1.9848339E-18  -4.7274050E-17  -3.6967800E-16  -1.5056223E-15  -4.9110636E-15  -1.3605483E-14  -3.3228581E-14  -7.3437526E-14  -1.4963889E-13  -2.8500011E-13  -5.1268619E-13  -8.7819091E-13  -1.4416140E-12  -2.2796996E-12  -3.4874564E-12  -5.1791401E-12  -7.4884049E-12  -1.0567438E-11  -1.4584929E-11  -1.9722756E-11  -2.6171360E-11  -3.4123798E-11  -4.3768569E-11  -5.5281411E-11  -6.8816272E-11  -8.4495820E-11  -1.0240184E-10  -1.2256594E-10  -1.4496125E-10  -1.6949510E-10  -1.9600387E-10  -2.2424972E-10  -2.5392016E-10  -2.8463037E-10  -3.1592859E-10  -3.4730399E-10  -3.7820061E-10  -4.0802825E-10  -4.3618115E-10  -4.6205575E-10  -4.8507032E-10  -5.0468463E-10  -5.2041915E-10  -5.4051458E-10  -6.0573463E-10  -6.2298944E-10  -6.3863931E-10  -6.5341726E-10  -6.6832684E-10  -6.8467060E-10  -7.0408074E-10  -7.2855522E-10  -7.6050016E-10  -8.0278323E-10  -8.5880075E-10  -9.3256303E-10  -1.0288026E-09  -1.1531114E-09  -1.3121100E-09  -1.5246451E-09  -1.7838340E-09  -2.1092472E-09  -2.5158371E-09  -3.0220670E-09  -3.6507821E-09  -4.4303903E-09  -5.3963878E-09  -6.5933428E-09  -8.0775031E-09  -9.9202637E-09  -1.2212819E-08  -1.5072514E-08  -1.8651617E-08  -2.3149635E-08  -2.8830781E-08  -3.6049038E-08  -4.5284128E-08  -5.7192494E-08  -7.2676251E-08  -9.2964441E-08  -1.1966479E-07  -1.5464151E-07  -1.9881111E-07  -2.7627473E-07  -4.3874482E-07  -1.6228880E-06  -4.7872550E-06   0.0000000E+00   0.0000000E+00   0.0000000E+00   0.0000000E+00   0.0000000E+00
   0.0000000E+00   0.0000000E+00   0.0000000E+00   0.0000000E+00   0.0000000E+00  -1.6111997E-11  -1.6580158E-08   5.6547039E-19   1.4177385E-19  -9.2415441E-19   1.6423786E-18   1.1496043E-18  -7.2300206E-20   7.2757757E-19  -2.1966937E-19  -3.6848249E-19   3.7089042E-19   4.4800857E-19   3.7583375E-19  -8.7025408E-19  -8.0000427E-19   6.9045143E-19  -1.9313085E-19  -3.8898840E-20   1.5670619E-19   6.7081029E-19   3.1798092E-19  -7.2074248E-19  -5.2442610E-19  -7.3161773E-19  -2.0478137E-19  -4.9527791E-19  -1.8302345E-18  -2.8509464E-18  -3.5077169E-18  -6.1776255E-18  -8.5907686E-18  -1.2343469E-17  -1.5722717E-17  -2.0745390E-17  -2.6521253E-17  -3.2308576E-17  -4.1453293E-17   1.4500168E-15   2.1664424E-15   3.2130048E-15   4.7514851E-15   7.0087745E-15   1.0323475E-14   1.5191607E-14   1.5458925E-12  -5.5282490E-11  -7.6932356E-11  -1.0630805E-10  -1.3056456E-10  -1.6006978E-10  -1.9595560E-10  -2.3531221E-10  -2.8684471E-10  -3.4936024E-10  -4.2519843E-10  -5.1720117E-10  -6.2881977E-10  -7.6424322E-10  -9.2855046E-10  -1.1388905E-09  -1.3864297E-09  -1.6899924E-09  -2.0595599E-09  -2.5117781E-09  -3.0658578E-09  -3.7458729E-09  -4.5820210E-09  -5.6123612E-09  -6.8851262E-09  -8.4618312E-09  -1.0421517E-08  -1.2866614E-08  -1.5931162E-08  -1.9792481E-08  -2.4687925E-08  -3.0939134E-08  -3.8987153E-08  -4.9442654E-08  -6.3155142E-08  -8.1302829E-08  -1.0528169E-07  -1.3692409E-07  -1.7822411E-07  -2.2908655E-07  -2.8238816E-07  -3.4621996E-07  -3.9428409E-07  -2.1908324E-06  -4.9976325E-06   0.0000000E+00   0.0000000E+00   0.0000000E+00   0.0000000E+00   0.0000000E+00
   0.0000000E+00   0.0000000E+00   0.0000000E+00   0.0000000E+00   0.0000000E+00  -1.6204132E-11  -1.6648839E-08   3.5341899E-19   7.0886923E-20  -5.6871040E-19  -4.2844657E-19  -7.1850268E-19  -7.2300206E-20   4.3654653E-19  -1.4644624E-19  -2.2108948E-19   2.2253425E-19   2.6133833E-19   2.2550027E-19  -4.9188274E-19  -4.5714529E-19   3.8358412E-19  -1.1587852E-19  -3.8898840E-20   7.8353094E-20   3.5513485E-19   1.5899046E-19  -4.0041249E-19  -2.8238331E-19  -4.0645430E-19  -1.2286881E-19  -2.4763895E-19   2.0798120E-19  -3.3540545E-19  -6.3392475E-19  -8.0948195E-19  -8.5907685E-19  -4.3310417E-19   1.7469685E-19  -1.1892262E-18  -6.6636316E-19  -1.2995128E-18  -1.3561600E-19   2.6052686E-15   3.8835537E-15   5.7621212E-15   8.5274771E-15   1.2600733E-14   1.8600774E-14   2.7455277E-14   2.9653337E-12  -7.1184302E-11  -9.2311762E-11  -1.1404957E-10  -1.3953633E-10  -1.7040849E-10  -2.0783156E-10  -2.5118738E-10  -3.0525632E-10  -3.7065528E-10  -4.4977841E-10  -5.4553412E-10  -6.6145295E-10  -8.0117918E-10  -9.8550301E-10  -1.1999693E-09  -1.4609373E-09  -1.7822624E-09  -2.1748918E-09  -2.6578415E-09  -3.2532057E-09  -3.9890962E-09  -4.9013638E-09  -6.0360321E-09  -7.4526296E-09  -9.2288310E-09  -1.1466998E-08  -1.4303522E-08  -1.7922321E-08  -2.2574515E-08  -2.8607209E-08  -3.6505437E-08  -4.6952163E-08  -6.0910047E-08  -7.9720422E-08  -1.0518815E-07  -1.3951275E-07  -1.8465559E-07  -2.4068197E-07  -3.0178097E-07  -3.5344985E-07  -4.0082281E-07  -7.0450403E-07  -2.6775645E-06  -5.1971351E-06   0.0000000E+00   0.0000000E+00   0.0000000E+00   0.0000000E+00   0.0000000E+00
   0.0000000E+00   0.0000000E+00   0.0000000E+00   0.0000000E+00   0.0000000E+00  -1.6296766E-11  -1.6717784E-08   2.1205138E-19   7.0886923E-20  -3.5544398E-19  -2.8563105E-19  -4.3110162E-19  -7.2300206E-20   2.1827327E-19  -7.3223120E-20  -1.4739299E-19   1.1126713E-19   1.4933619E-19   1.1275013E-19  -2.6485995E-19  -2.6666809E-19   2.3015047E-19  -7.7252343E-20  -3.8898840E-20   3.9176547E-20   1.9729714E-19   7.9495230E-20  -2.0020625E-19  -1.6136188E-19  -2.0322715E-19  -8.1912542E-20  -1.2381948E-19   1.2478871E-19  -1.6770273E-19  -3.3809320E-19  -4.2604312E-19  -4.2953843E-19  -2.1655208E-19   8.7348424E-20   5.2854499E-19  -3.1096948E-19   4.4810788E-19  -4.5205336E-20   4.1732276E-15   6.2596133E-15   9.3500723E-15   1.3924791E-14   2.0700491E-14   3.0749959E-14   4.5661788E-14   5.0699223E-12  -7.7914029E-11  -8.8603416E-11  -1.0757165E-10  -1.2886232E-10  -1.5381853E-10  -1.8310456E-10  -2.1187214E-10  -2.4895822E-10  -2.9149894E-10  -3.3798575E-10  -6.5913647E-10  -8.0168661E-10  -9.9197428E-10  -1.2121519E-09  -1.4813729E-09  -1.8093904E-09  -2.2132700E-09  -2.7068066E-09  -3.3137220E-09  -4.0616652E-09  -4.9859827E-09  -6.1328156E-09  -7.6117228E-09  -6.2693131E-09  -8.1349114E-09  -1.0579877E-08  -1.3796019E-08  -1.8048436E-08  -2.3707740E-08  -3.1297215E-08  -4.1560362E-08  -5.5553237E-08  -7.4757132E-08  -1.0117651E-07  -1.3730300E-07  -1.8559592E-07  -2.4675020E-07  -3.1614795E-07  -3.8031595E-07  -4.2552219E-07  -4.5651953E-07  -9.0192776E-07  -3.1728789E-06  -1.8540615E-06   0.0000000E+00   0.0000000E+00   0.0000000E+00   0.0000000E+00   0.0000000E+00
   0.0000000E+00   0.0000000E+00   0.0000000E+00   0.0000000E+00   0.0000000E+00  -1.6389903E-11  -1.6786997E-08   1.4136760E-19   7.0886923E-20  -2.1326639E-19  -1.4281552E-19  -2.8740109E-19  -7.2300206E-20   1.4551552E-19  -7.3223120E-20  -7.3696493E-20   7.4178087E-20   7.4668095E-20   7.5166749E-20  -1.5134854E-19  -1.5238176E-19   1.1507523E-19  -3.8626171E-20  -3.8898840E-20   3.9176547E-20   1.1837828E-19   3.9747615E-20  -1.2012375E-19  -8.0680942E-20  -1.2193628E-19  -4.0956271E-20  -8.2546311E-20   8.3192482E-20  -8.3851363E-20  -1.6904660E-19  -2.1302156E-19  -2.1476921E-19  -1.2993124E-19   4.3674212E-20   2.6427250E-19  -1.3327264E-19   2.2405394E-19   0.0000000E+00   6.4190139E-15   9.6973804E-15   1.4584835E-14   2.1874397E-14   3.2748943E-14   4.8979135E-14   7.3225050E-14   9.6577173E-12  -7.6531767E-11  -1.1483660E-10  -1.4274563E-10  -1.7543192E-10  -2.1822823E-10  -2.7198804E-10  -3.4198991E-10  -4.2407874E-10  -5.2429067E-10  -6.4058914E-10  -7.9710333E-10  -9.7787667E-10  -1.2008815E-09  -1.4744863E-09  -1.8099039E-09  -2.2197812E-09  -2.7253670E-09  -3.3445111E-09  -4.1074402E-09  -5.0497366E-09  -6.2173386E-09  -7.6718960E-09  -9.5103738E-09  -1.1635552E-08  -1.4389546E-08  -1.7878115E-08  -2.2345615E-08  -2.8139729E-08  -3.5895670E-08  -4.6806196E-08  -6.1629635E-08  -8.1952457E-08  -1.0994857E-07  -1.4865640E-07  -1.7645652E-07  -2.4499786E-07  -3.2549409E-07  -4.0612576E-07  -4.6777473E-07  -5.0438081E-07  -4.9368572E-07  -1.1554374E-06  -3.6856291E-06   0.0000000E+00   0.0000000E+00   0.0000000E+00   0.0000000E+00   0.0000000E+00   0.0000000E+00
   0.0000000E+00   0.0000000E+00   0.0000000E+00   0.0000000E+00   0.0000000E+00  -1.6483544E-11  -1.6856474E-08   7.0683798E-20   7.0886923E-20  -1.4217760E-19  -7.1407762E-20  -1.4370054E-19  -7.2300206E-20   7.2757760E-20  -7.3223120E-20  -7.3696493E-20   3.7089044E-20   3.7334047E-20   3.7583374E-20  -7.5674269E-20  -7.6190882E-20   7.6716827E-20  -3.8626171E-20  -3.8898840E-20   3.9176547E-20   7.8918859E-20   3.9747615E-20  -8.0082496E-20  -4.0340471E-20  -8.1290858E-20  -4.0956271E-20  -4.1273156E-20   4.1596241E-20  -4.1925682E-20  -8.4523299E-20  -1.2781294E-19  -1.2886153E-19  -8.6620835E-20   0.0000000E+00   1.3213625E-19  -4.4424210E-20   8.9621575E-20   0.0000000E+00   9.6782561E-15   1.4736705E-14   2.2342151E-14   3.3772793E-14   5.0954453E-14   7.6790787E-14   1.1567284E-13   1.3055178E-11  -1.0026028E-10  -1.4193004E-10  -1.7974283E-10  -2.2537477E-10  -2.8086830E-10  -3.4927955E-10  -4.3633686E-10  -5.4023735E-10  -6.6651079E-10  -8.3057905E-10  -1.0020930E-09  -1.2382548E-09  -1.5310982E-09  -1.8921689E-09  -2.3369540E-09  -2.8874092E-09  -3.4637881E-09  -4.2695341E-09  -5.2655498E-09  -6.4998131E-09  -8.0348048E-09  -9.9557509E-09  -1.2414378E-08  -1.5674198E-08  -1.9627086E-08  -2.4721086E-08  -3.1359093E-08  -4.0113427E-08  -5.1733949E-08  -6.7190221E-08  -8.9910330E-08  -1.1959447E-07  -1.6092052E-07  -1.8814993E-07  -2.8360785E-07  -3.7150613E-07  -4.6914869E-07  -5.5385675E-07  -5.5276007E-07  -5.7552666E-07  -6.8913346E-07  -1.4443095E-06  -4.2203051E-06   0.0000000E+00   0.0000000E+00   0.0000000E+00   0.0000000E+00   0.0000000E+00   0.0000000E+00
   0.0000000E+00   0.0000000E+00   0.0000000E+00   0.0000000E+00   0.0000000E+00  -1.6577691E-11  -1.6926219E-08   7.0683798E-20   7.0886923E-20  -7.1088800E-20  -7.1407762E-20  -7.1850272E-20  -7.2300206E-20   7.2757760E-20  -7.3223120E-20  -7.3696493E-20   3.7089044E-20   3.7334047E-20   3.7583374E-20  -3.7837135E-20  -3.8095441E-20   3.8358414E-20  -3.8626171E-20  -3.8898840E-20   3.9176547E-20   3.9459430E-20   3.9747615E-20  -4.0041248E-20  -4.0340471E-20  -4.0645429E-20  -4.0956271E-20  -4.1273156E-20   4.1596241E-20  -4.1925682E-20  -4.2261649E-20  -8.5208625E-20  -8.5907683E-20  -4.3310418E-20   0.0000000E+00   4.4045416E-20   0.0000000E+00   4.4810787E-20   0.0000000E+00   1.4467512E-14   2.2226824E-14   3.3991036E-14   5.1827002E-14   7.8866940E-14   1.1986609E-13   1.8206617E-13   5.3935732E-12  -1.2702561E-10  -1.7707018E-10  -2.2702844E-10  -2.8804603E-10  -3.6226849E-10  -4.5291976E-10  -5.7909733E-10  -7.0444645E-10  -8.7834051E-10  -1.0874872E-09  -1.3225236E-09  -1.6489682E-09  -2.0564002E-09  -2.5618325E-09  -3.1887590E-09  -3.9694092E-09  -4.7534496E-09  -5.8924878E-09  -7.3046076E-09  -9.0589038E-09  -1.1245586E-08  -1.3990208E-08  -1.7544908E-08  -2.2273683E-08  -2.8037245E-08  -3.5503987E-08  -4.5287980E-08  -5.8258411E-08  -7.5495876E-08  -9.8318829E-08  -1.3214121E-07  -1.7581621E-07  -2.3529675E-07  -3.1216405E-07  -3.9271436E-07  -4.9906583E-07  -5.9900856E-07  -6.7114865E-07  -7.4746947E-07  -7.5800614E-07  -8.1801267E-07  -1.6825149E-06  -4.7573180E-06   0.0000000E+00   0.0000000E+00   0.0000000E+00   0.0000000E+00   0.0000000E+00   0.0000000E+00
   0.0000000E+00   0.0000000E+00   0.0000000E+00   0.0000000E+00   0.0000000E+00  -1.6672348E-11  -1.6996230E-08   7.0683798E-20   7.0886923E-20  -7.1088800E-20  -7.1407762E-20  -7.1850272E-20  -7.2300206E-20   7.2757760E-20  -7.3223120E-20  -7.3696493E-20   3.7089044E-20   3.7334047E-20   3.7583374E-20  -3.7837135E-20  -3.8095441E-20   3.8358414E-20  -3.8626171E-20  -3.8898840E-20   3.9176547E-20   3.9459430E-20   3.9747615E-20  -4.0041248E-20  -4.0340471E-20  -4.0645429E-20  -4.0956271E-20  -4.1273156E-20   4.1596241E-20  -4.1925682E-20  -4.2261649E-20  -4.2604312E-20  -4.2953841E-20  -4.3310418E-20   0.0000000E+00   0.0000000E+00   0.0000000E+00   0.0000000E+00   0.0000000E+00   2.1596597E-14   3.3501508E-14   5.1727621E-14   7.9625122E-14   1.2230901E-13   1.8762167E-13   7.9936464E-13   4.3939826E-12  -1.6499829E-10  -2.3457944E-10  -2.9660194E-10  -3.8152645E-10  -4.8715776E-10  -6.2127714E-10  -7.9708778E-10  -9.7674413E-10  -1.2344759E-09  -1.5450456E-09  -1.9076167E-09  -2.3987310E-09  -3.0149419E-09  -3.7838164E-09  -4.7437259E-09  -5.9409357E-09  -7.1391972E-09  -8.8931920E-09  -1.1070656E-08  -1.3777358E-08  -1.7150940E-08  -2.1385427E-08  -2.6869234E-08  -3.3997448E-08  -4.2806153E-08  -5.4196811E-08  -6.9093971E-08  -8.8795254E-08  -1.1493509E-07  -1.4963003E-07  -2.0046060E-07  -2.6517620E-07  -3.5113939E-07  -4.3255051E-07  -5.9577144E-07  -7.3534397E-07  -8.5062561E-07  -9.1618739E-07  -9.0483837E-07  -8.8426049E-07  -1.0522850E-06  -2.1574579E-06  -5.2532446E-06   0.0000000E+00   0.0000000E+00   0.0000000E+00   0.0000000E+00   0.0000000E+00   0.0000000E+00
   0.0000000E+00   0.0000000E+00   0.0000000E+00   0.0000000E+00   0.0000000E+00  -1.6767516E-11  -1.7066512E-08   7.0683798E-20   7.0886923E-20  -7.1088800E-20  -7.1407762E-20  -7.1850272E-20  -7.2300206E-20   7.2757760E-20  -7.3223120E-20  -7.3696493E-20   3.7089044E-20   3.7334047E-20   3.7583374E-20  -3.7837135E-20  -3.8095441E-20   3.8358414E-20  -3.8626171E-20  -3.8898840E-20   3.9176547E-20   3.9459430E-20   3.9747615E-20  -4.0041248E-20  -4.0340471E-20  -4.0645429E-20  -4.0956271E-20  -4.1273156E-20   4.1596241E-20  -4.1925682E-20  -4.2261649E-20  -4.2604312E-20  -4.2953841E-20  -4.3310418E-20   0.0000000E+00   0.0000000E+00   0.0000000E+00   0.0000000E+00   0.0000000E+00   3.2356814E-14   5.0719933E-14   7.9138702E-14   1.2308770E-13   1.9101813E-13   2.9599562E-13   2.2240361E-12   8.2647864E-13  -2.2500497E-10  -3.2451053E-10  -4.1452997E-10  -5.3959470E-10  -6.9856665E-10  -9.0407104E-10  -1.1755884E-09  -1.4575550E-09  -1.8665194E-09  -2.3651943E-09  -2.9646334E-09  -3.7683163E-09  -4.7829483E-09  -6.0570646E-09  -7.6567419E-09  -9.6438804E-09  -1.1634114E-08  -1.4561515E-08  -1.8190720E-08  -2.2688806E-08  -2.8270536E-08  -3.5241040E-08  -4.4195847E-08  -5.5608950E-08  -6.9691239E-08  -8.7716415E-08  -1.1103759E-07  -1.4152073E-07  -1.8149854E-07  -2.3417448E-07  -3.0993658E-07  -4.0364614E-07  -5.2376527E-07  -6.6586506E-07  -8.2152610E-07  -9.7824022E-07  -1.0800863E-06  -1.1207613E-06  -1.1525582E-06  -1.1253543E-06  -1.2203180E-06  -2.5925431E-06  -5.8108594E-06   0.0000000E+00   0.0000000E+00   0.0000000E+00   0.0000000E+00   0.0000000E+00   0.0000000E+00
   0.0000000E+00   0.0000000E+00   0.0000000E+00   0.0000000E+00   0.0000000E+00  -1.6863198E-11  -1.7137062E-08   7.0683798E-20   7.0886923E-20  -7.1088800E-20  -7.1407762E-20  -7.1850272E-20  -7.2300206E-20   7.2757760E-20  -7.3223120E-20  -7.3696493E-20   3.7089044E-20   3.7334047E-20   3.7583374E-20  -3.7837135E-20  -3.8095441E-20   3.8358414E-20  -3.8626171E-20  -3.8898840E-20   3.9176547E-20   3.9459430E-20   3.9747615E-20  -4.0041248E-20  -4.0340471E-20  -4.0645429E-20  -4.0956271E-20  -4.1273156E-20   4.1596241E-20  -4.1925682E-20  -4.2261649E-20  -4.2604312E-20  -4.2953841E-20  -4.3310418E-20   0.0000000E+00   0.0000000E+00   0.0000000E+00   0.0000000E+00   0.0000000E+00   4.8827065E-14   7.7413695E-14   1.2217136E-13   1.9216158E-13   3.0153660E-13   4.7239258E-13   8.1411249E-12  -5.8637786E-12  -3.2722405E-10  -4.7794718E-10  -6.1938377E-10  -8.1965285E-10  -1.0798443E-09  -1.4225163E-09  -1.8780559E-09  -2.3629354E-09  -3.0734244E-09  -3.9526920E-09  -5.0313118E-09  -6.4745387E-09  -8.3084926E-09  -1.0625486E-08  -1.3544613E-08  -1.7141454E-08  -2.0768395E-08  -2.6092772E-08  -3.2661216E-08  -4.0742343E-08  -5.0672845E-08  -6.2932550E-08  -7.8435420E-08  -9.7765927E-08  -1.2124175E-07  -1.5067782E-07  -1.8794039E-07  -2.3553501E-07  -2.9651758E-07  -3.7535801E-07  -4.8565119E-07  -6.1606858E-07  -7.7680033E-07  -9.5311265E-07  -1.1603722E-06  -1.3261490E-06  -1.4157066E-06  -1.4303509E-06  -1.3652893E-06  -1.3145930E-06  -1.5331992E-06  -3.0738076E-06  -6.3206685E-06   0.0000000E+00   0.0000000E+00   0.0000000E+00   0.0000000E+00   0.0000000E+00   0.0000000E+00
   0.0000000E+00   0.0000000E+00   0.0000000E+00   0.0000000E+00   0.0000000E+00  -1.6959397E-11  -1.7207881E-08   7.0683798E-20   7.0886923E-20  -7.1088800E-20  -7.1407762E-20  -7.1850272E-20  -7.2300206E-20   7.2757760E-20  -7.3223120E-20  -7.3696493E-20   3.7089044E-20   3.7334047E-20   3.7583374E-20  -3.7837135E-20  -3.8095441E-20   3.8358414E-20  -3.8626171E-20  -3.8898840E-20   3.9176547E-20   3.9459430E-20   3.9747615E-20  -4.0041248E-20  -4.0340471E-20  -4.0645429E-20  -4.0956271E-20  -4.1273156E-20   4.1596241E-20  -4.1925682E-20  -4.2261649E-20  -4.2604312E-20  -4.2953841E-20  -4.3310418E-20   0.0000000E+00   0.0000000E+00   0.0000000E+00   0.0000000E+00   0.0000000E+00   7.4423899E-14   1.1946353E-13   1.9084792E-13   3.0383156E-13   4.8247783E-13   1.0264657E-12   5.0182514E-12  -1.9844430E-11  -5.1168081E-10  -7.5815554E-10  -1.0008071E-09  -1.3512576E-09  -1.8168939E-09  -2.4417113E-09  -3.2775971E-09  -4.1969037E-09  -5.5540910E-09  -7.2612401E-09  -9.3925498E-09  -1.2248458E-08  -1.5902035E-08  -2.0542707E-08  -2.6396329E-08  -3.3536885E-08  -4.0818126E-08  -5.1408040E-08  -6.4357678E-08  -8.0094289E-08  -9.9127810E-08  -1.2218513E-07  -1.5063931E-07  -1.8507326E-07  -2.2563118E-07  -2.7476815E-07  -3.3472747E-07  -4.0841834E-07  -4.9925086E-07  -6.1279877E-07  -7.6567659E-07  -9.3505230E-07  -1.1329506E-06  -1.3700122E-06  -1.5631804E-06  -1.7033121E-06  -1.7395283E-06  -1.7121748E-06  -1.6724355E-06  -1.6020427E-06  -1.7884020E-06  -3.5673377E-06  -6.7740589E-06   0.0000000E+00   0.0000000E+00   0.0000000E+00   0.0000000E+00   0.0000000E+00   0.0000000E+00
   0.0000000E+00   0.0000000E+00   0.0000000E+00   0.0000000E+00   0.0000000E+00  -1.7056113E-11  -1.7278971E-08   7.0683798E-20   7.0886923E-20  -7.1088800E-20  -7.1407762E-20  -7.1850272E-20  -7.2300206E-20   7.2757760E-20  -7.3223120E-20  -7.3696493E-20   3.7089044E-20   3.7334047E-20   3.7583374E-20  -3.7837135E-20  -3.8095441E-20   3.8358414E-20  -3.8626171E-20  -3.8898840E-20   3.9176547E-20   3.9459430E-20   3.9747615E-20  -4.0041248E-20  -4.0340471E-20  -4.0645429E-20  -4.0956271E-20  -4.1273156E-20   4.1596241E-20  -4.1925682E-20  -4.2261649E-20  -4.2604312E-20  -4.2953841E-20  -4.3310418E-20   0.0000000E+00   0.0000000E+00   0.0000000E+00   0.0000000E+00   0.0000000E+00   1.1485690E-13   1.8681583E-13   3.0236485E-13   4.8760215E-13   7.8416185E-13   5.4103826E-12  -2.7679653E-12  -4.9581002E-11  -8.6631463E-10  -1.3043590E-09  -1.7605685E-09  -2.4322859E-09  -3.3459548E-09  -4.5957487E-09  -6.2823831E-09  -8.2096623E-09  -1.1070155E-08  -1.4730463E-08  -1.9379478E-08  -2.5629859E-08  -3.3681815E-08  -4.3956447E-08  -5.6909119E-08  -7.2545745E-08  -8.8705939E-08  -1.1182834E-07  -1.3973731E-07  -1.7305391E-07  -2.1243912E-07  -2.5884185E-07  -3.1412651E-07  -3.7819973E-07  -4.5003546E-07  -5.3242229E-07  -6.2710939E-07  -7.3633765E-07  -8.6268273E-07  -1.0122235E-06  -1.2039023E-06  -1.3972580E-06  -1.6119345E-06  -1.8719709E-06  -2.0492464E-06  -2.1493495E-06  -2.1405115E-06  -2.0717182E-06  -1.9368558E-06  -1.8240295E-06  -2.1444143E-06  -4.0894734E-06  -7.2400330E-06   0.0000000E+00   0.0000000E+00   0.0000000E+00   0.0000000E+00   0.0000000E+00   0.0000000E+00
   0.0000000E+00   0.0000000E+00   0.0000000E+00   0.0000000E+00   0.0000000E+00  -1.7153352E-11  -1.7350333E-08   7.0683798E-20   7.0886923E-20  -7.1088800E-20  -7.1407762E-20  -7.1850272E-20  -7.2300206E-20   7.2757760E-20  -7.3223120E-20  -7.3696493E-20   3.7089044E-20   3.7334047E-20   3.7583374E-20  -3.7837135E-20  -3.8095441E-20   3.8358414E-20  -3.8626171E-20  -3.8898840E-20   3.9176547E-20   3.9459430E-20   3.9747615E-20  -4.0041248E-20  -4.0340471E-20  -4.0645429E-20  -4.0956271E-20  -4.1273156E-20   4.1596241E-20  -4.1925682E-20  -4.2261649E-20  -4.2604312E-20  -4.2953841E-20  -4.3310418E-20   0.0000000E+00   0.0000000E+00   0.0000000E+00   0.0000000E+00   0.0000000E+00   1.7979418E-13   2.9656453E-13   4.8666821E-13   7.9552565E-13   1.5432373E-12   2.3674015E-13  -7.9382187E-12  -1.1620777E-10  -1.5943051E-09  -2.4457079E-09  -3.3881258E-09  -4.8026298E-09  -6.7752373E-09  -9.5295691E-09  -1.3292879E-08  -1.7774337E-08  -2.4454069E-08  -3.3153704E-08  -4.4394440E-08  -5.9573406E-08  -7.9257923E-08  -1.0446076E-07  -1.3615318E-07  -1.7399796E-07  -2.1364222E-07  -2.6903714E-07  -3.3468547E-07  -4.1114191E-07  -4.9869516E-07  -5.9785162E-07  -7.1018133E-07  -8.3231311E-07  -9.5894893E-07  -1.0916225E-06  -1.2290237E-06  -1.3703246E-06  -1.5156579E-06  -1.6722869E-06  -1.8630233E-06  -2.0290390E-06  -2.2094218E-06  -2.4723922E-06  -2.5659886E-06  -2.6073858E-06  -2.5176571E-06  -2.3865573E-06  -2.2623831E-06  -2.1352851E-06  -2.4572835E-06  -4.6025352E-06  -7.6076840E-06   0.0000000E+00   0.0000000E+00   0.0000000E+00   0.0000000E+00   0.0000000E+00   0.0000000E+00
   0.0000000E+00   0.0000000E+00   0.0000000E+00   0.0000000E+00   0.0000000E+00  -1.7251112E-11  -1.7421966E-08   7.0683798E-20   7.0886923E-20  -7.1088800E-20  -7.1407762E-20  -7.1850272E-20  -7.2300206E-20   7.2757760E-20  -7.3223120E-20  -7.3696493E-20   3.7089044E-20   3.7334047E-20   3.7583374E-20  -3.7837135E-20  -3.8095441E-20   3.8358414E-20  -3.8626171E-20  -3.8898840E-20   3.9176547E-20   3.9459430E-20   3.9747615E-20  -4.0041248E-20  -4.0340471E-20  -4.0645429E-20  -4.0956271E-20  -4.1273156E-20   4.1596241E-20  -4.1925682E-20  -4.2261649E-20  -4.2604312E-20  -4.2953841E-20  -4.3310418E-20   0.0000000E+00   0.0000000E+00   0.0000000E+00   0.0000000E+00   0.0000000E+00   2.8589866E-13   4.7855274E-13   7.9669843E-13   1.3207058E-12   6.0722369E-12   1.7983487E-12  -2.0865617E-11  -2.7804328E-10  -3.2029122E-09  -5.0239555E-09  -7.1709239E-09  -1.0458092E-08  -1.5165359E-08  -2.1884162E-08  -3.1207094E-08  -4.2782467E-08  -6.0089917E-08  -8.3012438E-08  -1.1309744E-07  -1.5385771E-07  -2.0693659E-07  -2.7488571E-07  -3.5975447E-07  -4.5968156E-07  -5.6538170E-07  -7.0825087E-07  -8.7300879E-07  -1.0581301E-06  -1.2605672E-06  -1.4768157E-06  -1.7038346E-06  -1.9269612E-06  -2.1290473E-06  -2.3068790E-06  -2.4526134E-06  -2.5618581E-06  -2.6362566E-06  -2.6940932E-06  -2.7739854E-06  -2.8137665E-06  -2.8864413E-06  -3.0932365E-06  -3.0979490E-06  -3.0684564E-06  -2.9144644E-06  -2.7377866E-06  -2.5108704E-06  -2.3629091E-06  -2.8297027E-06  -5.1116708E-06  -7.9023603E-06   0.0000000E+00   0.0000000E+00   0.0000000E+00   0.0000000E+00   0.0000000E+00   0.0000000E+00
   0.0000000E+00   0.0000000E+00   0.0000000E+00   0.0000000E+00   0.0000000E+00  -1.7349398E-11  -1.7493873E-08   7.0683798E-20   7.0886923E-20  -7.1088800E-20  -7.1407762E-20  -7.1850272E-20  -7.2300206E-20   7.2757760E-20  -7.3223120E-20  -7.3696493E-20   3.7089044E-20   3.7334047E-20   3.7583374E-20  -3.7837135E-20  -3.8095441E-20   3.8358414E-20  -3.8626171E-20  -3.8898840E-20   3.9176547E-20   3.9459430E-20   3.9747615E-20  -4.0041248E-20  -4.0340471E-20  -4.0645429E-20  -4.0956271E-20  -4.1273156E-20   4.1596241E-20  -4.1925682E-20  -4.2261649E-20  -4.2604312E-20  -4.2953841E-20  -4.3310418E-20   0.0000000E+00   0.0000000E+00   0.0000000E+00   0.0000000E+00   0.0000000E+00   4.6224846E-13   7.8555109E-13   1.3271431E-12   2.6876491E-12  -8.5425948E-13  -5.2124654E-12  -5.6259157E-11  -7.1478512E-10  -7.0672241E-09  -1.1376230E-08  -1.6787682E-08  -2.5242949E-08  -3.7678021E-08  -5.5812659E-08  -8.1370743E-08  -1.1434530E-07  -1.6363295E-07  -2.2971263E-07  -3.1731278E-07  -4.3569077E-07  -5.8929260E-07  -7.8409010E-07  -1.0231832E-06  -1.2979081E-06  -1.5875045E-06  -1.9598251E-06  -2.3693051E-06  -2.8022259E-06  -3.2399737E-06  -3.6621736E-06  -4.0480695E-06  -4.3575396E-06  -4.5560851E-06  -4.6408722E-06  -4.6091491E-06  -4.4724366E-06  -4.2585061E-06  -4.0214386E-06  -3.8340650E-06  -3.6506831E-06  -3.5607929E-06  -3.6862273E-06  -3.5883036E-06  -3.4821499E-06  -3.2491607E-06  -3.0003575E-06  -2.7927340E-06  -2.6445798E-06  -3.1767597E-06  -5.5953565E-06  -8.1761500E-06   0.0000000E+00   0.0000000E+00   0.0000000E+00   0.0000000E+00   0.0000000E+00   0.0000000E+00
   0.0000000E+00   0.0000000E+00   0.0000000E+00   0.0000000E+00   0.0000000E+00  -1.7448213E-11  -1.7566054E-08   7.0683798E-20   7.0886923E-20  -7.1088800E-20  -7.1407762E-20  -7.1850272E-20  -7.2300206E-20   7.2757760E-20  -7.3223120E-20  -7.3696493E-20   3.7089044E-20   3.7334047E-20   3.7583374E-20  -3.7837135E-20  -3.8095441E-20   3.8358414E-20  -3.8626171E-20  -3.8898840E-20   3.9176547E-20   3.9459430E-20   3.9747615E-20  -4.0041248E-20  -4.0340471E-20  -4.0645429E-20  -4.0956271E-20  -4.1273156E-20   4.1596241E-20  -4.1925682E-20  -4.2261649E-20  -4.2604312E-20  -4.2953841E-20  -4.3310418E-20   0.0000000E+00   0.0000000E+00   0.0000000E+00   0.0000000E+00   0.0000000E+00   7.6022370E-13   1.3117410E-12   2.2484987E-12   7.9016229E-12   8.0921089E-14  -1.4357785E-11  -1.6907527E-10  -2.0425022E-09  -1.7231628E-08  -2.8520974E-08  -4.3575071E-08  -6.7527495E-08  -1.0356701E-07  -1.5698069E-07  -2.3300851E-07  -3.3393292E-07  -4.8335949E-07  -6.8374356E-07  -9.4828096E-07  -1.2990134E-06  -1.7435503E-06  -2.2894171E-06  -2.9304367E-06  -3.6282445E-06  -4.3327263E-06  -5.1572169E-06  -5.9703384E-06  -6.7146680E-06  -7.3312222E-06  -7.7712903E-06  -8.0037235E-06  -8.0014324E-06  -7.7752638E-06  -7.3801621E-06  -6.8699642E-06  -6.2981489E-06  -5.7118773E-06  -5.1660136E-06  -4.7324456E-06  -4.3694090E-06  -4.1451467E-06  -4.1997105E-06  -4.0110849E-06  -3.8346116E-06  -3.5420949E-06  -3.2587568E-06  -2.9746677E-06  -2.8209927E-06  -3.5249350E-06  -6.0516336E-06  -6.7710012E-06   0.0000000E+00   0.0000000E+00   0.0000000E+00   0.0000000E+00   0.0000000E+00   0.0000000E+00
   0.0000000E+00   0.0000000E+00   0.0000000E+00   0.0000000E+00   0.0000000E+00  -1.7547557E-11  -1.7638509E-08   7.0683798E-20   7.0886923E-20  -7.1088800E-20  -7.1407762E-20  -7.1850272E-20  -7.2300206E-20   7.2757760E-20  -7.3223120E-20  -7.3696493E-20   3.7089044E-20   3.7334047E-20   3.7583374E-20  -3.7837135E-20  -3.8095441E-20   3.8358414E-20  -3.8626171E-20  -3.8898840E-20   3.9176547E-20   3.9459430E-20   3.9747615E-20  -4.0041248E-20  -4.0340471E-20  -4.0645429E-20  -4.0956271E-20  -4.1273156E-20   4.1596241E-20  -4.1925682E-20  -4.2261649E-20  -4.2604312E-20  -4.2953841E-20  -4.3310418E-20   0.0000000E+00   0.0000000E+00   0.0000000E+00   0.0000000E+00   0.0000000E+00   1.2711557E-12   2.2257328E-12   4.6626305E-12  -1.2166960E-12  -5.4219901E-12  -4.6618424E-11  -5.9800404E-10  -6.5749566E-09  -4.6465207E-08  -7.8896704E-08  -1.2440125E-07  -1.9754255E-07  -3.0887080E-07  -4.7420522E-07  -7.0806965E-07  -1.0204924E-06  -1.4690260E-06  -2.0544546E-06  -2.7991296E-06  -3.7311195E-06  -4.8298930E-06  -6.0571379E-06  -7.3294914E-06  -8.5082838E-06  -9.4721754E-06  -1.0288741E-05  -1.0728612E-05  -1.0497802E-05  -9.5365313E-06  -8.6711607E-06  -7.9394358E-06  -7.3661777E-06  -6.9408238E-06  -6.6244597E-06  -6.3744474E-06  -6.1474989E-06  -5.9089525E-06  -5.5579094E-06  -5.2134151E-06  -4.8601446E-06  -4.5899733E-06  -4.5945617E-06  -4.3403052E-06  -4.0966706E-06  -3.7487646E-06  -3.4144425E-06  -3.1582319E-06  -3.0337601E-06  -3.8374469E-06  -6.4785318E-06   0.0000000E+00   0.0000000E+00   0.0000000E+00   0.0000000E+00   0.0000000E+00   0.0000000E+00   0.0000000E+00
   0.0000000E+00   0.0000000E+00   0.0000000E+00   0.0000000E+00   0.0000000E+00  -1.7647436E-11  -1.7711239E-08   7.0683798E-20   7.0886923E-20  -7.1088800E-20  -7.1407762E-20  -7.1850272E-20  -7.2300206E-20   7.2757760E-20  -7.3223120E-20  -7.3696493E-20   3.7089044E-20   3.7334047E-20   3.7583374E-20  -3.7837135E-20  -3.8095441E-20   3.8358414E-20  -3.8626171E-20  -3.8898840E-20   3.9176547E-20   3.9459430E-20   3.9747615E-20  -4.0041248E-20  -4.0340471E-20  -4.0645429E-20  -4.0956271E-20  -4.1273156E-20   4.1596241E-20  -4.1925682E-20  -4.2261649E-20  -4.2604312E-20  -4.2953841E-20  -4.3310418E-20   0.0000000E+00   0.0000000E+00   0.0000000E+00   0.0000000E+00   0.0000000E+00   2.1571653E-12   4.0335894E-12  -1.0497008E-12   1.5671518E-12  -1.7034060E-11  -1.9911492E-10  -2.4955280E-09  -2.3562174E-08  -1.3691140E-07  -2.3623947E-07  -3.8006894E-07  -6.0902448E-07  -9.5299418E-07  -1.4500105E-06  -2.1261701E-06  -2.9962584E-06  -4.1491476E-06  -5.5189485E-06  -7.0537908E-06  -8.6582641E-06  -1.0120283E-05  -1.1202302E-05  -1.1676542E-05  -1.0767934E-05  -9.2969040E-06  -7.0083829E-06  -5.5031946E-06   3.5529283E-06  -6.0751281E-06  -6.0503794E-06  -6.0369784E-06  -6.0414131E-06  -6.0503899E-06  -6.0419284E-06  -6.0117795E-06  -5.9396243E-06  -5.8165624E-06  -5.6458894E-06  -5.4439261E-06  -5.1621937E-06  -4.8986722E-06  -4.8924585E-06  -4.5696856E-06  -4.2805741E-06  -3.8993444E-06  -3.5510025E-06  -3.2373916E-06  -3.1547852E-06  -4.1429116E-06  -6.8682939E-06   0.0000000E+00   0.0000000E+00   0.0000000E+00   0.0000000E+00   0.0000000E+00   0.0000000E+00   0.0000000E+00
   0.0000000E+00   0.0000000E+00   0.0000000E+00   0.0000000E+00   0.0000000E+00  -1.7747847E-11  -5.8664122E-09   7.0683798E-20   7.0886923E-20  -7.1088800E-20  -7.1407762E-20  -7.1850272E-20  -7.2300206E-20   7.2757760E-20  -7.3223120E-20  -7.3696493E-20   3.7089044E-20   3.7334047E-20   3.7583374E-20  -3.7837135E-20  -3.8095441E-20   3.8358414E-20  -3.8626171E-20  -3.8898840E-20   3.9176547E-20   3.9459430E-20   3.9747615E-20  -4.0041248E-20  -4.0340471E-20  -4.0645429E-20  -4.0956271E-20  -4.1273156E-20   4.1596241E-20  -4.1925682E-20  -4.2261649E-20  -4.2604312E-20  -4.2953841E-20  -4.3310418E-20   0.0000000E+00   0.0000000E+00   0.0000000E+00   0.0000000E+00   0.0000000E+00   3.7017603E-12   9.7746585E-12  -1.1725381E-12  -8.0520764E-12  -8.3401314E-11  -1.0815500E-09  -1.1705007E-08  -9.0460873E-08  -4.2597188E-07  -7.3155519E-07  -1.1721012E-06  -1.8400555E-06  -2.7800543E-06  -4.1773542E-06  -5.7554730E-06  -7.5210255E-06  -9.3944191E-06  -1.0984691E-05  -1.1422640E-05  -6.3474536E-06  -2.7532969E-06  -7.4927743E-07   0.0000000E+00   0.0000000E+00   0.0000000E+00  -1.0140421E-11  -9.9140840E-10  -1.3547918E-06  -3.4822783E-08  -3.5968060E-07  -9.6680435E-07  -2.0353295E-06  -3.8490425E-06  -5.8119581E-06  -5.8707501E-06  -5.8892442E-06  -5.8523010E-06  -5.7587763E-06  -5.6018912E-06  -5.3534841E-06  -5.1001425E-06  -5.0767253E-06  -4.7204967E-06  -4.3935765E-06  -3.9868901E-06  -3.6043223E-06  -3.3379172E-06  -3.3029712E-06  -4.4177577E-06  -7.2245921E-06   0.0000000E+00   0.0000000E+00   0.0000000E+00   0.0000000E+00   0.0000000E+00   0.0000000E+00   0.0000000E+00
   0.0000000E+00   0.0000000E+00   0.0000000E+00   0.0000000E+00   0.0000000E+00  -3.9854894E-11  -1.5354942E-14   7.0683798E-20   7.0886923E-20  -7.1088800E-20  -7.1407762E-20  -7.1850272E-20  -7.2300206E-20   7.2757760E-20  -7.3223120E-20  -7.3696493E-20   3.7089044E-20   3.7334047E-20   3.7583374E-20  -3.7837135E-20  -3.8095441E-20   3.8358414E-20  -3.8626171E-20  -3.8898840E-20   3.9176547E-20   3.9459430E-20   3.9747615E-20  -4.0041248E-20  -4.0340471E-20  -4.0645429E-20  -4.0956271E-20  -4.1273156E-20   4.1596241E-20  -4.1925682E-20  -4.2261649E-20  -4.2604312E-20  -4.2953841E-20  -4.3310418E-20   0.0000000E+00   0.0000000E+00   0.0000000E+00   0.0000000E+00   0.0000000E+00   7.9040741E-12  -1.2112104E-12  -5.4996272E-12  -4.4932110E-11  -5.7810179E-10  -6.5345631E-09  -5.6533988E-08  -3.4648463E-07  -1.3488351E-06  -2.2240090E-06  -3.4046202E-06  -4.9943992E-06  -6.9728003E-06  -9.5640617E-06  -1.1818195E-05  -7.7864470E-06  -3.3242675E-06  -7.3819399E-07   0.0000000E+00   0.0000000E+00   0.0000000E+00   0.0000000E+00   0.0000000E+00   0.0000000E+00   0.0000000E+00   0.0000000E+00   0.0000000E+00   0.0000000E+00   0.0000000E+00   0.0000000E+00   0.0000000E+00   0.0000000E+00  -1.2011796E-10  -4.3272988E-07  -2.6377959E-06  -5.8331984E-06  -5.8495557E-06  -5.8110500E-06  -5.6947679E-06  -5.4689572E-06  -5.2244513E-06  -5.2072796E-06  -4.8099400E-06  -4.4648318E-06  -4.0479617E-06  -3.6668150E-06  -3.3649940E-06  -3.3897302E-06  -4.6856831E-06  -7.5351595E-06   0.0000000E+00   0.0000000E+00   0.0000000E+00   0.0000000E+00   0.0000000E+00   0.0000000E+00   0.0000000E+00
   0.0000000E+00   0.0000000E+00   0.0000000E+00   0.0000000E+00   0.0000000E+00  -8.3527942E-11  -3.5239742E-19   7.0683798E-20   7.0886923E-20  -7.1088800E-20  -7.1407762E-20  -7.1850272E-20  -7.2300206E-20   7.2757760E-20  -7.3223120E-20  -7.3696493E-20   3.7089044E-20   3.7334047E-20   3.7583374E-20  -3.7837135E-20  -3.8095441E-20   3.8358414E-20  -3.8626171E-20  -3.8898840E-20   3.9176547E-20   3.9459430E-20   3.9747615E-20  -4.0041248E-20  -4.0340471E-20  -4.0645429E-20  -4.0956271E-20  -4.1273156E-20   4.1596241E-20  -4.1925682E-20  -4.2261649E-20  -4.2604312E-20  -4.2953841E-20  -4.3310418E-20   0.0000000E+00   0.0000000E+00   0.0000000E+00   0.0000000E+00   1.3842071E-12  -1.1176860E-12  -4.3327507E-12  -3.2188027E-11  -3.9647566E-10  -4.4736277E-09  -4.0097316E-08  -2.6859701E-07  -1.2541366E-06  -3.7359789E-06  -5.9745839E-06  -8.7516328E-06  -1.1655521E-05  -7.5148264E-06  -2.5865422E-06  -1.9310620E-07   0.0000000E+00   0.0000000E+00   0.0000000E+00   0.0000000E+00   0.0000000E+00   0.0000000E+00   0.0000000E+00   0.0000000E+00   0.0000000E+00   0.0000000E+00   0.0000000E+00   0.0000000E+00   0.0000000E+00   0.0000000E+00   0.0000000E+00   0.0000000E+00   0.0000000E+00   0.0000000E+00   0.0000000E+00   0.0000000E+00  -3.5750537E-07  -3.8063056E-06  -5.8354863E-06  -5.7466123E-06  -5.5372243E-06  -5.3000444E-06  -5.2767264E-06  -4.8695438E-06  -4.5086604E-06  -4.0777127E-06  -3.6793908E-06  -3.4187685E-06  -3.5048870E-06  -4.9304467E-06  -7.8179237E-06   0.0000000E+00   0.0000000E+00   0.0000000E+00   0.0000000E+00   0.0000000E+00   0.0000000E+00   0.0000000E+00
   0.0000000E+00   0.0000000E+00   0.0000000E+00   0.0000000E+00   0.0000000E+00  -1.2705179E-10  -2.1143844E-19   7.0683798E-20   7.0886923E-20  -7.1088800E-20  -7.1407762E-20  -7.1850272E-20  -7.2300206E-20   7.2757760E-20  -7.3223120E-20  -7.3696493E-20   3.7089044E-20   3.7334047E-20   3.7583374E-20  -3.7837135E-20  -3.8095441E-20   3.8358414E-20  -3.8626171E-20  -3.8898840E-20   3.9176547E-20   3.9459430E-20   3.9747615E-20  -4.0041248E-20  -4.0340471E-20  -4.0645429E-20  -4.0956271E-20  -4.1273156E-20   4.1596241E-20  -4.1925682E-20  -4.2261649E-20  -4.2604312E-20  -4.2953841E-20  -4.3310418E-20   0.0000000E+00   0.0000000E+00   0.0000000E+00   0.0000000E+00   4.5439993E-12  -3.6595419E-12  -2.5272184E-11  -3.0612116E-10  -3.5383847E-09  -3.3052270E-08  -2.3945421E-07  -1.2709231E-06  -4.5590523E-06  -1.0029878E-05  -9.6773292E-06  -3.8396702E-06  -3.7608180E-07   0.0000000E+00   0.0000000E+00   0.0000000E+00   0.0000000E+00   0.0000000E+00   0.0000000E+00   0.0000000E+00   0.0000000E+00   0.0000000E+00   0.0000000E+00   0.0000000E+00   0.0000000E+00   0.0000000E+00   0.0000000E+00   0.0000000E+00   0.0000000E+00   0.0000000E+00   0.0000000E+00   0.0000000E+00   0.0000000E+00   0.0000000E+00   0.0000000E+00   0.0000000E+00  -7.7106765E-11  -4.5940460E-09  -2.0411310E-06  -5.7804409E-06  -5.5809232E-06  -5.3500239E-06  -5.3360823E-06  -4.9074979E-06  -4.5406218E-06  -4.1085145E-06  -3.7102684E-06  -3.4173252E-06  -3.5872563E-06  -5.1697552E-06  -5.3310664E-06   0.0000000E+00   0.0000000E+00   0.0000000E+00   0.0000000E+00   0.0000000E+00   0.0000000E+00   0.0000000E+00
   0.0000000E+00   0.0000000E+00   0.0000000E+00   0.0000000E+00   0.0000000E+00  -1.7127184E-10  -1.4095897E-19   7.0683798E-20   7.0886923E-20  -7.1088800E-20  -7.1407762E-20  -7.1850272E-20  -7.2300206E-20   7.2757760E-20  -7.3223120E-20  -7.3696493E-20   3.7089044E-20   3.7334047E-20   3.7583374E-20  -3.7837135E-20  -3.8095441E-20   3.8358414E-20  -3.8626171E-20  -3.8898840E-20   3.9176547E-20   3.9459430E-20   3.9747615E-20  -4.0041248E-20  -4.0340471E-20  -4.0645429E-20  -4.0956271E-20  -4.1273156E-20   4.1596241E-20  -4.1925682E-20  -4.2261649E-20  -4.2604312E-20  -4.2953841E-20  -4.3310418E-20   0.0000000E+00   0.0000000E+00   0.0000000E+00   0.0000000E+00   9.6530397E-12  -2.0877538E-11  -2.5423672E-10  -2.9805300E-09  -2.9255853E-08  -2.2530882E-07  -1.3066881E-06  -5.1839575E-06  -1.1166610E-05  -1.9964648E-06   0.0000000E+00   0.0000000E+00   0.0000000E+00   0.0000000E+00   0.0000000E+00   0.0000000E+00   0.0000000E+00   0.0000000E+00   0.0000000E+00   0.0000000E+00   0.0000000E+00   0.0000000E+00   0.0000000E+00   0.0000000E+00   0.0000000E+00   0.0000000E+00   0.0000000E+00   0.0000000E+00   0.0000000E+00   0.0000000E+00   0.0000000E+00   0.0000000E+00   0.0000000E+00   0.0000000E+00   0.0000000E+00   0.0000000E+00   0.0000000E+00   0.0000000E+00   0.0000000E+00  -3.0162451E-07  -3.1963298E-06  -5.0341432E-06  -4.7359454E-06  -4.1276271E-06  -3.6495594E-06  -3.9988495E-06  -3.7042951E-06  -3.4559521E-06  -3.6895301E-06  -5.3927324E-06   0.0000000E+00   0.0000000E+00   0.0000000E+00   0.0000000E+00   0.0000000E+00   0.0000000E+00   0.0000000E+00   0.0000000E+00
   0.0000000E+00   0.0000000E+00   0.0000000E+00   0.0000000E+00   0.0000000E+00  -2.1563941E-10  -7.0479485E-20   7.0683798E-20   7.0886923E-20  -7.1088800E-20  -7.1407762E-20  -7.1850272E-20  -7.2300206E-20   7.2757760E-20  -7.3223120E-20  -7.3696493E-20   3.7089044E-20   3.7334047E-20   3.7583374E-20  -3.7837135E-20  -3.8095441E-20   3.8358414E-20  -3.8626171E-20  -3.8898840E-20   3.9176547E-20   3.9459430E-20   3.9747615E-20  -4.0041248E-20  -4.0340471E-20  -4.0645429E-20  -4.0956271E-20  -4.1273156E-20   4.1596241E-20  -4.1925682E-20  -4.2261649E-20  -4.2604312E-20  -4.2953841E-20  -4.3310418E-20   0.0000000E+00   0.0000000E+00   0.0000000E+00   9.2642829E-12  -1.4394391E-11  -2.2375102E-10  -2.6958511E-09  -2.7251765E-08  -2.2342984E-07  -1.3778960E-06  -5.7739881E-06  -7.6390143E-06   0.0000000E+00   0.0000000E+00   0.0000000E+00   0.0000000E+00   0.0000000E+00   0.0000000E+00   0.0000000E+00   0.0000000E+00   0.0000000E+00   0.0000000E+00   0.0000000E+00   0.0000000E+00   0.0000000E+00   0.0000000E+00   0.0000000E+00   0.0000000E+00   0.0000000E+00   0.0000000E+00   0.0000000E+00   0.0000000E+00   0.0000000E+00   0.0000000E+00   0.0000000E+00   0.0000000E+00   0.0000000E+00   0.0000000E+00   0.0000000E+00   0.0000000E+00   0.0000000E+00   0.0000000E+00   0.0000000E+00   0.0000000E+00   0.0000000E+00   0.0000000E+00   0.0000000E+00   0.0000000E+00  -2.0887110E-11   0.0000000E+00  -1.2605656E-06  -3.4553789E-06  -3.7799853E-06  -5.6096537E-06   0.0000000E+00   0.0000000E+00   0.0000000E+00   0.0000000E+00   0.0000000E+00   0.0000000E+00   0.0000000E+00   0.0000000E+00
   0.0000000E+00   0.0000000E+00   0.0000000E+00   0.0000000E+00   0.0000000E+00  -2.6024413E-10  -7.0479485E-20   7.0683798E-20   7.0886923E-20  -7.1088800E-20  -7.1407762E-20  -7.1850272E-20  -7.2300206E-20   7.2757760E-20  -7.3223120E-20  -7.3696493E-20   3.7089044E-20   3.7334047E-20   3.7583374E-20  -3.7837135E-20  -3.8095441E-20   3.8358414E-20  -3.8626171E-20  -3.8898840E-20   3.9176547E-20   3.9459430E-20   3.9747615E-20  -4.0041248E-20  -4.0340471E-20  -4.0645429E-20  -4.0956271E-20  -4.1273156E-20   4.1596241E-20  -4.1925682E-20  -4.2261649E-20  -4.2604312E-20  -4.2953841E-20  -4.3310418E-20   0.0000000E+00   0.0000000E+00   4.3366838E-12  -6.1820453E-12  -1.9985519E-10  -2.5781086E-09  -2.6983784E-08  -2.2943550E-07  -1.4977358E-06  -6.4300439E-06  -5.2244959E-06   0.0000000E+00   0.0000000E+00   0.0000000E+00   0.0000000E+00   0.0000000E+00   0.0000000E+00   0.0000000E+00   0.0000000E+00   0.0000000E+00   0.0000000E+00   0.0000000E+00   0.0000000E+00   0.0000000E+00   0.0000000E+00   0.0000000E+00   0.0000000E+00   0.0000000E+00   0.0000000E+00   0.0000000E+00   0.0000000E+00   0.0000000E+00   0.0000000E+00   0.0000000E+00   0.0000000E+00   0.0000000E+00   0.0000000E+00   0.0000000E+00   0.0000000E+00   0.0000000E+00   0.0000000E+00   0.0000000E+00   0.0000000E+00   0.0000000E+00   0.0000000E+00   0.0000000E+00   0.0000000E+00   0.0000000E+00   0.0000000E+00   0.0000000E+00   0.0000000E+00  -3.4156790E-07  -3.6954202E-06  -3.6230990E-06   0.0000000E+00   0.0000000E+00   0.0000000E+00   0.0000000E+00   0.0000000E+00   0.0000000E+00   0.0000000E+00   0.0000000E+00
   0.0000000E+00   0.0000000E+00   0.0000000E+00   0.0000000E+00   0.0000000E+00  -3.0485120E-10  -7.0479485E-20   7.0683798E-20   7.0886923E-20  -7.1088800E-20  -7.1407762E-20  -7.1850272E-20  -7.2300206E-20   7.2757760E-20  -7.3223120E-20  -7.3696493E-20   3.7089044E-20   3.7334047E-20   3.7583374E-20  -3.7837135E-20  -3.8095441E-20   3.8358414E-20  -3.8626171E-20  -3.8898840E-20   3.9176547E-20   3.9459430E-20   3.9747615E-20  -4.0041248E-20  -4.0340471E-20  -4.0645429E-20  -4.0956271E-20  -4.1273156E-20   4.1596241E-20  -4.1925682E-20  -4.2261649E-20  -4.2604312E-20  -4.2953841E-20  -4.3310418E-20   0.0000000E+00   3.2087200E-12  -9.5912315E-12  -1.8540509E-10  -2.5550484E-09  -2.8034366E-08  -2.4676044E-07  -1.6552872E-06  -7.2336315E-06  -3.2715063E-06   0.0000000E+00   0.0000000E+00   0.0000000E+00   0.0000000E+00   0.0000000E+00   0.0000000E+00   0.0000000E+00   0.0000000E+00   0.0000000E+00   0.0000000E+00   0.0000000E+00   0.0000000E+00   0.0000000E+00   0.0000000E+00   0.0000000E+00   0.0000000E+00   0.0000000E+00   0.0000000E+00   0.0000000E+00   0.0000000E+00   0.0000000E+00   0.0000000E+00   0.0000000E+00   0.0000000E+00   0.0000000E+00   0.0000000E+00   0.0000000E+00   0.0000000E+00   0.0000000E+00   0.0000000E+00   0.0000000E+00   0.0000000E+00   0.0000000E+00   0.0000000E+00   0.0000000E+00   0.0000000E+00   0.0000000E+00   0.0000000E+00   0.0000000E+00   0.0000000E+00   0.0000000E+00   0.0000000E+00   0.0000000E+00   0.0000000E+00   0.0000000E+00   0.0000000E+00   0.0000000E+00   0.0000000E+00   0.0000000E+00   0.0000000E+00   0.0000000E+00   0.0000000E+00
   0.0000000E+00   0.0000000E+00   0.0000000E+00   0.0000000E+00   0.0000000E+00  -3.4967243E-10  -7.0479485E-20   7.0683798E-20   7.0886923E-20  -7.1088800E-20  -7.1407762E-20  -7.1850272E-20  -7.2300206E-20   7.2757760E-20  -7.3223120E-20  -7.3696493E-20   3.7089044E-20   3.7334047E-20   3.7583374E-20  -3.7837135E-20  -3.8095441E-20   3.8358414E-20  -3.8626171E-20  -3.8898840E-20   3.9176547E-20   3.9459430E-20   3.9747615E-20  -4.0041248E-20  -4.0340471E-20  -4.0645429E-20  -4.0956271E-20  -4.1273156E-20   4.1596241E-20  -4.1925682E-20  -4.2261649E-20  -4.2604312E-20  -4.2953841E-20  -4.3310418E-20   2.8020340E-12  -9.1076591E-12  -1.7882834E-10  -2.6115818E-09  -3.0130423E-08  -2.7541020E-07  -1.8828047E-06  -8.1124554E-06  -1.6362491E-06   0.0000000E+00   0.0000000E+00   0.0000000E+00   0.0000000E+00   0.0000000E+00   0.0000000E+00   0.0000000E+00   0.0000000E+00   0.0000000E+00   0.0000000E+00   0.0000000E+00   0.0000000E+00   0.0000000E+00   0.0000000E+00   0.0000000E+00   0.0000000E+00   0.0000000E+00   0.0000000E+00   0.0000000E+00   0.0000000E+00   0.0000000E+00   0.0000000E+00   0.0000000E+00   0.0000000E+00   0.0000000E+00   0.0000000E+00   0.0000000E+00   0.0000000E+00   0.0000000E+00   0.0000000E+00   0.0000000E+00   0.0000000E+00   0.0000000E+00   0.0000000E+00   0.0000000E+00   0.0000000E+00   0.0000000E+00   0.0000000E+00   0.0000000E+00   0.0000000E+00   0.0000000E+00   0.0000000E+00   0.0000000E+00   0.0000000E+00   0.0000000E+00   0.0000000E+00   0.0000000E+00   0.0000000E+00   0.0000000E+00   0.0000000E+00   0.0000000E+00   0.0000000E+00   0.0000000E+00
   0.0000000E+00   0.0000000E+00   0.0000000E+00   0.0000000E+00   0.0000000E+00  -3.9460191E-10  -7.0479485E-20   7.0683798E-20   7.0886923E-20  -7.1088800E-20  -7.1407762E-20  -7.1850272E-20  -7.2300206E-20   7.2757760E-20  -7.3223120E-20  -7.3696493E-20   3.7089044E-20   3.7334047E-20   3.7583374E-20  -3.7837135E-20  -3.8095441E-20   3.8358414E-20  -3.8626171E-20  -3.8898840E-20   3.9176547E-20   3.9459430E-20   3.9747615E-20  -4.0041248E-20  -4.0340471E-20  -4.0645429E-20  -4.0956271E-20  -4.1273156E-20   4.1596241E-20  -4.1925682E-20  -4.2261649E-20  -4.2604312E-20  -4.2953841E-20   2.6132744E-12  -9.1151591E-12  -1.8677800E-10  -2.7663520E-09  -3.3209758E-08  -3.1576900E-07  -2.1918027E-06  -6.8644549E-06  -1.2949621E-07   0.0000000E+00   0.0000000E+00   0.0000000E+00   0.0000000E+00   0.0000000E+00   0.0000000E+00   0.0000000E+00   0.0000000E+00   0.0000000E+00   0.0000000E+00   0.0000000E+00   0.0000000E+00   0.0000000E+00   0.0000000E+00   0.0000000E+00   0.0000000E+00   0.0000000E+00   0.0000000E+00   0.0000000E+00   0.0000000E+00   0.0000000E+00   0.0000000E+00   0.0000000E+00   0.0000000E+00   0.0000000E+00   0.0000000E+00   0.0000000E+00   0.0000000E+00   0.0000000E+00   0.0000000E+00   0.0000000E+00   0.0000000E+00   0.0000000E+00   0.0000000E+00   0.0000000E+00   0.0000000E+00   0.0000000E+00   0.0000000E+00   0.0000000E+00   0.0000000E+00   0.0000000E+00   0.0000000E+00   0.0000000E+00   0.0000000E+00   0.0000000E+00   0.0000000E+00   0.0000000E+00   0.0000000E+00   0.0000000E+00   0.0000000E+00   0.0000000E+00   0.0000000E+00   0.0000000E+00   0.0000000E+00
   0.0000000E+00   0.0000000E+00   0.0000000E+00   0.0000000E+00   0.0000000E+00  -4.3963669E-10  -7.0479485E-20   7.0683798E-20   7.0886923E-20  -7.1088800E-20  -7.1407762E-20  -7.1850272E-20  -7.2300206E-20   7.2757760E-20  -7.3223120E-20  -7.3696493E-20   3.7089044E-20   3.7334047E-20   3.7583374E-20  -3.7837135E-20  -3.8095441E-20   3.8358414E-20  -3.8626171E-20  -3.8898840E-20   3.9176547E-20   3.9459430E-20   3.9747615E-20  -4.0041248E-20  -4.0340471E-20  -4.0645429E-20  -4.0956271E-20  -4.1273156E-20   4.1596241E-20  -4.1925682E-20  -4.2261649E-20  -4.2604312E-20   2.5682551E-12  -9.5162949E-12  -1.9989477E-10  -3.0538492E-09  -3.7652637E-08  -3.6832574E-07  -2.5939967E-06  -5.4717734E-06   0.0000000E+00   0.0000000E+00   0.0000000E+00   0.0000000E+00   0.0000000E+00   0.0000000E+00   0.0000000E+00   0.0000000E+00   0.0000000E+00   0.0000000E+00   0.0000000E+00   0.0000000E+00   0.0000000E+00   0.0000000E+00   0.0000000E+00   0.0000000E+00   0.0000000E+00   0.0000000E+00   0.0000000E+00   0.0000000E+00   0.0000000E+00   0.0000000E+00   0.0000000E+00   0.0000000E+00   0.0000000E+00   0.0000000E+00   0.0000000E+00   0.0000000E+00   0.0000000E+00   0.0000000E+00   0.0000000E+00   0.0000000E+00   0.0000000E+00   0.0000000E+00   0.0000000E+00   0.0000000E+00   0.0000000E+00   0.0000000E+00   0.0000000E+00   0.0000000E+00   0.0000000E+00   0.0000000E+00   0.0000000E+00   0.0000000E+00   0.0000000E+00   0.0000000E+00   0.0000000E+00   0.0000000E+00   0.0000000E+00   0.0000000E+00   0.0000000E+00   0.0000000E+00   0.0000000E+00   0.0000000E+00   0.0000000E+00   0.0000000E+00
   0.0000000E+00   0.0000000E+00   0.0000000E+00   0.0000000E+00   0.0000000E+00  -4.8477505E-10  -7.0479485E-20   7.0683798E-20   7.0886923E-20  -7.1088800E-20  -7.1407762E-20  -7.1850272E-20  -7.2300206E-20   7.2757760E-20  -7.3223120E-20  -7.3696493E-20   3.7089044E-20   3.7334047E-20   3.7583374E-20  -3.7837135E-20  -3.8095441E-20   3.8358414E-20  -3.8626171E-20  -3.8898840E-20   3.9176547E-20   3.9459430E-20   3.9747615E-20  -4.0041248E-20  -4.0340471E-20  -4.0645429E-20  -4.0956271E-20  -4.1273156E-20   4.1596241E-20  -4.1925682E-20  -4.2261649E-20   2.6365379E-12  -1.0296465E-11  -2.2131516E-10  -3.4710084E-09  -4.3854747E-08  -4.3727769E-07  -3.0887143E-06  -4.2355232E-06   0.0000000E+00   0.0000000E+00   0.0000000E+00   0.0000000E+00   0.0000000E+00   0.0000000E+00   0.0000000E+00   0.0000000E+00   0.0000000E+00   0.0000000E+00   0.0000000E+00   0.0000000E+00   0.0000000E+00   0.0000000E+00   0.0000000E+00   0.0000000E+00   0.0000000E+00   0.0000000E+00   0.0000000E+00   0.0000000E+00   0.0000000E+00   0.0000000E+00   0.0000000E+00   0.0000000E+00   0.0000000E+00   0.0000000E+00   0.0000000E+00   0.0000000E+00   0.0000000E+00   0.0000000E+00   0.0000000E+00   0.0000000E+00   0.0000000E+00   0.0000000E+00   0.0000000E+00   0.0000000E+00   0.0000000E+00   0.0000000E+00   0.0000000E+00   0.0000000E+00   0.0000000E+00   0.0000000E+00   0.0000000E+00   0.0000000E+00   0.0000000E+00   0.0000000E+00   0.0000000E+00   0.0000000E+00   0.0000000E+00   0.0000000E+00   0.0000000E+00   0.0000000E+00   0.0000000E+00   0.0000000E+00   0.0000000E+00   0.0000000E+00   0.0000000E+00
   0.0000000E+00   0.0000000E+00   0.0000000E+00   0.0000000E+00   0.0000000E+00  -5.2990934E-10  -7.0479485E-20   7.0683798E-20   7.0886923E-20  -7.1088800E-20  -7.1407762E-20  -7.1850272E-20  -7.2300206E-20   7.2757760E-20  -7.3223120E-20  -7.3696493E-20   3.7089044E-20   3.7334047E-20   3.7583374E-20  -3.7837135E-20  -3.8095441E-20   3.8358414E-20  -3.8626171E-20  -3.8898840E-20   3.9176547E-20   3.9459430E-20   3.9747615E-20  -4.0041248E-20  -4.0340471E-20  -4.0645429E-20  -4.0956271E-20  -4.1273156E-20   4.1596241E-20  -4.1925682E-20   2.8089538E-12  -1.1474622E-11  -2.5228922E-10  -4.0525205E-09  -5.2286929E-08  -5.2758719E-07  -3.6919710E-06  -3.0678407E-06   0.0000000E+00   0.0000000E+00   0.0000000E+00   0.0000000E+00   0.0000000E+00   0.0000000E+00   0.0000000E+00   0.0000000E+00   0.0000000E+00   0.0000000E+00   0.0000000E+00   0.0000000E+00   0.0000000E+00   0.0000000E+00   0.0000000E+00   0.0000000E+00   0.0000000E+00   0.0000000E+00   0.0000000E+00   0.0000000E+00   0.0000000E+00   0.0000000E+00   0.0000000E+00   0.0000000E+00   0.0000000E+00   0.0000000E+00   0.0000000E+00   0.0000000E+00   0.0000000E+00   0.0000000E+00   0.0000000E+00   0.0000000E+00   0.0000000E+00   0.0000000E+00   0.0000000E+00   0.0000000E+00   0.0000000E+00   0.0000000E+00   0.0000000E+00   0.0000000E+00   0.0000000E+00   0.0000000E+00   0.0000000E+00   0.0000000E+00   0.0000000E+00   0.0000000E+00   0.0000000E+00   0.0000000E+00   0.0000000E+00   0.0000000E+00   0.0000000E+00   0.0000000E+00   0.0000000E+00   0.0000000E+00   0.0000000E+00   0.0000000E+00   0.0000000E+00   0.0000000E+00
   0.0000000E+00   0.0000000E+00   0.0000000E+00   0.0000000E+00   0.0000000E+00  -5.7524269E-10  -7.0479485E-20   7.0683798E-20   7.0886923E-20  -7.1088800E-20  -7.1407762E-20  -7.1850272E-20  -7.2300206E-20   7.2757760E-20  -7.3223120E-20  -7.3696493E-20   3.7089044E-20   3.7334047E-20   3.7583374E-20  -3.7837135E-20  -3.8095441E-20   3.8358414E-20  -3.8626171E-20  -3.8898840E-20   3.9176547E-20   3.9459430E-20   3.9747615E-20  -4.0041248E-20  -4.0340471E-20  -4.0645429E-20  -4.0956271E-20  -4.1273156E-20   4.1596241E-20   3.0880556E-12  -1.3096277E-11  -2.9462763E-10  -4.8403290E-09  -6.3542117E-08  -6.4486130E-07  -4.4197500E-06  -2.1212670E-06   0.0000000E+00   0.0000000E+00   0.0000000E+00   0.0000000E+00   0.0000000E+00   0.0000000E+00   0.0000000E+00   0.0000000E+00   0.0000000E+00   0.0000000E+00   0.0000000E+00   0.0000000E+00   0.0000000E+00   0.0000000E+00   0.0000000E+00   0.0000000E+00   0.0000000E+00   0.0000000E+00   0.0000000E+00   0.0000000E+00   0.0000000E+00   0.0000000E+00   0.0000000E+00   0.0000000E+00   0.0000000E+00   0.0000000E+00   0.0000000E+00   0.0000000E+00   0.0000000E+00   0.0000000E+00   0.0000000E+00   0.0000000E+00   0.0000000E+00   0.0000000E+00   0.0000000E+00   0.0000000E+00   0.0000000E+00   0.0000000E+00   0.0000000E+00   0.0000000E+00   0.0000000E+00   0.0000000E+00   0.0000000E+00   0.0000000E+00   0.0000000E+00   0.0000000E+00   0.0000000E+00   0.0000000E+00   0.0000000E+00   0.0000000E+00   0.0000000E+00   0.0000000E+00   0.0000000E+00   0.0000000E+00   0.0000000E+00   0.0000000E+00   0.0000000E+00   0.0000000E+00   0.0000000E+00
   0.0000000E+00   0.0000000E+00   0.0000000E+00   0.0000000E+00   0.0000000E+00  -6.2067790E-10  -7.0479485E-20   7.0683798E-20   7.0886923E-20  -7.1088800E-20  -7.1407762E-20  -7.1850272E-20  -7.2300206E-20   7.2757760E-20  -7.3223120E-20  -7.3696493E-20   3.7089044E-20   3.7334047E-20   3.7583374E-20  -3.7837135E-20  -3.8095441E-20   3.8358414E-20  -3.8626171E-20  -3.8898840E-20   3.9176547E-20   3.9459430E-20   3.9747615E-20  -4.0041248E-20  -4.0340471E-20  -4.0645429E-20  -4.0956271E-20  -4.1273156E-20   3.4843545E-12   9.3645946E-13  -3.5070596E-10  -5.8878635E-09  -7.8417408E-08  -7.9561863E-07  -5.2822315E-06  -1.2376848E-06   0.0000000E+00   0.0000000E+00   0.0000000E+00   0.0000000E+00   0.0000000E+00   0.0000000E+00   0.0000000E+00   0.0000000E+00   0.0000000E+00   0.0000000E+00   0.0000000E+00   0.0000000E+00   0.0000000E+00   0.0000000E+00   0.0000000E+00   0.0000000E+00   0.0000000E+00   0.0000000E+00   0.0000000E+00   0.0000000E+00   0.0000000E+00   0.0000000E+00   0.0000000E+00   0.0000000E+00   0.0000000E+00   0.0000000E+00   0.0000000E+00   0.0000000E+00   0.0000000E+00   0.0000000E+00   0.0000000E+00   0.0000000E+00   0.0000000E+00   0.0000000E+00   0.0000000E+00   0.0000000E+00   0.0000000E+00   0.0000000E+00   0.0000000E+00   0.0000000E+00   0.0000000E+00   0.0000000E+00   0.0000000E+00   0.0000000E+00   0.0000000E+00   0.0000000E+00   0.0000000E+00   0.0000000E+00   0.0000000E+00   0.0000000E+00   0.0000000E+00   0.0000000E+00   0.0000000E+00   0.0000000E+00   0.0000000E+00   0.0000000E+00   0.0000000E+00   0.0000000E+00   0.0000000E+00   0.0000000E+00
   0.0000000E+00   0.0000000E+00   0.0000000E+00   0.0000000E+00   0.0000000E+00  -6.6621497E-10  -7.0479485E-20   7.0683798E-20   7.0886923E-20  -7.1088800E-20  -7.1407762E-20  -7.1850272E-20  -7.2300206E-20   7.2757760E-20  -7.3223120E-20  -7.3696493E-20   3.7089044E-20   3.7334047E-20   3.7583374E-20  -3.7837135E-20  -3.8095441E-20   3.8358414E-20  -3.8626171E-20  -3.8898840E-20   3.9176547E-20   3.9459430E-20   3.9747615E-20  -4.0041248E-20  -4.0340471E-20  -4.0645429E-20  -4.0956271E-20   2.1470224E-12   1.8861577E-12   1.9760818E-11  -7.2603230E-09  -9.7868359E-08  -9.8710620E-07  -5.3970084E-06  -3.5728181E-07   0.0000000E+00   0.0000000E+00   0.0000000E+00   0.0000000E+00   0.0000000E+00   0.0000000E+00   0.0000000E+00   0.0000000E+00   0.0000000E+00   0.0000000E+00   0.0000000E+00   0.0000000E+00   0.0000000E+00   0.0000000E+00   0.0000000E+00   0.0000000E+00   0.0000000E+00   0.0000000E+00   0.0000000E+00   0.0000000E+00   0.0000000E+00   0.0000000E+00   0.0000000E+00   0.0000000E+00   0.0000000E+00   0.0000000E+00   0.0000000E+00   0.0000000E+00   0.0000000E+00   0.0000000E+00   0.0000000E+00   0.0000000E+00   0.0000000E+00   0.0000000E+00   0.0000000E+00   0.0000000E+00   0.0000000E+00   0.0000000E+00   0.0000000E+00   0.0000000E+00   0.0000000E+00   0.0000000E+00   0.0000000E+00   0.0000000E+00   0.0000000E+00   0.0000000E+00   0.0000000E+00   0.0000000E+00   0.0000000E+00   0.0000000E+00   0.0000000E+00   0.0000000E+00   0.0000000E+00   0.0000000E+00   0.0000000E+00   0.0000000E+00   0.0000000E+00   0.0000000E+00   0.0000000E+00   0.0000000E+00   0.0000000E+00
   0.0000000E+00   0.0000000E+00   0.0000000E+00   0.0000000E+00   0.0000000E+00  -7.1185402E-10  -7.0479485E-20   7.0683798E-20   7.0886923E-20  -7.1088800E-20  -7.1407762E-20  -7.1850272E-20  -7.2300206E-20   7.2757760E-20  -7.3223120E-20  -7.3696493E-20   3.7089044E-20   3.7334047E-20   3.7583374E-20  -3.7837135E-20  -3.8095441E-20   3.8358414E-20  -3.8626171E-20  -3.8898840E-20   3.9176547E-20   3.9459430E-20   3.9747615E-20  -4.0041248E-20  -4.0340471E-20  -4.0645429E-20   1.0802632E-12   1.7939810E-12   3.6137451E-11   3.3852698E-10  -1.2297274E-07  -1.2264821E-06  -5.0122235E-06   0.0000000E+00   0.0000000E+00   0.0000000E+00   0.0000000E+00   0.0000000E+00   0.0000000E+00   0.0000000E+00   0.0000000E+00   0.0000000E+00   0.0000000E+00   0.0000000E+00   0.0000000E+00   0.0000000E+00   0.0000000E+00   0.0000000E+00   0.0000000E+00   0.0000000E+00   0.0000000E+00   0.0000000E+00   0.0000000E+00   0.0000000E+00   0.0000000E+00   0.0000000E+00   0.0000000E+00   0.0000000E+00   0.0000000E+00   0.0000000E+00   0.0000000E+00   0.0000000E+00   0.0000000E+00   0.0000000E+00   0.0000000E+00   0.0000000E+00   0.0000000E+00   0.0000000E+00   0.0000000E+00   0.0000000E+00   0.0000000E+00   0.0000000E+00   0.0000000E+00   0.0000000E+00   0.0000000E+00   0.0000000E+00   0.0000000E+00   0.0000000E+00   0.0000000E+00   0.0000000E+00   0.0000000E+00   0.0000000E+00   0.0000000E+00   0.0000000E+00   0.0000000E+00   0.0000000E+00   0.0000000E+00   0.0000000E+00   0.0000000E+00   0.0000000E+00   0.0000000E+00   0.0000000E+00   0.0000000E+00   0.0000000E+00   0.0000000E+00   0.0000000E+00
   0.0000000E+00   0.0000000E+00   0.0000000E+00   0.0000000E+00   0.0000000E+00  -7.5759538E-10  -7.0479485E-20   7.0683798E-20   7.0886923E-20  -7.1088800E-20  -7.1407762E-20  -7.1850272E-20  -7.2300206E-20   7.2757760E-20  -7.3223120E-20  -7.3696493E-20   3.7089044E-20   3.7334047E-20   3.7583374E-20  -3.7837135E-20  -3.8095441E-20   3.8358414E-20  -3.8626171E-20  -3.8898840E-20   3.9176547E-20   3.9459430E-20   3.9747615E-20  -4.0041248E-20  -4.0340471E-20   3.2437722E-13   1.1113492E-12   3.0336518E-11   5.5696153E-10   4.7177009E-09  -1.5225907E-06  -4.6780269E-06   0.0000000E+00   0.0000000E+00   0.0000000E+00   0.0000000E+00   0.0000000E+00   0.0000000E+00   0.0000000E+00   0.0000000E+00   0.0000000E+00   0.0000000E+00   0.0000000E+00   0.0000000E+00   0.0000000E+00   0.0000000E+00   0.0000000E+00   0.0000000E+00   0.0000000E+00   0.0000000E+00   0.0000000E+00   0.0000000E+00   0.0000000E+00   0.0000000E+00   0.0000000E+00   0.0000000E+00   0.0000000E+00   0.0000000E+00   0.0000000E+00   0.0000000E+00   0.0000000E+00   0.0000000E+00   0.0000000E+00   0.0000000E+00   0.0000000E+00   0.0000000E+00   0.0000000E+00   0.0000000E+00   0.0000000E+00   0.0000000E+00   0.0000000E+00   0.0000000E+00   0.0000000E+00   0.0000000E+00   0.0000000E+00   0.0000000E+00   0.0000000E+00   0.0000000E+00   0.0000000E+00   0.0000000E+00   0.0000000E+00   0.0000000E+00   0.0000000E+00   0.0000000E+00   0.0000000E+00   0.0000000E+00   0.0000000E+00   0.0000000E+00   0.0000000E+00   0.0000000E+00   0.0000000E+00   0.0000000E+00   0.0000000E+00   0.0000000E+00   0.0000000E+00   0.0000000E+00
   0.0000000E+00   0.0000000E+00   0.0000000E+00   0.0000000E+00   0.0000000E+00  -8.0343948E-10  -7.0479485E-20   7.0683798E-20   7.0886923E-20  -7.1088800E-20  -7.1407762E-20  -7.1850272E-20  -7.2300206E-20   7.2757760E-20  -7.3223120E-20  -7.3696493E-20   3.7089044E-20   3.7334047E-20   3.7583374E-20  -3.7837135E-20  -3.8095441E-20   3.8358414E-20  -3.8626171E-20  -3.8898840E-20   3.9176547E-20   3.9459430E-20   3.9747615E-20  -4.0041248E-20  -4.0340471E-20   9.3599087E-12   1.6049596E-11   3.9067427E-10   6.4475691E-09   4.7885319E-08  -4.3825530E-06   0.0000000E+00   0.0000000E+00   0.0000000E+00   0.0000000E+00   0.0000000E+00   0.0000000E+00   0.0000000E+00   0.0000000E+00   0.0000000E+00   0.0000000E+00   0.0000000E+00   0.0000000E+00   0.0000000E+00   0.0000000E+00   0.0000000E+00   0.0000000E+00   0.0000000E+00   0.0000000E+00   0.0000000E+00   0.0000000E+00   0.0000000E+00   0.0000000E+00   0.0000000E+00   0.0000000E+00   0.0000000E+00   0.0000000E+00   0.0000000E+00   0.0000000E+00   0.0000000E+00   0.0000000E+00   0.0000000E+00   0.0000000E+00   0.0000000E+00   0.0000000E+00   0.0000000E+00   0.0000000E+00   0.0000000E+00   0.0000000E+00   0.0000000E+00   0.0000000E+00   0.0000000E+00   0.0000000E+00   0.0000000E+00   0.0000000E+00   0.0000000E+00   0.0000000E+00   0.0000000E+00   0.0000000E+00   0.0000000E+00   0.0000000E+00   0.0000000E+00   0.0000000E+00   0.0000000E+00   0.0000000E+00   0.0000000E+00   0.0000000E+00   0.0000000E+00   0.0000000E+00   0.0000000E+00   0.0000000E+00   0.0000000E+00   0.0000000E+00   0.0000000E+00   0.0000000E+00   0.0000000E+00
   0.0000000E+00   0.0000000E+00   0.0000000E+00   0.0000000E+00   0.0000000E+00  -8.4938667E-10  -7.0479485E-20   7.0683798E-20   7.0886923E-20  -7.1088800E-20  -7.1407762E-20  -7.1850272E-20  -7.2300206E-20   7.2757760E-20  -7.3223120E-20  -7.3696493E-20   3.7089044E-20   3.7334047E-20   3.7583374E-20  -3.7837135E-20  -3.8095441E-20   3.8358414E-20  -3.8626171E-20  -3.8898840E-20   3.9176547E-20   3.9459430E-20   3.9747615E-20  -4.0041248E-20   2.5131581E-12   6.3103680E-12   1.6660265E-10   3.3697121E-09   4.6126001E-08   2.8273686E-07   0.0000000E+00   0.0000000E+00   0.0000000E+00   0.0000000E+00   0.0000000E+00   0.0000000E+00   0.0000000E+00   0.0000000E+00   0.0000000E+00   0.0000000E+00   0.0000000E+00   0.0000000E+00   0.0000000E+00   0.0000000E+00   0.0000000E+00   0.0000000E+00   0.0000000E+00   0.0000000E+00   0.0000000E+00   0.0000000E+00   0.0000000E+00   0.0000000E+00   0.0000000E+00   0.0000000E+00   0.0000000E+00   0.0000000E+00   0.0000000E+00   0.0000000E+00   0.0000000E+00   0.0000000E+00   0.0000000E+00   0.0000000E+00   0.0000000E+00   0.0000000E+00   0.0000000E+00   0.0000000E+00   0.0000000E+00   0.0000000E+00   0.0000000E+00   0.0000000E+00   0.0000000E+00   0.0000000E+00   0.0000000E+00   0.0000000E+00   0.0000000E+00   0.0000000E+00   0.0000000E+00   0.0000000E+00   0.0000000E+00   0.0000000E+00   0.0000000E+00   0.0000000E+00   0.0000000E+00   0.0000000E+00   0.0000000E+00   0.0000000E+00   0.0000000E+00   0.0000000E+00   0.0000000E+00   0.0000000E+00   0.0000000E+00   0.0000000E+00   0.0000000E+00   0.0000000E+00   0.0000000E+00   0.0000000E+00
   0.0000000E+00   0.0000000E+00   0.0000000E+00   0.0000000E+00   0.0000000E+00  -8.9543756E-10  -7.0479485E-20   7.0683798E-20   7.0886923E-20  -7.1088800E-20  -7.1407762E-20  -7.1850272E-20  -7.2300206E-20   7.2757760E-20  -7.3223120E-20  -7.3696493E-20   3.7089044E-20   3.7334047E-20   3.7583374E-20  -3.7837135E-20  -3.8095441E-20   3.8358414E-20  -3.8626171E-20  -3.8898840E-20   3.9176547E-20   3.9459430E-20   3.9747615E-20   3.1187623E-13   1.6357717E-12   5.0046148E-11   1.0538884E-09   1.4966504E-08   1.2687947E-07   4.4960765E-07   0.0000000E+00   0.0000000E+00   0.0000000E+00   0.0000000E+00   0.0000000E+00   0.0000000E+00   0.0000000E+00   0.0000000E+00   0.0000000E+00   0.0000000E+00   0.0000000E+00   0.0000000E+00   0.0000000E+00   0.0000000E+00   0.0000000E+00   0.0000000E+00   0.0000000E+00   0.0000000E+00   0.0000000E+00   0.0000000E+00   0.0000000E+00   0.0000000E+00   0.0000000E+00   0.0000000E+00   0.0000000E+00   0.0000000E+00   0.0000000E+00   0.0000000E+00   0.0000000E+00   0.0000000E+00   0.0000000E+00   0.0000000E+00   0.0000000E+00   0.0000000E+00   0.0000000E+00   0.0000000E+00   0.0000000E+00   0.0000000E+00   0.0000000E+00   0.0000000E+00   0.0000000E+00   0.0000000E+00   0.0000000E+00   0.0000000E+00   0.0000000E+00   0.0000000E+00   0.0000000E+00   0.0000000E+00   0.0000000E+00   0.0000000E+00   0.0000000E+00   0.0000000E+00   0.0000000E+00   0.0000000E+00   0.0000000E+00   0.0000000E+00   0.0000000E+00   0.0000000E+00   0.0000000E+00   0.0000000E+00   0.0000000E+00   0.0000000E+00   0.0000000E+00   0.0000000E+00   0.0000000E+00   0.0000000E+00
   0.0000000E+00   0.0000000E+00   0.0000000E+00   0.0000000E+00   0.0000000E+00  -9.4159258E-10  -7.0479485E-20   7.0683798E-20   7.0886923E-20  -7.1088800E-20  -7.1407762E-20  -7.1850272E-20  -7.2300206E-20   7.2757760E-20  -7.3223120E-20  -7.3696493E-20   3.7089044E-20   3.7334047E-20   3.7583374E-20  -3.7837135E-20  -3.8095441E-20   3.8358414E-20  -3.8626171E-20  -3.8898840E-20   3.9176547E-20   3.9459430E-20   3.9747615E-20   2.8899012E-12   8.1784501E-12   2.0112101E-10   3.2482799E-09   3.4574732E-08   2.1768435E-07   5.6282096E-07   0.0000000E+00   0.0000000E+00   0.0000000E+00   0.0000000E+00   0.0000000E+00   0.0000000E+00   0.0000000E+00   0.0000000E+00   0.0000000E+00   0.0000000E+00   0.0000000E+00   0.0000000E+00   0.0000000E+00   0.0000000E+00   0.0000000E+00   0.0000000E+00   0.0000000E+00   0.0000000E+00   0.0000000E+00   0.0000000E+00   0.0000000E+00   0.0000000E+00   0.0000000E+00   0.0000000E+00   0.0000000E+00   0.0000000E+00   0.0000000E+00   0.0000000E+00   0.0000000E+00   0.0000000E+00   0.0000000E+00   0.0000000E+00   0.0000000E+00   0.0000000E+00   0.0000000E+00   0.0000000E+00   0.0000000E+00   0.0000000E+00   0.0000000E+00   0.0000000E+00   0.0000000E+00   0.0000000E+00   0.0000000E+00   0.0000000E+00   0.0000000E+00   0.0000000E+00   0.0000000E+00   0.0000000E+00   0.0000000E+00   0.0000000E+00   0.0000000E+00   0.0000000E+00   0.0000000E+00   0.0000000E+00   0.0000000E+00   0.0000000E+00   0.0000000E+00   0.0000000E+00   0.0000000E+00   0.0000000E+00   0.0000000E+00   0.0000000E+00   0.0000000E+00   0.0000000E+00   0.0000000E+00   0.0000000E+00
   0.0000000E+00   0.0000000E+00   0.0000000E+00   0.0000000E+00   0.0000000E+00  -9.8785247E-10  -7.0479485E-20   7.0683798E-20   7.0886923E-20  -7.1088800E-20  -7.1407762E-20  -7.1850272E-20  -7.2300206E-20   7.2757760E-20  -7.3223120E-20  -7.3696493E-20   3.7089044E-20   3.7334047E-20   3.7583374E-20  -3.7837135E-20  -3.8095441E-20   3.8358414E-20  -3.8626171E-20  -3.8898840E-20   3.9176547E-20   3.9459430E-20   3.9747615E-20   9.4478383E-12   2.2852442E-11   4.8330795E-10   6.5744565E-09   5.8325689E-08   3.0408805E-07   6.3547691E-07   0.0000000E+00   0.0000000E+00   0.0000000E+00   0.0000000E+00   0.0000000E+00   0.0000000E+00   0.0000000E+00   0.0000000E+00   0.0000000E+00   0.0000000E+00   0.0000000E+00   0.0000000E+00   0.0000000E+00   0.0000000E+00   0.0000000E+00   0.0000000E+00   0.0000000E+00   0.0000000E+00   0.0000000E+00   0.0000000E+00   0.0000000E+00   0.0000000E+00   0.0000000E+00   0.0000000E+00   0.0000000E+00   0.0000000E+00   0.0000000E+00   0.0000000E+00   0.0000000E+00   0.0000000E+00   0.0000000E+00   0.0000000E+00   0.0000000E+00   0.0000000E+00   0.0000000E+00   0.0000000E+00   0.0000000E+00   0.0000000E+00   0.0000000E+00   0.0000000E+00   0.0000000E+00   0.0000000E+00   0.0000000E+00   0.0000000E+00   0.0000000E+00   0.0000000E+00   0.0000000E+00   0.0000000E+00   0.0000000E+00   0.0000000E+00   0.0000000E+00   0.0000000E+00   0.0000000E+00   0.0000000E+00   0.0000000E+00   0.0000000E+00   0.0000000E+00   0.0000000E+00   0.0000000E+00   0.0000000E+00   0.0000000E+00   0.0000000E+00   0.0000000E+00   0.0000000E+00   0.0000000E+00   0.0000000E+00
   0.0000000E+00   0.0000000E+00   0.0000000E+00   0.0000000E+00   0.0000000E+00  -1.0342176E-09  -7.0479485E-20   7.0683798E-20   7.0886923E-20  -7.1088800E-20  -7.1407762E-20  -7.1850272E-20  -7.2300206E-20   7.2757760E-20  -7.3223120E-20  -7.3696493E-20   3.7089044E-20   3.7334047E-20   3.7583374E-20  -3.7837135E-20  -3.8095441E-20   3.8358414E-20  -3.8626171E-20  -3.8898840E-20   3.9176547E-20   3.9459430E-20   3.9747615E-20   1.3368997E-12   4.4767884E-11   8.6345514E-10   1.0535095E-08   8.2995221E-08   3.8046790E-07   6.7791768E-07   0.0000000E+00   0.0000000E+00   0.0000000E+00   0.0000000E+00   0.0000000E+00   0.0000000E+00   0.0000000E+00   0.0000000E+00   0.0000000E+00   0.0000000E+00   0.0000000E+00   0.0000000E+00   0.0000000E+00   0.0000000E+00   0.0000000E+00   0.0000000E+00   0.0000000E+00   0.0000000E+00   0.0000000E+00   0.0000000E+00   0.0000000E+00   0.0000000E+00   0.0000000E+00   0.0000000E+00   0.0000000E+00   0.0000000E+00   0.0000000E+00   0.0000000E+00   0.0000000E+00   0.0000000E+00   0.0000000E+00   0.0000000E+00   0.0000000E+00   0.0000000E+00   0.0000000E+00   0.0000000E+00   0.0000000E+00   0.0000000E+00   0.0000000E+00   0.0000000E+00   0.0000000E+00   0.0000000E+00   0.0000000E+00   0.0000000E+00   0.0000000E+00   0.0000000E+00   0.0000000E+00   0.0000000E+00   0.0000000E+00   0.0000000E+00   0.0000000E+00   0.0000000E+00   0.0000000E+00   0.0000000E+00   0.0000000E+00   0.0000000E+00   0.0000000E+00   0.0000000E+00   0.0000000E+00   0.0000000E+00   0.0000000E+00   0.0000000E+00   0.0000000E+00   0.0000000E+00   0.0000000E+00   0.0000000E+00
   0.0000000E+00   0.0000000E+00   0.0000000E+00   0.0000000E+00   0.0000000E+00  -1.0806888E-09  -7.0479485E-20   7.0683798E-20   7.0886923E-20  -7.1088800E-20  -7.1407762E-20  -7.1850272E-20  -7.2300206E-20   7.2757760E-20  -7.3223120E-20  -7.3696493E-20   3.7089044E-20   3.7334047E-20   3.7583374E-20  -3.7837135E-20  -3.8095441E-20   3.8358414E-20  -3.8626171E-20  -3.8898840E-20   3.9176547E-20   3.9459430E-20   4.1881521E-13   2.1878588E-12   7.0968509E-11   1.2918531E-09   1.4679237E-08   1.0668763E-07   4.4560699E-07   6.9821851E-07   0.0000000E+00   0.0000000E+00   0.0000000E+00   0.0000000E+00   0.0000000E+00   0.0000000E+00   0.0000000E+00   0.0000000E+00   0.0000000E+00   0.0000000E+00   0.0000000E+00   0.0000000E+00   0.0000000E+00   0.0000000E+00   0.0000000E+00   0.0000000E+00   0.0000000E+00   0.0000000E+00   0.0000000E+00   0.0000000E+00   0.0000000E+00   0.0000000E+00   0.0000000E+00   0.0000000E+00   0.0000000E+00   0.0000000E+00   0.0000000E+00   0.0000000E+00   0.0000000E+00   0.0000000E+00   0.0000000E+00   0.0000000E+00   0.0000000E+00   0.0000000E+00   0.0000000E+00   0.0000000E+00   0.0000000E+00   0.0000000E+00   0.0000000E+00   0.0000000E+00   0.0000000E+00   0.0000000E+00   0.0000000E+00   0.0000000E+00   0.0000000E+00   0.0000000E+00   0.0000000E+00   0.0000000E+00   0.0000000E+00   0.0000000E+00   0.0000000E+00   0.0000000E+00   0.0000000E+00   0.0000000E+00   0.0000000E+00   0.0000000E+00   0.0000000E+00   0.0000000E+00   0.0000000E+00   0.0000000E+00   0.0000000E+00   0.0000000E+00   0.0000000E+00   0.0000000E+00   0.0000000E+00   0.0000000E+00
   0.0000000E+00   0.0000000E+00   0.0000000E+00   0.0000000E+00   0.0000000E+00  -1.1272665E-09  -7.0479485E-20   7.0683798E-20   7.0886923E-20  -7.1088800E-20  -7.1407762E-20  -7.1850272E-20  -7.2300206E-20   7.2757760E-20  -7.3223120E-20  -7.3696493E-20   3.7089044E-20   3.7334047E-20   3.7583374E-20  -3.7837135E-20  -3.8095441E-20   3.8358414E-20  -3.8626171E-20  -3.8898840E-20   3.9176547E-20   3.9459430E-20   6.0699032E-13   3.1261651E-12   9.8593494E-11   1.7283291E-09   1.8719318E-08   1.2857697E-07   5.0030263E-07   7.0250894E-07   0.0000000E+00   0.0000000E+00   0.0000000E+00   0.0000000E+00   0.0000000E+00   0.0000000E+00   0.0000000E+00   0.0000000E+00   0.0000000E+00   0.0000000E+00   0.0000000E+00   0.0000000E+00   0.0000000E+00   0.0000000E+00   0.0000000E+00   0.0000000E+00   0.0000000E+00   0.0000000E+00   0.0000000E+00   0.0000000E+00   0.0000000E+00   0.0000000E+00   0.0000000E+00   0.0000000E+00   0.0000000E+00   0.0000000E+00   0.0000000E+00   0.0000000E+00   0.0000000E+00   0.0000000E+00   0.0000000E+00   0.0000000E+00   0.0000000E+00   0.0000000E+00   0.0000000E+00   0.0000000E+00   0.0000000E+00   0.0000000E+00   0.0000000E+00   0.0000000E+00   0.0000000E+00   0.0000000E+00   0.0000000E+00   0.0000000E+00   0.0000000E+00   0.0000000E+00   0.0000000E+00   0.0000000E+00   0.0000000E+00   0.0000000E+00   0.0000000E+00   0.0000000E+00   0.0000000E+00   0.0000000E+00   0.0000000E+00   0.0000000E+00   0.0000000E+00   0.0000000E+00   0.0000000E+00   0.0000000E+00   0.0000000E+00   0.0000000E+00   0.0000000E+00   0.0000000E+00   0.0000000E+00   0.0000000E+00
   0.0000000E+00   0.0000000E+00   0.0000000E+00   0.0000000E+00   0.0000000E+00  -1.1739515E-09  -7.0479485E-20   7.0683798E-20   7.0886923E-20  -7.1088800E-20  -7.1407762E-20  -7.1850272E-20  -7.2300206E-20   7.2757760E-20  -7.3223120E-20  -7.3696493E-20   3.7089044E-20   3.7334047E-20   3.7583374E-20  -3.7837135E-20  -3.8095441E-20   3.8358414E-20  -3.8626171E-20  -3.8898840E-20   3.9176547E-20   3.9459430E-20   1.1075592E-12   4.0396731E-12   1.2572859E-10   2.1490407E-09   2.2519396E-08   1.4850424E-07   5.4608762E-07   6.9534428E-07   3.0998120E-07   0.0000000E+00   0.0000000E+00   0.0000000E+00   0.0000000E+00   0.0000000E+00   0.0000000E+00   0.0000000E+00   0.0000000E+00   0.0000000E+00   0.0000000E+00   0.0000000E+00   0.0000000E+00   0.0000000E+00   0.0000000E+00   0.0000000E+00   0.0000000E+00   0.0000000E+00   0.0000000E+00   0.0000000E+00   0.0000000E+00   0.0000000E+00   0.0000000E+00   0.0000000E+00   0.0000000E+00   0.0000000E+00   0.0000000E+00   0.0000000E+00   0.0000000E+00   0.0000000E+00   0.0000000E+00   0.0000000E+00   0.0000000E+00   0.0000000E+00   0.0000000E+00   0.0000000E+00   0.0000000E+00   0.0000000E+00   0.0000000E+00   0.0000000E+00   0.0000000E+00   0.0000000E+00   0.0000000E+00   0.0000000E+00   0.0000000E+00   0.0000000E+00   0.0000000E+00   0.0000000E+00   0.0000000E+00   0.0000000E+00   0.0000000E+00   0.0000000E+00   0.0000000E+00   0.0000000E+00   0.0000000E+00   0.0000000E+00   0.0000000E+00   0.0000000E+00   0.0000000E+00   0.0000000E+00   0.0000000E+00   0.0000000E+00   0.0000000E+00   0.0000000E+00   0.0000000E+00   0.0000000E+00
   0.0000000E+00   0.0000000E+00   0.0000000E+00   0.0000000E+00   0.0000000E+00  -1.2207444E-09  -7.0479485E-20   7.0683798E-20   7.0886923E-20  -7.1088800E-20  -7.1407762E-20  -7.1850272E-20  -7.2300206E-20   7.2757760E-20  -7.3223120E-20  -7.3696493E-20   3.7089044E-20   3.7334047E-20   3.7583374E-20  -3.7837135E-20  -3.8095441E-20   3.8358414E-20  -3.8626171E-20  -3.8898840E-20   3.9176547E-20   3.9459430E-20   1.3613118E-12   4.9256701E-12   1.5142267E-10   2.5439340E-09   2.6046749E-08   1.6665750E-07   5.8460080E-07   6.8003578E-07   3.2134088E-07   0.0000000E+00   0.0000000E+00   0.0000000E+00   0.0000000E+00   0.0000000E+00   0.0000000E+00   0.0000000E+00   0.0000000E+00   0.0000000E+00   0.0000000E+00   0.0000000E+00   0.0000000E+00   0.0000000E+00   0.0000000E+00   0.0000000E+00   0.0000000E+00   0.0000000E+00   0.0000000E+00   0.0000000E+00   0.0000000E+00   0.0000000E+00   0.0000000E+00   0.0000000E+00   0.0000000E+00   0.0000000E+00   0.0000000E+00   0.0000000E+00   0.0000000E+00   0.0000000E+00   0.0000000E+00   0.0000000E+00   0.0000000E+00   0.0000000E+00   0.0000000E+00   0.0000000E+00   0.0000000E+00   0.0000000E+00   0.0000000E+00   0.0000000E+00   0.0000000E+00   0.0000000E+00   0.0000000E+00   0.0000000E+00   0.0000000E+00   0.0000000E+00   0.0000000E+00   0.0000000E+00   0.0000000E+00   0.0000000E+00   0.0000000E+00   0.0000000E+00   0.0000000E+00   0.0000000E+00   0.0000000E+00   0.0000000E+00   0.0000000E+00   0.0000000E+00   0.0000000E+00   0.0000000E+00   0.0000000E+00   0.0000000E+00   0.0000000E+00   0.0000000E+00   0.0000000E+00   0.0000000E+00
   0.0000000E+00   0.0000000E+00   0.0000000E+00   0.0000000E+00   0.0000000E+00  -1.2676459E-09  -7.0479485E-20   7.0683798E-20   7.0886923E-20  -7.1088800E-20  -7.1407762E-20  -7.1850272E-20  -7.2300206E-20   7.2757760E-20  -7.3223120E-20  -7.3696493E-20   3.7089044E-20   3.7334047E-20   3.7583374E-20  -3.7837135E-20  -3.8095441E-20   3.8358414E-20  -3.8626171E-20  -3.8898840E-20   3.9176547E-20   3.9459430E-20   1.5990119E-12   5.7544408E-12   1.7541253E-10   2.9119236E-09   2.9326545E-08   1.8336696E-07   6.1727218E-07   6.5934461E-07   2.7870169E-07   0.0000000E+00   0.0000000E+00   0.0000000E+00   0.0000000E+00   0.0000000E+00   0.0000000E+00   0.0000000E+00   0.0000000E+00   0.0000000E+00   0.0000000E+00   0.0000000E+00   0.0000000E+00   0.0000000E+00   0.0000000E+00   0.0000000E+00   0.0000000E+00   0.0000000E+00   0.0000000E+00   0.0000000E+00   0.0000000E+00   0.0000000E+00   0.0000000E+00   0.0000000E+00   0.0000000E+00   0.0000000E+00   0.0000000E+00   0.0000000E+00   0.0000000E+00   0.0000000E+00   0.0000000E+00   0.0000000E+00   0.0000000E+00   0.0000000E+00   0.0000000E+00   0.0000000E+00   0.0000000E+00   0.0000000E+00   0.0000000E+00   0.0000000E+00   0.0000000E+00   0.0000000E+00   0.0000000E+00   0.0000000E+00   0.0000000E+00   0.0000000E+00   0.0000000E+00   0.0000000E+00   0.0000000E+00   0.0000000E+00   0.0000000E+00   0.0000000E+00   0.0000000E+00   0.0000000E+00   0.0000000E+00   0.0000000E+00   0.0000000E+00   0.0000000E+00   0.0000000E+00   0.0000000E+00   0.0000000E+00   0.0000000E+00   0.0000000E+00   0.0000000E+00   0.0000000E+00   0.0000000E+00
