   0.0000000E+00   0.0000000E+00   0.0000000E+00   0.0000000E+00   0.0000000E+00   0.0000000E+00   0.0000000E+00   0.0000000E+00   0.0000000E+00   0.0000000E+00   0.0000000E+00   0.0000000E+00   0.0000000E+00   0.0000000E+00   0.0000000E+00   0.0000000E+00   0.0000000E+00   0.0000000E+00   0.0000000E+00   0.0000000E+00   0.0000000E+00   0.0000000E+00   0.0000000E+00   0.0000000E+00   0.0000000E+00   0.0000000E+00   0.0000000E+00   0.0000000E+00   0.0000000E+00   0.0000000E+00   0.0000000E+00   0.0000000E+00   0.0000000E+00   0.0000000E+00   0.0000000E+00   0.0000000E+00   0.0000000E+00   0.0000000E+00   0.0000000E+00   0.0000000E+00   0.0000000E+00   0.0000000E+00   0.0000000E+00   0.0000000E+00   0.0000000E+00   0.0000000E+00   0.0000000E+00   0.0000000E+00   0.0000000E+00   0.0000000E+00   0.0000000E+00   0.0000000E+00   0.0000000E+00   0.0000000E+00   0.0000000E+00   0.0000000E+00   0.0000000E+00   0.0000000E+00   0.0000000E+00   0.0000000E+00   0.0000000E+00   0.0000000E+00   0.0000000E+00   0.0000000E+00   0.0000000E+00   0.0000000E+00   0.0000000E+00   0.0000000E+00   0.0000000E+00   0.0000000E+00   0.0000000E+00   0.0000000E+00   0.0000000E+00   0.0000000E+00   0.0000000E+00   0.0000000E+00   0.0000000E+00   0.0000000E+00   0.0000000E+00   0.0000000E+00   0.0000000E+00   0.0000000E+00   0.0000000E+00   0.0000000E+00   0.0000000E+00   0.0000000E+00   0.0000000E+00   0.0000000E+00   0.0000000E+00   0.0000000E+00   0.0000000E+00   0.0000000E+00   0.0000000E+00   0.0000000E+00   0.0000000E+00   0.0000000E+00   0.0000000E+00   0.0000000E+00   0.0000000E+00   0.0000000E+00
   0.0000000E+00   0.0000000E+00   0.0000000E+00   0.0000000E+00   0.0000000E+00   0.0000000E+00   0.0000000E+00   0.0000000E+00   0.0000000E+00   0.0000000E+00   0.0000000E+00   0.0000000E+00   0.0000000E+00   0.0000000E+00   0.0000000E+00   0.0000000E+00   0.0000000E+00   0.0000000E+00   0.0000000E+00   0.0000000E+00   0.0000000E+00   0.0000000E+00   0.0000000E+00   0.0000000E+00   0.0000000E+00   0.0000000E+00   0.0000000E+00   0.0000000E+00   0.0000000E+00   0.0000000E+00   0.0000000E+00   0.0000000E+00   0.0000000E+00   0.0000000E+00   0.0000000E+00   0.0000000E+00   0.0000000E+00   0.0000000E+00   0.0000000E+00   0.0000000E+00   0.0000000E+00   0.0000000E+00   0.0000000E+00   0.0000000E+00   0.0000000E+00   0.0000000E+00   0.0000000E+00   0.0000000E+00   0.0000000E+00   0.0000000E+00   0.0000000E+00   0.0000000E+00   0.0000000E+00   0.0000000E+00   0.0000000E+00   0.0000000E+00   0.0000000E+00   0.0000000E+00   0.0000000E+00   0.0000000E+00   0.0000000E+00   0.0000000E+00   0.0000000E+00   0.0000000E+00   0.0000000E+00   0.0000000E+00   0.0000000E+00   0.0000000E+00   0.0000000E+00   0.0000000E+00   0.0000000E+00   0.0000000E+00   0.0000000E+00   0.0000000E+00   0.0000000E+00   0.0000000E+00   0.0000000E+00   0.0000000E+00   0.0000000E+00   0.0000000E+00   0.0000000E+00   0.0000000E+00   0.0000000E+00   0.0000000E+00   0.0000000E+00   0.0000000E+00   0.0000000E+00   0.0000000E+00   0.0000000E+00   0.0000000E+00   0.0000000E+00   0.0000000E+00   0.0000000E+00   0.0000000E+00   0.0000000E+00   0.0000000E+00   0.0000000E+00   0.0000000E+00   0.0000000E+00   0.0000000E+00
   0.0000000E+00   0.0000000E+00   0.0000000E+00   0.0000000E+00   0.0000000E+00   0.0000000E+00   0.0000000E+00   0.0000000E+00   0.0000000E+00   0.0000000E+00   0.0000000E+00   0.0000000E+00   0.0000000E+00   0.0000000E+00   0.0000000E+00   0.0000000E+00   0.0000000E+00   0.0000000E+00   0.0000000E+00   0.0000000E+00   0.0000000E+00   0.0000000E+00   0.0000000E+00   0.0000000E+00   0.0000000E+00   0.0000000E+00   0.0000000E+00   0.0000000E+00   0.0000000E+00   0.0000000E+00   0.0000000E+00   0.0000000E+00   0.0000000E+00   0.0000000E+00   0.0000000E+00   0.0000000E+00   0.0000000E+00   0.0000000E+00   0.0000000E+00   0.0000000E+00   0.0000000E+00   0.0000000E+00   0.0000000E+00   0.0000000E+00   0.0000000E+00   0.0000000E+00   0.0000000E+00   0.0000000E+00   0.0000000E+00   0.0000000E+00   0.0000000E+00   0.0000000E+00   0.0000000E+00   0.0000000E+00   0.0000000E+00   0.0000000E+00   0.0000000E+00   0.0000000E+00   0.0000000E+00   0.0000000E+00   0.0000000E+00   0.0000000E+00   0.0000000E+00   0.0000000E+00   0.0000000E+00   0.0000000E+00   0.0000000E+00   0.0000000E+00   0.0000000E+00   0.0000000E+00   0.0000000E+00   0.0000000E+00   0.0000000E+00   0.0000000E+00   0.0000000E+00   0.0000000E+00   0.0000000E+00   0.0000000E+00   0.0000000E+00   0.0000000E+00   0.0000000E+00   0.0000000E+00   0.0000000E+00   0.0000000E+00   0.0000000E+00   0.0000000E+00   0.0000000E+00   0.0000000E+00   0.0000000E+00   0.0000000E+00   0.0000000E+00   0.0000000E+00   0.0000000E+00   0.0000000E+00   0.0000000E+00   0.0000000E+00   0.0000000E+00   0.0000000E+00   0.0000000E+00   0.0000000E+00
   0.0000000E+00   0.0000000E+00   0.0000000E+00   0.0000000E+00   0.0000000E+00   0.0000000E+00   0.0000000E+00   0.0000000E+00   0.0000000E+00   0.0000000E+00   0.0000000E+00   0.0000000E+00   0.0000000E+00   0.0000000E+00   0.0000000E+00   0.0000000E+00   0.0000000E+00   0.0000000E+00   0.0000000E+00   0.0000000E+00   0.0000000E+00   0.0000000E+00   0.0000000E+00   0.0000000E+00   0.0000000E+00   0.0000000E+00   0.0000000E+00   0.0000000E+00   0.0000000E+00   0.0000000E+00   0.0000000E+00   0.0000000E+00   0.0000000E+00   0.0000000E+00   0.0000000E+00   0.0000000E+00   0.0000000E+00   0.0000000E+00   0.0000000E+00   0.0000000E+00   0.0000000E+00   0.0000000E+00   0.0000000E+00   0.0000000E+00   0.0000000E+00   0.0000000E+00   0.0000000E+00   0.0000000E+00   0.0000000E+00   0.0000000E+00   0.0000000E+00   0.0000000E+00   0.0000000E+00   0.0000000E+00   0.0000000E+00   0.0000000E+00   0.0000000E+00   0.0000000E+00   0.0000000E+00   0.0000000E+00   0.0000000E+00   0.0000000E+00   0.0000000E+00   0.0000000E+00   0.0000000E+00   0.0000000E+00   0.0000000E+00   0.0000000E+00   0.0000000E+00   0.0000000E+00   0.0000000E+00   0.0000000E+00   0.0000000E+00   0.0000000E+00   0.0000000E+00   0.0000000E+00   0.0000000E+00   0.0000000E+00   0.0000000E+00   0.0000000E+00   0.0000000E+00   0.0000000E+00   0.0000000E+00   0.0000000E+00   0.0000000E+00   0.0000000E+00   0.0000000E+00   0.0000000E+00   0.0000000E+00   3.7038454E-12   8.3312929E-10   1.6726790E-07   2.3853585E-07   9.9476324E-07   3.4956518E-06   6.9520559E-07   9.8777798E-07   1.2832185E-06   1.5271614E-06   1.9294116E-06
   0.0000000E+00   0.0000000E+00   0.0000000E+00   0.0000000E+00   0.0000000E+00   0.0000000E+00   0.0000000E+00   0.0000000E+00   0.0000000E+00   0.0000000E+00   0.0000000E+00   0.0000000E+00   0.0000000E+00   0.0000000E+00   0.0000000E+00   0.0000000E+00   0.0000000E+00   0.0000000E+00   0.0000000E+00   0.0000000E+00   0.0000000E+00   0.0000000E+00   0.0000000E+00   0.0000000E+00   0.0000000E+00   0.0000000E+00   0.0000000E+00   0.0000000E+00   0.0000000E+00   0.0000000E+00   0.0000000E+00   0.0000000E+00   0.0000000E+00   0.0000000E+00   0.0000000E+00   0.0000000E+00   0.0000000E+00   0.0000000E+00   0.0000000E+00   0.0000000E+00   0.0000000E+00   0.0000000E+00   0.0000000E+00   0.0000000E+00   0.0000000E+00   0.0000000E+00   0.0000000E+00   0.0000000E+00   0.0000000E+00   0.0000000E+00   0.0000000E+00   0.0000000E+00   6.0506822E-11   7.4364681E-11   9.1229468E-11   1.1174731E-10   1.3670494E-10   1.6706099E-10   2.0398455E-10   2.4890254E-10   3.0355821E-10   3.7008310E-10   4.5108622E-10   5.4976412E-10   6.7003725E-10   8.1671886E-10   9.9572517E-10   1.2143351E-09   1.4815167E-09   1.8083287E-09   2.2084263E-09   2.6986897E-09   3.3000105E-09   4.0382759E-09   4.9456026E-09   6.0618790E-09   7.4367095E-09   9.1318455E-09   1.1224249E-08   1.3809937E-08   1.7008826E-08   2.0970814E-08   2.5883448E-08   3.1981546E-08   3.9559318E-08   4.8985566E-08   6.0722776E-08   7.5351039E-08   9.3598096E-08   1.1638719E-07   1.4558282E-07   2.2760605E-07   3.7879951E-07   1.0679897E-06   2.9625041E-06   2.2148194E-07   3.0489119E-07   3.7838328E-07   4.2524826E-07   5.0097310E-07
   0.0000000E+00   0.0000000E+00   0.0000000E+00   0.0000000E+00   0.0000000E+00   0.0000000E+00   0.0000000E+00   0.0000000E+00   0.0000000E+00   0.0000000E+00   0.0000000E+00   0.0000000E+00   0.0000000E+00   0.0000000E+00   0.0000000E+00   0.0000000E+00   0.0000000E+00   0.0000000E+00   0.0000000E+00   0.0000000E+00   0.0000000E+00   0.0000000E+00   0.0000000E+00   0.0000000E+00   0.0000000E+00   0.0000000E+00   0.0000000E+00   0.0000000E+00   0.0000000E+00   0.0000000E+00   0.0000000E+00   0.0000000E+00   0.0000000E+00   0.0000000E+00   0.0000000E+00   0.0000000E+00   0.0000000E+00   0.0000000E+00   0.0000000E+00   0.0000000E+00   0.0000000E+00   0.0000000E+00   0.0000000E+00   0.0000000E+00   0.0000000E+00   0.0000000E+00   0.0000000E+00   0.0000000E+00   0.0000000E+00   0.0000000E+00   0.0000000E+00   4.9686491E-11   7.9900579E-11   9.8401905E-11   1.2093603E-10   1.4836669E-10   1.8173819E-10   2.1606660E-10   2.6341079E-10   3.2089326E-10   3.9070350E-10   4.7551679E-10   5.7860589E-10   7.0397915E-10   8.5655272E-10   1.0423635E-09   1.2688360E-09   1.5451121E-09   1.8824657E-09   2.2948183E-09   2.7993869E-09   3.4174932E-09   4.1755808E-09   5.1064930E-09   6.2510765E-09   7.6602058E-09   9.3973247E-09   1.1541663E-08   1.4192277E-08   1.7473164E-08   2.1539718E-08   2.6586852E-08   3.2859298E-08   4.0664546E-08   5.0389211E-08   6.2519611E-08   7.7666876E-08   9.6195976E-08   1.1918512E-07   1.4783981E-07   1.8458883E-07   2.5732658E-07   2.2689903E-07   9.5291858E-07   1.8404866E-06   7.2335617E-08   9.7222738E-08   1.1654244E-07   1.2787929E-07   1.4063926E-07
   0.0000000E+00   0.0000000E+00   0.0000000E+00   0.0000000E+00   0.0000000E+00   0.0000000E+00   0.0000000E+00   0.0000000E+00   0.0000000E+00   0.0000000E+00   0.0000000E+00   0.0000000E+00   0.0000000E+00   0.0000000E+00   0.0000000E+00   0.0000000E+00   0.0000000E+00   0.0000000E+00   0.0000000E+00   0.0000000E+00   0.0000000E+00   0.0000000E+00   0.0000000E+00   0.0000000E+00   0.0000000E+00   0.0000000E+00   0.0000000E+00   0.0000000E+00   0.0000000E+00   0.0000000E+00   0.0000000E+00   0.0000000E+00   0.0000000E+00   0.0000000E+00   0.0000000E+00   0.0000000E+00   0.0000000E+00   0.0000000E+00   0.0000000E+00   0.0000000E+00   0.0000000E+00   0.0000000E+00   0.0000000E+00   0.0000000E+00   0.0000000E+00   0.0000000E+00   0.0000000E+00   0.0000000E+00   0.0000000E+00   0.0000000E+00   0.0000000E+00   6.5072357E-11   8.1907002E-11   1.0016345E-10   1.2223780E-10   1.4892548E-10   1.8119775E-10   2.1677732E-10   2.6276153E-10   3.1834152E-10   3.8558690E-10   4.6704174E-10   5.6584021E-10   6.8585154E-10   8.3186136E-10   1.0098010E-09   1.2270326E-09   1.4927092E-09   1.8182260E-09   2.2177888E-09   2.7091258E-09   3.3143854E-09   4.0612633E-09   4.9844213E-09   6.1272725E-09   7.5442292E-09   9.3035348E-09   1.1490831E-08   1.4213652E-08   1.7607096E-08   2.1840966E-08   2.7128788E-08   3.3739177E-08   4.2010182E-08   5.2367405E-08   6.5346903E-08   8.1624471E-08   1.0191420E-07   1.2734337E-07   1.5928578E-07   2.0015329E-07   2.5552811E-07   3.5488750E-07   7.4452424E-07   1.1667945E-06   2.3961416E-08   3.1522799E-08   3.6693137E-08   4.0118650E-08   4.0961758E-08
   0.0000000E+00   0.0000000E+00   0.0000000E+00   0.0000000E+00   0.0000000E+00   0.0000000E+00   0.0000000E+00   0.0000000E+00   0.0000000E+00   0.0000000E+00   0.0000000E+00   0.0000000E+00   0.0000000E+00   0.0000000E+00   0.0000000E+00   0.0000000E+00   0.0000000E+00   0.0000000E+00   0.0000000E+00   0.0000000E+00   0.0000000E+00   0.0000000E+00   0.0000000E+00   0.0000000E+00   0.0000000E+00   0.0000000E+00   0.0000000E+00   0.0000000E+00   0.0000000E+00   0.0000000E+00   0.0000000E+00   0.0000000E+00   0.0000000E+00   0.0000000E+00   0.0000000E+00   0.0000000E+00   0.0000000E+00   0.0000000E+00   0.0000000E+00   0.0000000E+00   0.0000000E+00   0.0000000E+00   0.0000000E+00   0.0000000E+00   0.0000000E+00   0.0000000E+00   0.0000000E+00   0.0000000E+00   0.0000000E+00   0.0000000E+00   0.0000000E+00   6.6973198E-11   6.8771287E-11   8.1351974E-11   9.5751594E-11   1.1218031E-10   1.3085573E-10   1.4444654E-10   1.6496948E-10   1.8731208E-10   2.0945029E-10   5.0923599E-10   6.1787081E-10   7.4988271E-10   9.1051555E-10   1.1062486E-09   1.3450999E-09   1.6370024E-09   1.9942745E-09   2.4322062E-09   2.9697906E-09   3.6306440E-09   4.4448552E-09   5.4974194E-09   3.5658976E-09   4.7051039E-09   6.1855228E-09   8.0992422E-09   1.0562047E-08   1.3719385E-08   1.7753866E-08   2.2894696E-08   2.9429565E-08   3.7719641E-08   4.8218570E-08   6.1496578E-08   7.8271071E-08   9.9335040E-08   1.2590145E-07   1.5942298E-07   2.0188698E-07   2.3465175E-07   3.2826478E-07   5.7933596E-07   8.5134866E-07   7.9969116E-09   1.0306398E-08   1.1687267E-08   1.2924900E-08   1.2144254E-08
   0.0000000E+00   0.0000000E+00   0.0000000E+00   0.0000000E+00   0.0000000E+00   0.0000000E+00   0.0000000E+00   0.0000000E+00   0.0000000E+00   0.0000000E+00   0.0000000E+00   0.0000000E+00   0.0000000E+00   0.0000000E+00   0.0000000E+00   0.0000000E+00   0.0000000E+00   0.0000000E+00   0.0000000E+00   0.0000000E+00   0.0000000E+00   0.0000000E+00   0.0000000E+00   0.0000000E+00   0.0000000E+00   0.0000000E+00   0.0000000E+00   0.0000000E+00   0.0000000E+00   0.0000000E+00   0.0000000E+00   0.0000000E+00   0.0000000E+00   0.0000000E+00   0.0000000E+00   0.0000000E+00   0.0000000E+00   0.0000000E+00   0.0000000E+00   0.0000000E+00   0.0000000E+00   0.0000000E+00   0.0000000E+00   0.0000000E+00   0.0000000E+00   0.0000000E+00   0.0000000E+00   0.0000000E+00   0.0000000E+00   0.0000000E+00   0.0000000E+00   5.6393244E-11   7.8034336E-11   9.2937193E-11   1.0994851E-10   1.3570597E-10   1.6900542E-10   2.1220184E-10   2.6309113E-10   3.2527181E-10   3.9881140E-10   5.1376081E-10   6.2373945E-10   7.5745732E-10   9.2021407E-10   1.1185421E-09   1.3605065E-09   1.6560786E-09   2.0176067E-09   2.4604054E-09   3.0034946E-09   3.6705514E-09   4.4918278E-09   5.4848259E-09   6.3061023E-09   7.5965447E-09   9.1415640E-09   1.0991368E-08   1.3210574E-08   1.6139076E-08   2.0681169E-08   2.6339611E-08   3.3400571E-08   4.2225771E-08   5.3532681E-08   4.2887951E-08   6.1512615E-08   8.4214477E-08   1.1252642E-07   1.4795667E-07   1.9103338E-07   1.6627899E-07   3.2049758E-07   4.5530339E-07   4.5619450E-07   2.6801155E-09   3.3844165E-09   3.7478256E-09   4.2442156E-09   3.6317966E-09
   0.0000000E+00   0.0000000E+00   0.0000000E+00   0.0000000E+00   0.0000000E+00   0.0000000E+00   0.0000000E+00   0.0000000E+00   0.0000000E+00   0.0000000E+00   0.0000000E+00   0.0000000E+00   0.0000000E+00   0.0000000E+00   0.0000000E+00   0.0000000E+00   0.0000000E+00   0.0000000E+00   0.0000000E+00   0.0000000E+00   0.0000000E+00   0.0000000E+00   0.0000000E+00   0.0000000E+00   0.0000000E+00   0.0000000E+00   0.0000000E+00   0.0000000E+00   0.0000000E+00   0.0000000E+00   0.0000000E+00   0.0000000E+00   0.0000000E+00   0.0000000E+00   0.0000000E+00   0.0000000E+00   0.0000000E+00   0.0000000E+00   0.0000000E+00   0.0000000E+00   0.0000000E+00   0.0000000E+00   0.0000000E+00   0.0000000E+00   0.0000000E+00   0.0000000E+00   0.0000000E+00   0.0000000E+00   0.0000000E+00   0.0000000E+00   0.0000000E+00   6.4031155E-11   8.3629798E-11   1.0185412E-10   1.2396563E-10   1.5177785E-10   1.8586709E-10   2.2805230E-10   2.7873662E-10   3.4037001E-10   4.1597409E-10   5.0583332E-10   6.1429095E-10   7.4620538E-10   9.0680113E-10   1.1025121E-09   1.3412746E-09   1.6328958E-09   1.9895170E-09   2.4261966E-09   2.9616474E-09   3.6191761E-09   4.4275277E-09   5.3986056E-09   6.5923915E-09   8.0519191E-09   9.8440669E-09   1.2047859E-08   1.4764442E-08   1.8163371E-08   2.2543720E-08   2.8042383E-08   3.4960880E-08   4.4118316E-08   2.7286404E-08   5.8551802E-08   7.3718411E-08   9.7597677E-08   1.2711877E-07   1.0656445E-07   1.4543541E-07   2.1690418E-07   3.2224031E-07   3.7215179E-07   1.3789582E-07   9.0052132E-10   1.1141341E-09   1.2074227E-09   1.4153133E-09   1.0907091E-09
   0.0000000E+00   0.0000000E+00   0.0000000E+00   0.0000000E+00   0.0000000E+00   0.0000000E+00   0.0000000E+00   0.0000000E+00   0.0000000E+00   0.0000000E+00   0.0000000E+00   0.0000000E+00   0.0000000E+00   0.0000000E+00   0.0000000E+00   0.0000000E+00   0.0000000E+00   0.0000000E+00   0.0000000E+00   0.0000000E+00   0.0000000E+00   0.0000000E+00   0.0000000E+00   0.0000000E+00   0.0000000E+00   0.0000000E+00   0.0000000E+00   0.0000000E+00   0.0000000E+00   0.0000000E+00   0.0000000E+00   0.0000000E+00   0.0000000E+00   0.0000000E+00   0.0000000E+00   0.0000000E+00   0.0000000E+00   0.0000000E+00   0.0000000E+00   0.0000000E+00   0.0000000E+00   0.0000000E+00   0.0000000E+00   0.0000000E+00   0.0000000E+00   0.0000000E+00   0.0000000E+00   0.0000000E+00   0.0000000E+00   0.0000000E+00   0.0000000E+00   6.8222442E-11   8.5028463E-11   1.0421470E-10   1.2768786E-10   1.5580766E-10   1.8970214E-10   2.3076857E-10   2.8049568E-10   3.4081277E-10   4.1484161E-10   4.9722232E-10   6.0391947E-10   7.3369327E-10   8.9167546E-10   1.0841837E-09   1.3190096E-09   1.6057794E-09   1.9564088E-09   2.3856752E-09   2.9119416E-09   3.5580601E-09   4.3518833E-09   5.3188307E-09   6.5934089E-09   8.0939460E-09   9.9494741E-09   1.2247069E-08   1.5096321E-08   1.8617291E-08   2.2942173E-08   2.8364720E-08   3.5185607E-08   4.3616129E-08   5.0542425E-08   4.0113807E-08   4.8117432E-08   5.9071120E-08   7.7555242E-08   1.3808851E-07   1.7811691E-07   1.9216705E-07   1.6861196E-07   3.6797229E-07   4.0755346E-08   3.0309921E-10   3.6736331E-10   3.9046527E-10   4.7835241E-10   3.2824515E-10
   0.0000000E+00   0.0000000E+00   0.0000000E+00   0.0000000E+00   0.0000000E+00   0.0000000E+00   0.0000000E+00   0.0000000E+00   0.0000000E+00   0.0000000E+00   0.0000000E+00   0.0000000E+00   0.0000000E+00   0.0000000E+00   0.0000000E+00   0.0000000E+00   0.0000000E+00   0.0000000E+00   0.0000000E+00   0.0000000E+00   0.0000000E+00   0.0000000E+00   0.0000000E+00   0.0000000E+00   0.0000000E+00   0.0000000E+00   0.0000000E+00   0.0000000E+00   0.0000000E+00   0.0000000E+00   0.0000000E+00   0.0000000E+00   0.0000000E+00   0.0000000E+00   0.0000000E+00   0.0000000E+00   0.0000000E+00   0.0000000E+00   0.0000000E+00   0.0000000E+00   0.0000000E+00   0.0000000E+00   0.0000000E+00   0.0000000E+00   0.0000000E+00   0.0000000E+00   0.0000000E+00   0.0000000E+00   0.0000000E+00   0.0000000E+00   0.0000000E+00   6.9186615E-11   8.4737869E-11   1.0388347E-10   1.2724263E-10   1.5500942E-10   1.8839309E-10   2.2862764E-10   2.7745670E-10   3.3663877E-10   4.0874601E-10   4.9170007E-10   5.9717875E-10   7.2543255E-10   8.8151797E-10   1.0716603E-09   1.3035363E-09   1.5866295E-09   1.9326778E-09   2.3562339E-09   2.8753762E-09   3.5125893E-09   4.2955950E-09   5.2594347E-09   6.5034995E-09   7.9937195E-09   9.8401118E-09   1.2131293E-08   1.4977820E-08   1.8493632E-08   2.2793689E-08   2.8178722E-08   3.4941682E-08   4.3686764E-08   2.6258908E-08   5.8990977E-08   7.4149114E-08   9.3269001E-08   1.1496948E-07   1.1369803E-07   1.3719078E-07   2.3144462E-07   2.8531969E-07   3.8045090E-07   1.1916222E-08   1.0215112E-10   1.2128416E-10   1.2671754E-10   1.6367956E-10   9.8886226E-11
   0.0000000E+00   0.0000000E+00   0.0000000E+00   0.0000000E+00   0.0000000E+00   0.0000000E+00   0.0000000E+00   0.0000000E+00   0.0000000E+00   0.0000000E+00   0.0000000E+00   0.0000000E+00   0.0000000E+00   0.0000000E+00   0.0000000E+00   0.0000000E+00   0.0000000E+00   0.0000000E+00   0.0000000E+00   0.0000000E+00   0.0000000E+00   0.0000000E+00   0.0000000E+00   0.0000000E+00   0.0000000E+00   0.0000000E+00   0.0000000E+00   0.0000000E+00   0.0000000E+00   0.0000000E+00   0.0000000E+00   0.0000000E+00   0.0000000E+00   0.0000000E+00   0.0000000E+00   0.0000000E+00   0.0000000E+00   0.0000000E+00   0.0000000E+00   0.0000000E+00   0.0000000E+00   0.0000000E+00   0.0000000E+00   0.0000000E+00   0.0000000E+00   0.0000000E+00   0.0000000E+00   0.0000000E+00   0.0000000E+00   0.0000000E+00   0.0000000E+00   6.8888707E-11   8.4018507E-11   1.0283677E-10   1.2568599E-10   1.5300894E-10   1.8594372E-10   2.2569212E-10   2.7391908E-10   3.3236211E-10   4.0324083E-10   4.8809862E-10   5.9262967E-10   7.1967410E-10   8.7422308E-10   1.0624217E-09   1.2918487E-09   1.5718664E-09   1.9140662E-09   2.3328166E-09   2.8459686E-09   3.4757330E-09   4.2498161E-09   5.2051599E-09   6.4015184E-09   7.8661886E-09   9.6813970E-09   1.1935160E-08   1.4737426E-08   1.8210670E-08   2.2493015E-08   2.7852270E-08   3.4573425E-08   4.2740623E-08   4.9970669E-08   4.0370349E-08   5.1491284E-08   6.4467315E-08   8.1929628E-08   1.4080162E-07   1.7310525E-07   1.7620424E-07   2.3737144E-07   2.4681401E-07   3.4672649E-09   3.4464747E-11   4.0087864E-11   4.1269189E-11   5.6659229E-11   2.9805880E-11
   0.0000000E+00   0.0000000E+00   0.0000000E+00   0.0000000E+00   0.0000000E+00   0.0000000E+00   0.0000000E+00   0.0000000E+00   0.0000000E+00   0.0000000E+00   0.0000000E+00   0.0000000E+00   0.0000000E+00   0.0000000E+00   0.0000000E+00   0.0000000E+00   0.0000000E+00   0.0000000E+00   0.0000000E+00   0.0000000E+00   0.0000000E+00   0.0000000E+00   0.0000000E+00   0.0000000E+00   0.0000000E+00   0.0000000E+00   0.0000000E+00   0.0000000E+00   0.0000000E+00   0.0000000E+00   0.0000000E+00   0.0000000E+00   0.0000000E+00   0.0000000E+00   0.0000000E+00   0.0000000E+00   0.0000000E+00   0.0000000E+00   0.0000000E+00   0.0000000E+00   0.0000000E+00   0.0000000E+00   0.0000000E+00   0.0000000E+00   0.0000000E+00   0.0000000E+00   0.0000000E+00   0.0000000E+00   0.0000000E+00   0.0000000E+00   0.0000000E+00   6.8278147E-11   8.3326554E-11   1.0183179E-10   1.2422537E-10   1.5119650E-10   1.8379129E-10   2.2320565E-10   2.7096608E-10   3.2882089E-10   3.9889350E-10   4.8416504E-10   5.8753902E-10   7.1310929E-10   8.6579061E-10   1.0516357E-09   1.2781111E-09   1.5544447E-09   1.8920707E-09   2.3051669E-09   2.8113591E-09   3.4326026E-09   4.1963886E-09   5.1382218E-09   6.3003256E-09   7.7380928E-09   9.5198418E-09   1.1732430E-08   1.4485121E-08   1.7909807E-08   2.2167624E-08   2.7498029E-08   3.4183412E-08   4.2716334E-08   2.8189643E-08   5.8141726E-08   7.1813119E-08   8.9147186E-08   1.0992936E-07   1.0843193E-07   1.4088045E-07   2.1647180E-07   2.8277802E-07   3.0305895E-07   1.0072646E-09   1.1639456E-11   1.3265476E-11   1.3489672E-11   1.9830627E-11   8.9865199E-12
   0.0000000E+00   0.0000000E+00   0.0000000E+00   0.0000000E+00   0.0000000E+00   0.0000000E+00   0.0000000E+00   0.0000000E+00   0.0000000E+00   0.0000000E+00   0.0000000E+00   0.0000000E+00   0.0000000E+00   0.0000000E+00   0.0000000E+00   0.0000000E+00   0.0000000E+00   0.0000000E+00   0.0000000E+00   0.0000000E+00   0.0000000E+00   0.0000000E+00   0.0000000E+00   0.0000000E+00   0.0000000E+00   0.0000000E+00   0.0000000E+00   0.0000000E+00   0.0000000E+00   0.0000000E+00   0.0000000E+00   0.0000000E+00   0.0000000E+00   0.0000000E+00   0.0000000E+00   0.0000000E+00   0.0000000E+00   0.0000000E+00   0.0000000E+00   0.0000000E+00   0.0000000E+00   0.0000000E+00   0.0000000E+00   0.0000000E+00   0.0000000E+00   0.0000000E+00   0.0000000E+00   0.0000000E+00   0.0000000E+00   0.0000000E+00   0.0000000E+00   6.7673332E-11   8.2687419E-11   1.0094212E-10   1.2299865E-10   1.4965447E-10   1.8188841E-10   2.2087698E-10   2.6805180E-10   3.2514910E-10   3.9427508E-10   4.7843091E-10   5.8012228E-10   7.0356593E-10   8.5357366E-10   1.0360743E-09   1.2583863E-09   1.5295637E-09   1.8608411E-09   2.2661595E-09   2.7628766E-09   3.3726466E-09   4.1225836E-09   5.0467484E-09   6.1845360E-09   7.5953039E-09   9.3444239E-09   1.1517884E-08   1.4224637E-08   1.7602090E-08   2.1824409E-08   2.7119430E-08   3.3768657E-08   4.1890807E-08   4.8499352E-08   4.0066102E-08   5.1308170E-08   6.5925242E-08   8.4558586E-08   1.3431647E-07   1.7555004E-07   1.8065467E-07   2.2329631E-07   2.9201146E-07   2.9269970E-10   3.9345224E-12   4.3949861E-12   4.4261894E-12   7.0144246E-12   2.7099083E-12
   0.0000000E+00   0.0000000E+00   0.0000000E+00   0.0000000E+00   0.0000000E+00   0.0000000E+00   0.0000000E+00   0.0000000E+00   0.0000000E+00   0.0000000E+00   0.0000000E+00   0.0000000E+00   0.0000000E+00   0.0000000E+00   0.0000000E+00   0.0000000E+00   0.0000000E+00   0.0000000E+00   0.0000000E+00   0.0000000E+00   0.0000000E+00   0.0000000E+00   0.0000000E+00   0.0000000E+00   0.0000000E+00   0.0000000E+00   0.0000000E+00   0.0000000E+00   0.0000000E+00   0.0000000E+00   0.0000000E+00   0.0000000E+00   0.0000000E+00   0.0000000E+00   0.0000000E+00   0.0000000E+00   0.0000000E+00   0.0000000E+00   0.0000000E+00   0.0000000E+00   0.0000000E+00   0.0000000E+00   0.0000000E+00   0.0000000E+00   0.0000000E+00   0.0000000E+00   0.0000000E+00   0.0000000E+00   0.0000000E+00   0.0000000E+00   0.0000000E+00   6.7070467E-11   8.1969972E-11   9.9974140E-11   1.2170734E-10   1.4796941E-10   1.7969450E-10   2.1802339E-10   2.6433020E-10   3.2030681E-10   3.8801681E-10   4.7013121E-10   5.6943905E-10   6.8988759E-10   8.3615082E-10   1.0139937E-09   1.2305391E-09   1.4946171E-09   1.8172065E-09   2.2119491E-09   2.6958709E-09   3.2902601E-09   4.0217980E-09   4.9238267E-09   6.0370731E-09   7.4176323E-09   9.1317416E-09   1.1265168E-08   1.3927195E-08   1.7257959E-08   2.1437899E-08   2.6694558E-08   3.3310052E-08   4.1786702E-08   2.8440985E-08   5.6955624E-08   6.9962645E-08   8.5802313E-08   1.0621014E-07   1.0955993E-07   1.3458435E-07   2.2071433E-07   2.7125216E-07   2.2748497E-07   8.5174118E-11   1.3311978E-12   1.4579763E-12   1.4580762E-12   2.5064547E-12   8.1727404E-13
   0.0000000E+00   0.0000000E+00   0.0000000E+00   0.0000000E+00   0.0000000E+00   0.0000000E+00   0.0000000E+00   0.0000000E+00   0.0000000E+00   0.0000000E+00   0.0000000E+00   0.0000000E+00   0.0000000E+00   0.0000000E+00   0.0000000E+00   0.0000000E+00   0.0000000E+00   0.0000000E+00   0.0000000E+00   0.0000000E+00   0.0000000E+00   0.0000000E+00   0.0000000E+00   0.0000000E+00   0.0000000E+00   0.0000000E+00   0.0000000E+00   0.0000000E+00   0.0000000E+00   0.0000000E+00   0.0000000E+00   0.0000000E+00   0.0000000E+00   0.0000000E+00   0.0000000E+00   0.0000000E+00   0.0000000E+00   0.0000000E+00   0.0000000E+00   0.0000000E+00   0.0000000E+00   0.0000000E+00   0.0000000E+00   0.0000000E+00   0.0000000E+00   0.0000000E+00   0.0000000E+00   0.0000000E+00   0.0000000E+00   0.0000000E+00   0.0000000E+00   6.6357524E-11   8.1032098E-11   9.8714190E-11   1.2002892E-10   1.4573552E-10   1.7672949E-10   2.1410378E-10   2.5918048E-10   3.1358235E-10   3.7929174E-10   4.5873294E-10   5.5484445E-10   6.7130146E-10   8.1260632E-10   9.8432040E-10   1.1933261E-09   1.4481839E-09   1.7595666E-09   2.1407616E-09   2.6084104E-09   3.1833909E-09   3.8919623E-09   4.7671471E-09   5.8506151E-09   7.1960069E-09   8.8706793E-09   1.0960881E-08   1.3577037E-08   1.6861515E-08   2.0998847E-08   2.6219206E-08   3.2800692E-08   4.0889393E-08   4.7038647E-08   3.9315708E-08   5.0635713E-08   6.5507137E-08   8.3183899E-08   1.3453426E-07   1.6705150E-07   1.7339887E-07   2.1954975E-07   2.9014780E-07   2.4836834E-11   4.5079744E-13   4.8432731E-13   4.8229839E-13   9.0443148E-13   2.4650179E-13
   0.0000000E+00   0.0000000E+00   0.0000000E+00   0.0000000E+00   0.0000000E+00   0.0000000E+00   0.0000000E+00   0.0000000E+00   0.0000000E+00   0.0000000E+00   0.0000000E+00   0.0000000E+00   0.0000000E+00   0.0000000E+00   0.0000000E+00   0.0000000E+00   0.0000000E+00   0.0000000E+00   0.0000000E+00   0.0000000E+00   0.0000000E+00   0.0000000E+00   0.0000000E+00   0.0000000E+00   0.0000000E+00   0.0000000E+00   0.0000000E+00   0.0000000E+00   0.0000000E+00   0.0000000E+00   0.0000000E+00   0.0000000E+00   0.0000000E+00   0.0000000E+00   0.0000000E+00   0.0000000E+00   0.0000000E+00   0.0000000E+00   0.0000000E+00   0.0000000E+00   0.0000000E+00   0.0000000E+00   0.0000000E+00   0.0000000E+00   0.0000000E+00   0.0000000E+00   0.0000000E+00   0.0000000E+00   0.0000000E+00   0.0000000E+00   0.0000000E+00   6.5418504E-11   7.9755806E-11   9.6996099E-11   1.1773309E-10   1.4267661E-10   1.7267816E-10   2.0877340E-10   2.5222149E-10   3.0456068E-10   3.6767114E-10   4.4383433E-10   5.3591614E-10   6.4739053E-10   7.8256684E-10   9.4677910E-10   1.1466414E-09   1.3904318E-09   1.6884939E-09   2.0537456E-09   2.5024418E-09   3.0550731E-09   3.7375596E-09   4.5827497E-09   5.6324825E-09   6.9398820E-09   8.5731502E-09   1.0619602E-08   1.3191402E-08   1.6433409E-08   2.0533305E-08   2.5720068E-08   3.2263248E-08   4.0644071E-08   2.8203683E-08   5.5284683E-08   6.7562738E-08   8.2334999E-08   1.0385251E-07   1.0250672E-07   1.3254325E-07   2.1045440E-07   2.6492575E-07   2.9477641E-07   7.2606387E-12   1.5279535E-13   1.6112427E-13   1.6021158E-13   3.2944640E-13   7.4354436E-14
   0.0000000E+00   0.0000000E+00   0.0000000E+00   0.0000000E+00   0.0000000E+00   0.0000000E+00   0.0000000E+00   0.0000000E+00   0.0000000E+00   0.0000000E+00   0.0000000E+00   0.0000000E+00   0.0000000E+00   0.0000000E+00   0.0000000E+00   0.0000000E+00   0.0000000E+00   0.0000000E+00   0.0000000E+00   0.0000000E+00   0.0000000E+00   0.0000000E+00   0.0000000E+00   0.0000000E+00   0.0000000E+00   0.0000000E+00   0.0000000E+00   0.0000000E+00   0.0000000E+00   0.0000000E+00   0.0000000E+00   0.0000000E+00   0.0000000E+00   0.0000000E+00   0.0000000E+00   0.0000000E+00   0.0000000E+00   0.0000000E+00   0.0000000E+00   0.0000000E+00   0.0000000E+00   0.0000000E+00   0.0000000E+00   0.0000000E+00   0.0000000E+00   0.0000000E+00   0.0000000E+00   0.0000000E+00   0.0000000E+00   0.0000000E+00   0.0000000E+00   6.4157783E-11   7.8041476E-11   9.4694384E-11   1.1466834E-10   1.3862483E-10   1.6736504E-10   2.0186249E-10   2.4330574E-10   2.9314517E-10   3.5315839E-10   4.2552292E-10   5.1295079E-10   6.1876221E-10   7.4708195E-10   9.0302754E-10   1.0929608E-09   1.3249345E-09   1.6089968E-09   1.9577717E-09   2.3872344E-09   2.9176461E-09   3.5748124E-09   4.3916013E-09   5.4099285E-09   6.6833779E-09   8.2809164E-09   1.0290888E-08   1.2826668E-08   1.6034328E-08   2.0101504E-08   2.5247612E-08   3.1727165E-08   3.9671527E-08   4.5264859E-08   3.7530590E-08   4.8564175E-08   6.3349887E-08   7.8253983E-08   1.2535116E-07   1.6394188E-07   1.6956484E-07   2.1978272E-07   2.7307649E-07   2.1284550E-12   5.1836211E-14   5.3685124E-14   5.3452048E-14   1.2109888E-13   2.2429837E-14
   0.0000000E+00   0.0000000E+00   0.0000000E+00   0.0000000E+00   0.0000000E+00   0.0000000E+00   0.0000000E+00   0.0000000E+00   0.0000000E+00   0.0000000E+00   0.0000000E+00   0.0000000E+00   0.0000000E+00   0.0000000E+00   0.0000000E+00   0.0000000E+00   0.0000000E+00   0.0000000E+00   0.0000000E+00   0.0000000E+00   0.0000000E+00   0.0000000E+00   0.0000000E+00   0.0000000E+00   0.0000000E+00   0.0000000E+00   0.0000000E+00   0.0000000E+00   0.0000000E+00   0.0000000E+00   0.0000000E+00   0.0000000E+00   0.0000000E+00   0.0000000E+00   0.0000000E+00   0.0000000E+00   0.0000000E+00   0.0000000E+00   0.0000000E+00   0.0000000E+00   0.0000000E+00   0.0000000E+00   0.0000000E+00   0.0000000E+00   0.0000000E+00   0.0000000E+00   0.0000000E+00   0.0000000E+00   0.0000000E+00   0.0000000E+00   0.0000000E+00   6.2502482E-11   7.5813876E-11   9.1732871E-11   1.1077092E-10   1.3354641E-10   1.6081225E-10   1.9348614E-10   2.3269517E-10   2.7981581E-10   3.3654493E-10   4.0497791E-10   4.8770421E-10   5.8793481E-10   7.0966155E-10   8.5784546E-10   1.0386798E-09   1.2601836E-09   1.5322024E-09   1.8673065E-09   2.2814726E-09   2.7950884E-09   3.4342462E-09   4.2321009E-09   5.2307754E-09   6.4842887E-09   8.0615932E-09   1.0050365E-08   1.2562277E-08   1.5740437E-08   1.9766299E-08   2.4840890E-08   3.1208604E-08   3.9329791E-08   2.6583743E-08   5.3186739E-08   6.4688699E-08   7.8490828E-08   9.7994871E-08   1.0255452E-07   1.2681350E-07   2.0555653E-07   2.6053198E-07   2.2067091E-07   6.2581526E-13   1.7601805E-14   1.7916543E-14   1.7913076E-14   4.4905685E-14   6.7666993E-15
   0.0000000E+00   0.0000000E+00   0.0000000E+00   0.0000000E+00   0.0000000E+00   0.0000000E+00   0.0000000E+00   0.0000000E+00   0.0000000E+00   0.0000000E+00   0.0000000E+00   0.0000000E+00   0.0000000E+00   0.0000000E+00   0.0000000E+00   0.0000000E+00   0.0000000E+00   0.0000000E+00   0.0000000E+00   0.0000000E+00   0.0000000E+00   0.0000000E+00   0.0000000E+00   0.0000000E+00   0.0000000E+00   0.0000000E+00   0.0000000E+00   0.0000000E+00   0.0000000E+00   0.0000000E+00   0.0000000E+00   0.0000000E+00   0.0000000E+00   0.0000000E+00   0.0000000E+00   0.0000000E+00   0.0000000E+00   0.0000000E+00   0.0000000E+00   0.0000000E+00   0.0000000E+00   0.0000000E+00   0.0000000E+00   0.0000000E+00   0.0000000E+00   0.0000000E+00   0.0000000E+00   0.0000000E+00   0.0000000E+00   0.0000000E+00   0.0000000E+00   6.0421272E-11   7.3062091E-11   8.8142327E-11   1.0614365E-10   1.2765462E-10   1.5339538E-10   1.8424831E-10   2.2130726E-10   2.6590172E-10   3.1968733E-10   3.8471878E-10   4.6352042E-10   5.5925076E-10   6.7585088E-10   8.1821849E-10   9.9254160E-10   1.2071946E-09   1.4718441E-09   1.7994553E-09   2.2064168E-09   2.7136604E-09   3.3478182E-09   4.1420685E-09   5.1380558E-09   6.3888810E-09   7.9609217E-09   9.9379003E-09   1.2426086E-08   1.5562030E-08   1.9516495E-08   2.4470493E-08   3.0670858E-08   3.8213116E-08   4.3382720E-08   3.5282987E-08   4.6244814E-08   6.0733711E-08   7.7394482E-08   1.2458187E-07   1.5595880E-07   1.6508564E-07   2.1201400E-07   2.3971614E-07   1.8457616E-13   5.9825996E-15   5.9895834E-15   6.0304278E-15   1.6793228E-14   2.0415449E-15
   0.0000000E+00   0.0000000E+00   0.0000000E+00   0.0000000E+00   0.0000000E+00   0.0000000E+00   0.0000000E+00   0.0000000E+00   0.0000000E+00   0.0000000E+00   0.0000000E+00   0.0000000E+00   0.0000000E+00   0.0000000E+00   0.0000000E+00   0.0000000E+00   0.0000000E+00   0.0000000E+00   0.0000000E+00   0.0000000E+00   0.0000000E+00   0.0000000E+00   0.0000000E+00   0.0000000E+00   0.0000000E+00   0.0000000E+00   0.0000000E+00   0.0000000E+00   0.0000000E+00   0.0000000E+00   0.0000000E+00   0.0000000E+00   0.0000000E+00   0.0000000E+00   0.0000000E+00   0.0000000E+00   0.0000000E+00   0.0000000E+00   0.0000000E+00   0.0000000E+00   0.0000000E+00   0.0000000E+00   0.0000000E+00   0.0000000E+00   0.0000000E+00   0.0000000E+00   0.0000000E+00   0.0000000E+00   0.0000000E+00   0.0000000E+00   0.0000000E+00   5.7969490E-11   6.9907080E-11   8.4145517E-11   1.0115378E-10   1.2151001E-10   1.4592355E-10   1.7526119E-10   2.1061024E-10   2.5326233E-10   3.0485928E-10   3.6743400E-10   4.4345613E-10   5.3606258E-10   6.4917738E-10   7.8770573E-10   9.5808972E-10   1.1696156E-09   1.4314513E-09   1.7574991E-09   3.1988614E-09   2.6716680E-09   3.3065457E-09   4.1002242E-09   5.0920295E-09   6.3326420E-09   7.8849398E-09   9.8299440E-09   1.2271936E-08   1.5345286E-08   1.9207034E-08   2.4023249E-08   3.0051169E-08   3.7701941E-08   2.4718588E-08   5.0584458E-08   6.1213782E-08   7.4162955E-08   9.5427644E-08   9.5097853E-08   1.2409622E-07   1.9849061E-07   2.4942358E-07   8.7361322E-08   5.4612531E-14   2.0353554E-15   2.0059256E-15   2.0395249E-15   6.3315543E-15   6.1598788E-16
   0.0000000E+00   0.0000000E+00   0.0000000E+00   0.0000000E+00   0.0000000E+00   0.0000000E+00   0.0000000E+00   0.0000000E+00   0.0000000E+00   0.0000000E+00   0.0000000E+00   0.0000000E+00   0.0000000E+00   0.0000000E+00   0.0000000E+00   0.0000000E+00   0.0000000E+00   0.0000000E+00   0.0000000E+00   0.0000000E+00   0.0000000E+00   0.0000000E+00   0.0000000E+00   0.0000000E+00   0.0000000E+00   0.0000000E+00   0.0000000E+00   0.0000000E+00   0.0000000E+00   0.0000000E+00   0.0000000E+00   0.0000000E+00   0.0000000E+00   0.0000000E+00   0.0000000E+00   0.0000000E+00   0.0000000E+00   0.0000000E+00   0.0000000E+00   0.0000000E+00   0.0000000E+00   0.0000000E+00   0.0000000E+00   0.0000000E+00   0.0000000E+00   0.0000000E+00   0.0000000E+00   0.0000000E+00   0.0000000E+00   0.0000000E+00   0.0000000E+00   5.5334702E-11   6.6643815E-11   8.0175984E-11   9.6408298E-11   1.1724445E-10   6.1582635E-11   7.5601282E-11   9.2841575E-11   1.1370333E-10   1.3886313E-10   1.6897905E-10   2.0460143E-10   2.4653884E-10   2.9555014E-10   3.5248479E-10   4.9225518E-10   5.4203320E-10   1.3433173E-09   1.6343077E-09   2.3706594E-09   2.6036120E-09   3.2123932E-09   3.9716523E-09   4.9200528E-09   6.1098921E-09   7.6060376E-09   9.4938164E-09   1.1882126E-08   1.4904357E-08   1.8698310E-08   2.3422261E-08   2.9327749E-08   3.6430460E-08   4.1127709E-08   3.4224289E-08   4.5293397E-08   5.9696582E-08   7.2745969E-08   1.1529360E-07   1.5205421E-07   1.6168725E-07   2.1423703E-07   2.5343398E-08   1.6211553E-14   6.9313479E-16   6.7304031E-16   6.9300858E-16   2.4060623E-15   1.8587312E-16
   0.0000000E+00   0.0000000E+00   0.0000000E+00   0.0000000E+00   0.0000000E+00   0.0000000E+00   0.0000000E+00   0.0000000E+00   0.0000000E+00   0.0000000E+00   0.0000000E+00   0.0000000E+00   0.0000000E+00   0.0000000E+00   0.0000000E+00   0.0000000E+00   0.0000000E+00   0.0000000E+00   0.0000000E+00   0.0000000E+00   0.0000000E+00   0.0000000E+00   0.0000000E+00   0.0000000E+00   0.0000000E+00   0.0000000E+00   0.0000000E+00   0.0000000E+00   0.0000000E+00   0.0000000E+00   0.0000000E+00   0.0000000E+00   0.0000000E+00   0.0000000E+00   0.0000000E+00   0.0000000E+00   0.0000000E+00   0.0000000E+00   0.0000000E+00   0.0000000E+00   0.0000000E+00   0.0000000E+00   0.0000000E+00   0.0000000E+00   0.0000000E+00   0.0000000E+00   0.0000000E+00   0.0000000E+00   0.0000000E+00   0.0000000E+00   0.0000000E+00   2.7643412E-11   3.3472995E-11   4.0680497E-11   4.9561900E-11   5.1782908E-11   1.4000882E-10   1.6729981E-10   1.9927740E-10   2.3624394E-10   2.7902949E-10   3.2094538E-10   3.4632877E-10   3.4394970E-10   3.8414363E-10   4.5822623E-10   6.8518197E-10   7.5343515E-10   8.0995877E-10   1.1941085E-09   1.6998587E-09   1.9099684E-09   2.4016795E-09   3.0624860E-09   3.9919947E-09   5.3795874E-09   7.2746116E-09   9.1049701E-09   1.1426168E-08   1.4372724E-08   1.8101352E-08   2.2756570E-08   2.8576189E-08   3.5826979E-08   2.4948701E-08   4.7308514E-08   5.7123707E-08   7.2247971E-08   8.9452094E-08   9.7306128E-08   1.2126142E-07   1.9334149E-07   2.4656859E-07   7.5518889E-09   4.8282890E-15   2.3628296E-16   2.2625918E-16   2.3659086E-16   9.2131075E-16   5.6090879E-17
   0.0000000E+00   0.0000000E+00   0.0000000E+00   0.0000000E+00   0.0000000E+00   0.0000000E+00   0.0000000E+00   0.0000000E+00   0.0000000E+00   0.0000000E+00   0.0000000E+00   0.0000000E+00   0.0000000E+00   0.0000000E+00   0.0000000E+00   0.0000000E+00   0.0000000E+00   0.0000000E+00   0.0000000E+00   0.0000000E+00   0.0000000E+00   0.0000000E+00   0.0000000E+00   0.0000000E+00   0.0000000E+00   0.0000000E+00   0.0000000E+00   0.0000000E+00   0.0000000E+00   0.0000000E+00   0.0000000E+00   0.0000000E+00   0.0000000E+00   0.0000000E+00   0.0000000E+00   0.0000000E+00   0.0000000E+00   0.0000000E+00   0.0000000E+00   0.0000000E+00   0.0000000E+00   0.0000000E+00   0.0000000E+00   0.0000000E+00   0.0000000E+00   0.0000000E+00   0.0000000E+00   0.0000000E+00   0.0000000E+00   0.0000000E+00   0.0000000E+00   5.0362440E-11   6.0890903E-11   7.3307999E-11   8.7878226E-11   1.0795750E-10   1.0993828E-10   1.3195763E-10   1.1693105E-10   1.3074720E-10   1.4936670E-10   1.6395209E-10   1.9950631E-10   2.0241306E-10   2.3713564E-10   3.0186625E-10   4.9120746E-10   5.6744182E-10   3.8994394E-10   0.0000000E+00   9.5747688E-10   0.0000000E+00   1.4674719E-09   1.8566418E-09   2.4027431E-09   3.9621666E-09   5.4485723E-09   7.6283007E-09   1.1051156E-08   1.3934702E-08   1.7591898E-08   2.2165837E-08   2.7897167E-08   3.4753150E-08   3.8006803E-08   3.5620399E-08   4.6739245E-08   5.8402712E-08   7.5694217E-08   1.1724081E-07   1.4747000E-07   1.6109257E-07   2.1577141E-07   2.2521147E-09   1.4428239E-15   8.0629662E-17   7.6214913E-17   8.1156616E-17   3.5538204E-16   1.6927747E-17
   0.0000000E+00   0.0000000E+00   0.0000000E+00   0.0000000E+00   0.0000000E+00   0.0000000E+00   0.0000000E+00   0.0000000E+00   0.0000000E+00   0.0000000E+00   0.0000000E+00   0.0000000E+00   0.0000000E+00   0.0000000E+00   0.0000000E+00   0.0000000E+00   0.0000000E+00   0.0000000E+00   0.0000000E+00   0.0000000E+00   0.0000000E+00   0.0000000E+00   0.0000000E+00   0.0000000E+00   0.0000000E+00   0.0000000E+00   0.0000000E+00   0.0000000E+00   0.0000000E+00   0.0000000E+00   0.0000000E+00   0.0000000E+00   0.0000000E+00   0.0000000E+00   0.0000000E+00   0.0000000E+00   0.0000000E+00   0.0000000E+00   0.0000000E+00   0.0000000E+00   0.0000000E+00   0.0000000E+00   0.0000000E+00   0.0000000E+00   0.0000000E+00   0.0000000E+00   0.0000000E+00   0.0000000E+00   0.0000000E+00   0.0000000E+00   0.0000000E+00   4.2245950E-11   5.0938788E-11   6.1175474E-11   7.3103704E-11   5.8789633E-11   6.6860760E-11   8.0638302E-11   5.6421999E-11   6.7483068E-11   0.0000000E+00   7.5957823E-11   9.8443718E-11   1.0537547E-10   0.0000000E+00   9.5837553E-11   2.1844311E-10   3.1414998E-10   1.4601109E-10   4.8178913E-12   4.4742962E-10   8.3941257E-12   7.6634810E-10   9.5739627E-10   1.2287856E-09   2.4293589E-09   3.3801475E-09   5.4689417E-09   8.2628704E-09   1.2408391E-08   1.7194122E-08   2.1692742E-08   2.7333334E-08   3.4268524E-08   2.7865065E-08   4.3006672E-08   5.5954043E-08   7.0107838E-08   9.1587658E-08   9.4613227E-08   1.2177790E-07   1.9000822E-07   2.4163447E-07   6.7854039E-10   4.3260898E-16   2.7543290E-17   2.5725909E-17   2.7972383E-17   1.3805971E-16   5.1090165E-18
   0.0000000E+00   0.0000000E+00   0.0000000E+00   0.0000000E+00   0.0000000E+00   0.0000000E+00   0.0000000E+00   0.0000000E+00   0.0000000E+00   0.0000000E+00   0.0000000E+00   0.0000000E+00   0.0000000E+00   0.0000000E+00   0.0000000E+00   0.0000000E+00   0.0000000E+00   0.0000000E+00   0.0000000E+00   0.0000000E+00   0.0000000E+00   0.0000000E+00   0.0000000E+00   0.0000000E+00   0.0000000E+00   0.0000000E+00   0.0000000E+00   0.0000000E+00   0.0000000E+00   0.0000000E+00   0.0000000E+00   0.0000000E+00   0.0000000E+00   0.0000000E+00   0.0000000E+00   0.0000000E+00   0.0000000E+00   0.0000000E+00   0.0000000E+00   0.0000000E+00   0.0000000E+00   0.0000000E+00   0.0000000E+00   0.0000000E+00   0.0000000E+00   0.0000000E+00   0.0000000E+00   0.0000000E+00   0.0000000E+00   0.0000000E+00   0.0000000E+00   2.7501170E-11   2.4966074E-11   2.1483173E-11   2.5595175E-11   5.8639777E-12   2.8282515E-11   3.9382803E-11   2.3771334E-11   2.9695725E-11   0.0000000E+00   2.7224886E-11   3.8985221E-11   4.7366295E-11   6.3723115E-13   3.0718147E-11   7.3773515E-11   1.5359086E-10   4.9269179E-11   3.6107261E-12   1.6873990E-10   6.9553469E-12   3.3685793E-10   4.1275594E-10   5.2462407E-10   1.3136024E-09   1.8114406E-09   0.0000000E+00   1.1017333E-09   9.2633687E-09   1.4061945E-08   2.1292978E-08   2.6861679E-08   3.3542818E-08   3.3509089E-08   3.8758898E-08   4.7464660E-08   6.0497179E-08   7.4730146E-08   1.1215673E-07   1.4595001E-07   1.6277558E-07   1.8114550E-07   2.0728533E-10   1.3015093E-16   9.4191263E-18   8.7061860E-18   9.8825617E-18   1.0807928E-16   1.5420796E-18
   0.0000000E+00   0.0000000E+00   0.0000000E+00   0.0000000E+00   0.0000000E+00   0.0000000E+00   0.0000000E+00   0.0000000E+00   0.0000000E+00   0.0000000E+00   0.0000000E+00   0.0000000E+00   0.0000000E+00   0.0000000E+00   0.0000000E+00   0.0000000E+00   0.0000000E+00   0.0000000E+00   0.0000000E+00   0.0000000E+00   0.0000000E+00   0.0000000E+00   0.0000000E+00   0.0000000E+00   0.0000000E+00   0.0000000E+00   0.0000000E+00   0.0000000E+00   0.0000000E+00   0.0000000E+00   0.0000000E+00   0.0000000E+00   0.0000000E+00   0.0000000E+00   0.0000000E+00   0.0000000E+00   0.0000000E+00   0.0000000E+00   0.0000000E+00   0.0000000E+00   0.0000000E+00   0.0000000E+00   0.0000000E+00   0.0000000E+00   0.0000000E+00   0.0000000E+00   0.0000000E+00   0.0000000E+00   0.0000000E+00   0.0000000E+00   0.0000000E+00   3.9456871E-12   4.9101040E-12   5.4873671E-12   6.9363512E-12   1.4706436E-12   8.8389938E-12   1.6667931E-11   8.0998480E-12   1.1011557E-11   0.0000000E+00   8.1330177E-12   1.1902924E-11   1.8296536E-11   3.9522514E-13   9.7097061E-12   2.4415386E-11   6.3769746E-11   1.6300924E-11   1.9270911E-12   5.8064432E-11   3.9567759E-12   1.2171346E-10   1.5077176E-10   1.9690746E-10   6.2616601E-10   8.6528507E-10   3.9842438E-11   4.2947024E-10   5.7650382E-09   3.6550600E-09   1.5824316E-08   2.3544949E-08   3.2566781E-08   3.0588097E-08   4.3235701E-08   5.2407191E-08   6.9561928E-08   8.7418805E-08   9.8039997E-08   1.2435520E-07   1.8901785E-07   4.5280732E-08   6.4286229E-11   3.9914495E-17   6.4653222E-18   5.9227943E-18   7.0143634E-18   8.5170553E-17   4.6548700E-19
   0.0000000E+00   0.0000000E+00   0.0000000E+00   0.0000000E+00   0.0000000E+00   0.0000000E+00   0.0000000E+00   0.0000000E+00   0.0000000E+00   0.0000000E+00   0.0000000E+00   0.0000000E+00   0.0000000E+00   0.0000000E+00   0.0000000E+00   0.0000000E+00   0.0000000E+00   0.0000000E+00   0.0000000E+00   0.0000000E+00   0.0000000E+00   0.0000000E+00   0.0000000E+00   0.0000000E+00   0.0000000E+00   0.0000000E+00   0.0000000E+00   0.0000000E+00   0.0000000E+00   0.0000000E+00   0.0000000E+00   0.0000000E+00   0.0000000E+00   0.0000000E+00   0.0000000E+00   0.0000000E+00   0.0000000E+00   0.0000000E+00   0.0000000E+00   0.0000000E+00   0.0000000E+00   0.0000000E+00   0.0000000E+00   0.0000000E+00   0.0000000E+00   0.0000000E+00   0.0000000E+00   0.0000000E+00   0.0000000E+00   0.0000000E+00   0.0000000E+00   9.4490279E-13   1.2183900E-12   1.3997354E-12   1.8303007E-12   3.7656648E-13   2.3972948E-12   5.9457318E-12   2.2441638E-12   3.4000318E-12   0.0000000E+00   2.3809609E-12   3.5652390E-12   6.0249540E-12   1.8287832E-13   3.0398761E-12   7.9550125E-12   2.2277723E-11   5.3219846E-12   8.8962778E-13   1.9672352E-11   1.9327918E-12   4.3315043E-11   5.4362990E-11   7.3356633E-11   2.6314242E-10   3.6812214E-10   2.4139435E-11   1.7843274E-10   3.0894962E-09   1.4544845E-09   4.1122368E-09   4.2311110E-09   6.4293415E-09   1.9007185E-08   2.3526093E-08   2.9626475E-08   4.2026713E-08   6.8809058E-08   1.1296878E-07   1.4474604E-07   1.6399515E-07   1.0166302E-08   2.0247791E-11   1.2628135E-17   4.4433735E-18   4.0414717E-18   4.9952006E-18   6.7548111E-17   2.8137564E-19
   0.0000000E+00   0.0000000E+00   0.0000000E+00   0.0000000E+00   0.0000000E+00   0.0000000E+00   0.0000000E+00   0.0000000E+00   0.0000000E+00   0.0000000E+00   0.0000000E+00   0.0000000E+00   0.0000000E+00   0.0000000E+00   0.0000000E+00   0.0000000E+00   0.0000000E+00   0.0000000E+00   0.0000000E+00   0.0000000E+00   0.0000000E+00   0.0000000E+00   0.0000000E+00   0.0000000E+00   0.0000000E+00   0.0000000E+00   0.0000000E+00   0.0000000E+00   0.0000000E+00   0.0000000E+00   0.0000000E+00   0.0000000E+00   0.0000000E+00   0.0000000E+00   0.0000000E+00   0.0000000E+00   0.0000000E+00   0.0000000E+00   0.0000000E+00   0.0000000E+00   0.0000000E+00   0.0000000E+00   0.0000000E+00   0.0000000E+00   0.0000000E+00   0.0000000E+00   0.0000000E+00   0.0000000E+00   0.0000000E+00   0.0000000E+00   0.0000000E+00   0.0000000E+00   3.0113366E-13   3.5433811E-13   4.7050422E-13   9.9203808E-14   6.4377935E-13   1.7717950E-12   6.1269403E-13   9.3075200E-13   0.0000000E+00   6.8731988E-13   1.0524477E-12   1.7892887E-12   1.3959350E-13   9.4555906E-13   2.5589296E-12   7.1387813E-12   1.7225457E-12   3.7804338E-13   6.5975120E-12   8.6736369E-13   1.5274953E-11   1.9445565E-11   2.7122814E-11   9.7373061E-11   1.3727512E-10   1.1198463E-11   7.6761521E-11   1.4465255E-09   5.7336624E-10   1.5946554E-09   1.6037095E-09   2.4682527E-09   1.0393408E-08   1.1302856E-08   1.5268821E-08   2.4165422E-08   1.6304661E-08   8.5157481E-08   1.2786930E-07   1.5798474E-07   2.3248048E-09   1.1600242E-12   7.9953136E-18   3.0578078E-18   2.7657739E-18   3.5697637E-18   5.3904214E-17   1.7009705E-19
   0.0000000E+00   0.0000000E+00   0.0000000E+00   0.0000000E+00   0.0000000E+00   0.0000000E+00   0.0000000E+00   0.0000000E+00   0.0000000E+00   0.0000000E+00   0.0000000E+00   0.0000000E+00   0.0000000E+00   0.0000000E+00   0.0000000E+00   0.0000000E+00   0.0000000E+00   0.0000000E+00   0.0000000E+00   0.0000000E+00   0.0000000E+00   0.0000000E+00   0.0000000E+00   0.0000000E+00   0.0000000E+00   0.0000000E+00   0.0000000E+00   0.0000000E+00   0.0000000E+00   0.0000000E+00   0.0000000E+00   0.0000000E+00   0.0000000E+00   0.0000000E+00   0.0000000E+00   0.0000000E+00   0.0000000E+00   0.0000000E+00   0.0000000E+00   0.0000000E+00   0.0000000E+00   0.0000000E+00   0.0000000E+00   0.0000000E+00   0.0000000E+00   0.0000000E+00   0.0000000E+00   0.0000000E+00   0.0000000E+00   0.0000000E+00   0.0000000E+00   0.0000000E+00   1.8705859E-13   2.2245289E-13   2.8934843E-13   0.0000000E+00   1.7354010E-13   4.6675337E-13   1.6825636E-13   2.5184566E-13   0.0000000E+00   1.9650518E-13   3.0769332E-13   5.3102135E-13   9.6367596E-14   2.9285564E-13   8.1558577E-13   2.2627362E-12   5.5460861E-13   1.5225726E-13   2.1986278E-12   3.6873944E-13   5.3561556E-12   6.9240707E-12   9.9751778E-12   3.5252610E-11   4.9911145E-11   4.8136924E-12   3.3099877E-11   5.9392408E-10   2.2419980E-10   6.0674149E-10   5.9903515E-10   9.5678498E-10   5.0289963E-09   4.6404627E-09   6.8947958E-09   1.1363637E-08   7.0805037E-09   3.1043410E-08   2.0160115E-08   7.8495987E-08   5.2092564E-10   2.1378061E-13   5.0548002E-18   2.1071928E-18   1.8981024E-18   2.5604152E-18   4.3274364E-17   1.0283440E-19
   0.0000000E+00   0.0000000E+00   0.0000000E+00   0.0000000E+00   0.0000000E+00   0.0000000E+00   0.0000000E+00   0.0000000E+00   0.0000000E+00   0.0000000E+00   0.0000000E+00   0.0000000E+00   0.0000000E+00   0.0000000E+00   0.0000000E+00   0.0000000E+00   0.0000000E+00   0.0000000E+00   0.0000000E+00   0.0000000E+00   0.0000000E+00   0.0000000E+00   0.0000000E+00   0.0000000E+00   0.0000000E+00   0.0000000E+00   0.0000000E+00   0.0000000E+00   0.0000000E+00   0.0000000E+00   0.0000000E+00   0.0000000E+00   0.0000000E+00   0.0000000E+00   0.0000000E+00   0.0000000E+00   0.0000000E+00   0.0000000E+00   0.0000000E+00   0.0000000E+00   0.0000000E+00   0.0000000E+00   0.0000000E+00   0.0000000E+00   0.0000000E+00   0.0000000E+00   0.0000000E+00   0.0000000E+00   0.0000000E+00   0.0000000E+00   0.0000000E+00   0.0000000E+00   0.0000000E+00   1.3876925E-13   1.7694844E-13   0.0000000E+00   0.0000000E+00   0.0000000E+00   0.0000000E+00   1.6021372E-13   0.0000000E+00   1.3005398E-13   2.0317911E-13   1.5947280E-13   6.3790919E-14   9.0455434E-14   2.5822213E-13   7.1193122E-13   1.8068755E-13   1.1583380E-13   7.3017769E-13   1.5105625E-13   1.8721418E-12   2.4602501E-12   3.6565616E-12   1.2706097E-11   1.8052206E-11   2.0206770E-12   1.4008267E-11   2.1971479E-10   8.6998644E-11   2.2747894E-10   2.2164559E-10   3.7335979E-10   2.1735043E-09   1.8276975E-09   2.7753984E-09   4.7365072E-09   3.0909473E-09   1.3319009E-08   8.1124742E-09   3.7919740E-08   1.1519765E-10   4.0122307E-14   3.1936399E-18   1.4541534E-18   1.3062300E-18   1.8433894E-18   3.4942452E-17   6.2174372E-20
   0.0000000E+00   0.0000000E+00   0.0000000E+00   0.0000000E+00   0.0000000E+00   0.0000000E+00   0.0000000E+00   0.0000000E+00   0.0000000E+00   0.0000000E+00   0.0000000E+00   0.0000000E+00   0.0000000E+00   0.0000000E+00   0.0000000E+00   0.0000000E+00   0.0000000E+00   0.0000000E+00   0.0000000E+00   0.0000000E+00   0.0000000E+00   0.0000000E+00   0.0000000E+00   0.0000000E+00   0.0000000E+00   0.0000000E+00   0.0000000E+00   0.0000000E+00   0.0000000E+00   0.0000000E+00   0.0000000E+00   0.0000000E+00   0.0000000E+00   0.0000000E+00   0.0000000E+00   0.0000000E+00   0.0000000E+00   0.0000000E+00   0.0000000E+00   0.0000000E+00   0.0000000E+00   0.0000000E+00   0.0000000E+00   0.0000000E+00   0.0000000E+00   0.0000000E+00   0.0000000E+00   0.0000000E+00   0.0000000E+00   0.0000000E+00   0.0000000E+00   0.0000000E+00   0.0000000E+00   0.0000000E+00   1.0774711E-13   0.0000000E+00   0.0000000E+00   0.0000000E+00   0.0000000E+00   0.0000000E+00   0.0000000E+00   0.0000000E+00   1.3385702E-13   1.0513878E-13   0.0000000E+00   0.0000000E+00   0.0000000E+00   2.2470360E-13   1.2898376E-13   8.3413447E-14   2.4491842E-13   1.1688677E-13   6.5348492E-13   8.7383307E-13   1.3378822E-12   4.5685487E-12   6.5070254E-12   8.3969214E-13   5.8388849E-12   8.0826491E-11   3.3507929E-11   8.4318615E-11   8.1554798E-11   1.4565706E-10   8.4798835E-10   7.1308542E-10   1.1089529E-09   1.9558730E-09   1.3492574E-09   5.5906244E-09   3.3920562E-09   1.7347142E-08   2.5262393E-11   7.6590879E-15   2.0176720E-18   1.0049363E-18   9.0135535E-19   1.3322974E-18   2.8373331E-17   3.7593753E-20
   0.0000000E+00   0.0000000E+00   0.0000000E+00   0.0000000E+00   0.0000000E+00   0.0000000E+00   0.0000000E+00   0.0000000E+00   0.0000000E+00   0.0000000E+00   0.0000000E+00   0.0000000E+00   0.0000000E+00   0.0000000E+00   0.0000000E+00   0.0000000E+00   0.0000000E+00   0.0000000E+00   0.0000000E+00   0.0000000E+00   0.0000000E+00   0.0000000E+00   0.0000000E+00   0.0000000E+00   0.0000000E+00   0.0000000E+00   0.0000000E+00   0.0000000E+00   0.0000000E+00   0.0000000E+00   0.0000000E+00   0.0000000E+00   0.0000000E+00   0.0000000E+00   0.0000000E+00   0.0000000E+00   0.0000000E+00   0.0000000E+00   0.0000000E+00   0.0000000E+00   0.0000000E+00   0.0000000E+00   0.0000000E+00   0.0000000E+00   0.0000000E+00   0.0000000E+00   0.0000000E+00   0.0000000E+00   0.0000000E+00   0.0000000E+00   0.0000000E+00   0.0000000E+00   0.0000000E+00   0.0000000E+00   0.0000000E+00   0.0000000E+00   0.0000000E+00   0.0000000E+00   0.0000000E+00   0.0000000E+00   0.0000000E+00   0.0000000E+00   8.6773965E-14   0.0000000E+00   0.0000000E+00   0.0000000E+00   0.0000000E+00   1.5682530E-13   9.1856048E-14   5.8696652E-14   8.4135288E-14   8.5979557E-14   2.2811009E-13   3.1063563E-13   4.8911716E-13   1.6409948E-12   2.3413519E-12   3.4724204E-13   2.4040347E-12   2.9644398E-11   1.2812721E-11   3.0981526E-11   2.9924268E-11   5.6670849E-11   3.1924671E-10   2.7650385E-10   4.4116330E-10   8.0305301E-10   5.8694538E-10   2.3137690E-09   1.4733886E-09   7.6635951E-09   5.5082553E-12   1.4855949E-15   1.2753027E-18   6.9549899E-19   6.2364098E-19   9.6671037E-19   2.3164569E-17   2.2732717E-20
   0.0000000E+00   0.0000000E+00   0.0000000E+00   0.0000000E+00   0.0000000E+00   0.0000000E+00   0.0000000E+00   0.0000000E+00   0.0000000E+00   0.0000000E+00   0.0000000E+00   0.0000000E+00   0.0000000E+00   0.0000000E+00   0.0000000E+00   0.0000000E+00   0.0000000E+00   0.0000000E+00   0.0000000E+00   0.0000000E+00   0.0000000E+00   0.0000000E+00   0.0000000E+00   0.0000000E+00   0.0000000E+00   0.0000000E+00   0.0000000E+00   0.0000000E+00   0.0000000E+00   0.0000000E+00   0.0000000E+00   0.0000000E+00   0.0000000E+00   0.0000000E+00   0.0000000E+00   0.0000000E+00   0.0000000E+00   0.0000000E+00   0.0000000E+00   0.0000000E+00   0.0000000E+00   0.0000000E+00   0.0000000E+00   0.0000000E+00   0.0000000E+00   0.0000000E+00   0.0000000E+00   0.0000000E+00   0.0000000E+00   0.0000000E+00   0.0000000E+00   0.0000000E+00   0.0000000E+00   0.0000000E+00   0.0000000E+00   0.0000000E+00   0.0000000E+00   0.0000000E+00   0.0000000E+00   0.0000000E+00   0.0000000E+00   0.0000000E+00   5.6183289E-14   0.0000000E+00   0.0000000E+00   0.0000000E+00   0.0000000E+00   1.0940583E-13   6.5282063E-14   4.1437255E-14   6.2310773E-14   6.1862679E-14   7.9711818E-14   1.1062056E-13   1.7881250E-13   5.8944966E-13   8.4211230E-13   1.4321676E-13   9.8015443E-13   1.0857259E-11   4.8657909E-12   1.1308479E-11   1.0969997E-11   2.1992054E-11   1.1956283E-10   1.0681206E-10   1.7512287E-10   3.2860487E-10   2.5404942E-10   9.4947716E-10   6.6297701E-10   3.3146268E-09   1.1960604E-12   2.9255089E-16   8.0676755E-19   4.8204689E-19   4.3263997E-19   7.0425397E-19   1.9011694E-17   1.3747328E-20
   0.0000000E+00   0.0000000E+00   0.0000000E+00   0.0000000E+00   0.0000000E+00   0.0000000E+00   0.0000000E+00   0.0000000E+00   0.0000000E+00   0.0000000E+00   0.0000000E+00   0.0000000E+00   0.0000000E+00   0.0000000E+00   0.0000000E+00   0.0000000E+00   0.0000000E+00   0.0000000E+00   0.0000000E+00   0.0000000E+00   0.0000000E+00   0.0000000E+00   0.0000000E+00   0.0000000E+00   0.0000000E+00   0.0000000E+00   0.0000000E+00   0.0000000E+00   0.0000000E+00   0.0000000E+00   0.0000000E+00   0.0000000E+00   0.0000000E+00   0.0000000E+00   0.0000000E+00   0.0000000E+00   0.0000000E+00   0.0000000E+00   0.0000000E+00   0.0000000E+00   0.0000000E+00   0.0000000E+00   0.0000000E+00   0.0000000E+00   0.0000000E+00   0.0000000E+00   0.0000000E+00   0.0000000E+00   0.0000000E+00   0.0000000E+00   0.0000000E+00   0.0000000E+00   0.0000000E+00   0.0000000E+00   0.0000000E+00   0.0000000E+00   0.0000000E+00   0.0000000E+00   0.0000000E+00   0.0000000E+00   0.0000000E+00   0.0000000E+00   0.0000000E+00   0.0000000E+00   0.0000000E+00   0.0000000E+00   0.0000000E+00   7.6308216E-14   4.5619263E-14   2.9676629E-14   4.6394495E-14   4.4648601E-14   5.9337084E-14   8.1670971E-14   6.5407844E-14   2.1189987E-13   3.0308858E-13   5.8969675E-14   3.9652567E-13   3.9745130E-12   1.8361176E-12   4.1074362E-12   4.0231429E-12   8.5143073E-12   4.4634112E-11   4.1178574E-11   6.9477882E-11   1.3420455E-10   1.0938350E-10   3.8801129E-10   3.0785718E-10   1.4163092E-09   2.5890935E-13   5.8453850E-17   5.1097356E-19   3.3459606E-19   3.0093136E-19   5.1513453E-19   1.5682982E-17   8.3141272E-21
   0.0000000E+00   0.0000000E+00   0.0000000E+00   0.0000000E+00   0.0000000E+00   0.0000000E+00   0.0000000E+00   0.0000000E+00   0.0000000E+00   0.0000000E+00   0.0000000E+00   0.0000000E+00   0.0000000E+00   0.0000000E+00   0.0000000E+00   0.0000000E+00   0.0000000E+00   0.0000000E+00   0.0000000E+00   0.0000000E+00   0.0000000E+00   0.0000000E+00   0.0000000E+00   0.0000000E+00   0.0000000E+00   0.0000000E+00   0.0000000E+00   0.0000000E+00   0.0000000E+00   0.0000000E+00   0.0000000E+00   0.0000000E+00   0.0000000E+00   0.0000000E+00   0.0000000E+00   0.0000000E+00   0.0000000E+00   0.0000000E+00   0.0000000E+00   0.0000000E+00   0.0000000E+00   0.0000000E+00   0.0000000E+00   0.0000000E+00   0.0000000E+00   0.0000000E+00   0.0000000E+00   0.0000000E+00   0.0000000E+00   0.0000000E+00   0.0000000E+00   0.0000000E+00   0.0000000E+00   0.0000000E+00   0.0000000E+00   0.0000000E+00   0.0000000E+00   0.0000000E+00   0.0000000E+00   0.0000000E+00   0.0000000E+00   0.0000000E+00   0.0000000E+00   0.0000000E+00   0.0000000E+00   0.0000000E+00   0.0000000E+00   5.3204640E-14   3.1547424E-14   0.0000000E+00   3.4781660E-14   3.2329235E-14   4.4214344E-14   6.0427832E-14   4.8713627E-14   7.6281063E-14   1.0925818E-13   2.4251524E-14   1.5942754E-13   1.4548941E-12   6.8887306E-13   1.4866228E-12   1.4773433E-12   3.2895540E-12   1.6632978E-11   1.5865082E-11   2.7581708E-11   5.4756085E-11   4.6876794E-11   1.5849128E-10   1.4691730E-10   6.0126748E-10   5.5914586E-14   1.1846246E-17   3.2410097E-19   2.3258951E-19   2.0975451E-19   0.0000000E+00   0.0000000E+00   5.0285921E-21
   0.0000000E+00   0.0000000E+00   0.0000000E+00   0.0000000E+00   0.0000000E+00   0.0000000E+00   0.0000000E+00   0.0000000E+00   0.0000000E+00   0.0000000E+00   0.0000000E+00   0.0000000E+00   0.0000000E+00   0.0000000E+00   0.0000000E+00   0.0000000E+00   0.0000000E+00   0.0000000E+00   0.0000000E+00   0.0000000E+00   0.0000000E+00   0.0000000E+00   0.0000000E+00   0.0000000E+00   0.0000000E+00   0.0000000E+00   0.0000000E+00   0.0000000E+00   0.0000000E+00   0.0000000E+00   0.0000000E+00   0.0000000E+00   0.0000000E+00   0.0000000E+00   0.0000000E+00   0.0000000E+00   0.0000000E+00   0.0000000E+00   0.0000000E+00   0.0000000E+00   0.0000000E+00   0.0000000E+00   0.0000000E+00   0.0000000E+00   0.0000000E+00   0.0000000E+00   0.0000000E+00   0.0000000E+00   0.0000000E+00   0.0000000E+00   0.0000000E+00   0.0000000E+00   0.0000000E+00   0.0000000E+00   0.0000000E+00   0.0000000E+00   0.0000000E+00   0.0000000E+00   0.0000000E+00   0.0000000E+00   0.0000000E+00   0.0000000E+00   0.0000000E+00   0.0000000E+00   0.0000000E+00   0.0000000E+00   0.0000000E+00   3.6527337E-14   0.0000000E+00   0.0000000E+00   2.6161831E-14   2.3487031E-14   3.2989921E-14   4.4780464E-14   3.5834549E-14   2.7539279E-14   4.0614634E-14   1.8382173E-14   6.3781439E-14   5.3263692E-13   2.5712635E-13   5.3675532E-13   5.4350426E-13   1.2687271E-12   6.1940440E-12   6.1149029E-12   1.0965523E-11   2.2332856E-11   2.0017528E-11   6.4935231E-11   7.1767231E-11   2.5447930E-10   1.2054187E-14   2.4351753E-18   2.0591267E-19   1.6174531E-19   1.4152331E-19   0.0000000E+00   0.0000000E+00   3.0416354E-21
   0.0000000E+00   0.0000000E+00   0.0000000E+00   0.0000000E+00   0.0000000E+00   0.0000000E+00   0.0000000E+00   0.0000000E+00   0.0000000E+00   0.0000000E+00   0.0000000E+00   0.0000000E+00   0.0000000E+00   0.0000000E+00   0.0000000E+00   0.0000000E+00   0.0000000E+00   0.0000000E+00   0.0000000E+00   0.0000000E+00   0.0000000E+00   0.0000000E+00   0.0000000E+00   0.0000000E+00   0.0000000E+00   0.0000000E+00   0.0000000E+00   0.0000000E+00   0.0000000E+00   0.0000000E+00   0.0000000E+00   0.0000000E+00   0.0000000E+00   0.0000000E+00   0.0000000E+00   0.0000000E+00   0.0000000E+00   0.0000000E+00   0.0000000E+00   0.0000000E+00   0.0000000E+00   0.0000000E+00   0.0000000E+00   0.0000000E+00   0.0000000E+00   0.0000000E+00   0.0000000E+00   0.0000000E+00   0.0000000E+00   0.0000000E+00   0.0000000E+00   0.0000000E+00   0.0000000E+00   0.0000000E+00   0.0000000E+00   0.0000000E+00   0.0000000E+00   0.0000000E+00   0.0000000E+00   0.0000000E+00   0.0000000E+00   0.0000000E+00   0.0000000E+00   0.0000000E+00   0.0000000E+00   0.0000000E+00   0.0000000E+00   2.5097615E-14   0.0000000E+00   0.0000000E+00   0.0000000E+00   1.7120930E-14   2.4651549E-14   3.3227869E-14   2.6273741E-14   2.0887992E-14   3.0957790E-14   1.3280010E-14   2.5412318E-14   1.9501820E-13   9.5544185E-14   1.9350298E-13   2.0039432E-13   4.8863637E-13   2.3069359E-12   2.3597862E-12   4.3683798E-12   9.1097798E-12   8.5293361E-12   2.6782009E-11   3.5748217E-11   1.0759173E-10   2.5953407E-15   5.0818642E-19   1.3104861E-19   1.1238898E-19   0.0000000E+00   0.0000000E+00   0.0000000E+00   1.8399213E-21
   0.0000000E+00   0.0000000E+00   0.0000000E+00   0.0000000E+00   0.0000000E+00   0.0000000E+00   0.0000000E+00   0.0000000E+00   0.0000000E+00   0.0000000E+00   0.0000000E+00   0.0000000E+00   0.0000000E+00   0.0000000E+00   0.0000000E+00   0.0000000E+00   0.0000000E+00   0.0000000E+00   0.0000000E+00   0.0000000E+00   0.0000000E+00   0.0000000E+00   0.0000000E+00   0.0000000E+00   0.0000000E+00   0.0000000E+00   0.0000000E+00   0.0000000E+00   0.0000000E+00   0.0000000E+00   0.0000000E+00   0.0000000E+00   0.0000000E+00   0.0000000E+00   0.0000000E+00   0.0000000E+00   0.0000000E+00   0.0000000E+00   0.0000000E+00   0.0000000E+00   0.0000000E+00   0.0000000E+00   0.0000000E+00   0.0000000E+00   0.0000000E+00   0.0000000E+00   0.0000000E+00   0.0000000E+00   0.0000000E+00   0.0000000E+00   0.0000000E+00   0.0000000E+00   0.0000000E+00   0.0000000E+00   0.0000000E+00   0.0000000E+00   0.0000000E+00   0.0000000E+00   0.0000000E+00   0.0000000E+00   0.0000000E+00   0.0000000E+00   0.0000000E+00   0.0000000E+00   0.0000000E+00   0.0000000E+00   0.0000000E+00   0.0000000E+00   0.0000000E+00   0.0000000E+00   0.0000000E+00   1.2522805E-14   1.8449951E-14   2.4696333E-14   1.9365426E-14   1.5835686E-14   2.3429235E-14   9.3735139E-15   1.0089657E-14   7.1402675E-14   3.5366085E-14   6.9702985E-14   7.4066086E-14   1.8798812E-13   8.5986551E-13   9.1238562E-13   1.7444492E-12   3.7179257E-12   3.6322731E-12   1.1164764E-11   1.8095012E-11   4.5491378E-11   5.5831330E-16   1.0791425E-19   8.3472876E-20   7.4976879E-20   0.0000000E+00   0.0000000E+00   0.0000000E+00   1.1130730E-21
   0.0000000E+00   0.0000000E+00   0.0000000E+00   0.0000000E+00   0.0000000E+00   0.0000000E+00   0.0000000E+00   0.0000000E+00   0.0000000E+00   0.0000000E+00   0.0000000E+00   0.0000000E+00   0.0000000E+00   0.0000000E+00   0.0000000E+00   0.0000000E+00   0.0000000E+00   0.0000000E+00   0.0000000E+00   0.0000000E+00   0.0000000E+00   0.0000000E+00   0.0000000E+00   0.0000000E+00   0.0000000E+00   0.0000000E+00   0.0000000E+00   0.0000000E+00   0.0000000E+00   0.0000000E+00   0.0000000E+00   0.0000000E+00   0.0000000E+00   0.0000000E+00   0.0000000E+00   0.0000000E+00   0.0000000E+00   0.0000000E+00   0.0000000E+00   0.0000000E+00   0.0000000E+00   0.0000000E+00   0.0000000E+00   0.0000000E+00   0.0000000E+00   0.0000000E+00   0.0000000E+00   0.0000000E+00   0.0000000E+00   0.0000000E+00   0.0000000E+00   0.0000000E+00   0.0000000E+00   0.0000000E+00   0.0000000E+00   0.0000000E+00   0.0000000E+00   0.0000000E+00   0.0000000E+00   0.0000000E+00   0.0000000E+00   0.0000000E+00   0.0000000E+00   0.0000000E+00   0.0000000E+00   0.0000000E+00   0.0000000E+00   0.0000000E+00   0.0000000E+00   0.0000000E+00   0.0000000E+00   0.0000000E+00   1.3831342E-14   1.8379321E-14   1.4308145E-14   1.2036429E-14   1.7625648E-14   6.6688492E-15   7.6044619E-15   2.6138793E-14   1.3048350E-14   2.5103017E-14   2.7444272E-14   7.2266683E-14   3.2090812E-13   3.5362045E-13   6.9846890E-13   1.5188042E-12   1.5488567E-12   4.7262446E-12   9.2798243E-12   1.9246603E-11   1.2005042E-16   2.3441169E-20   5.2849028E-20   0.0000000E+00   0.0000000E+00   0.0000000E+00   0.0000000E+00   6.7340595E-22
   0.0000000E+00   0.0000000E+00   0.0000000E+00   0.0000000E+00   0.0000000E+00   0.0000000E+00   0.0000000E+00   0.0000000E+00   0.0000000E+00   0.0000000E+00   0.0000000E+00   0.0000000E+00   0.0000000E+00   0.0000000E+00   0.0000000E+00   0.0000000E+00   0.0000000E+00   0.0000000E+00   0.0000000E+00   0.0000000E+00   0.0000000E+00   0.0000000E+00   0.0000000E+00   0.0000000E+00   0.0000000E+00   0.0000000E+00   0.0000000E+00   0.0000000E+00   0.0000000E+00   0.0000000E+00   0.0000000E+00   0.0000000E+00   0.0000000E+00   0.0000000E+00   0.0000000E+00   0.0000000E+00   0.0000000E+00   0.0000000E+00   0.0000000E+00   0.0000000E+00   0.0000000E+00   0.0000000E+00   0.0000000E+00   0.0000000E+00   0.0000000E+00   0.0000000E+00   0.0000000E+00   0.0000000E+00   0.0000000E+00   0.0000000E+00   0.0000000E+00   0.0000000E+00   0.0000000E+00   0.0000000E+00   0.0000000E+00   0.0000000E+00   0.0000000E+00   0.0000000E+00   0.0000000E+00   0.0000000E+00   0.0000000E+00   0.0000000E+00   0.0000000E+00   0.0000000E+00   0.0000000E+00   0.0000000E+00   0.0000000E+00   0.0000000E+00   0.0000000E+00   0.0000000E+00   0.0000000E+00   0.0000000E+00   1.0472821E-14   1.3700033E-14   1.0602339E-14   9.1662026E-15   1.3202321E-14   4.7679413E-15   5.5434203E-15   9.5658802E-15   4.8012352E-15   9.0432219E-15   1.0195315E-14   2.7767666E-14   1.1996891E-13   1.3744702E-13   2.8044819E-13   6.2131745E-13   6.6276536E-13   2.0423292E-12   4.8096453E-12   8.1502071E-12   2.5812786E-17   5.2563382E-21   3.2758814E-20   0.0000000E+00   0.0000000E+00   0.0000000E+00   0.0000000E+00   4.0744100E-22
   0.0000000E+00   0.0000000E+00   0.0000000E+00   0.0000000E+00   0.0000000E+00   0.0000000E+00   0.0000000E+00   0.0000000E+00   0.0000000E+00   0.0000000E+00   0.0000000E+00   0.0000000E+00   0.0000000E+00   0.0000000E+00   0.0000000E+00   0.0000000E+00   0.0000000E+00   0.0000000E+00   0.0000000E+00   0.0000000E+00   0.0000000E+00   0.0000000E+00   0.0000000E+00   0.0000000E+00   0.0000000E+00   0.0000000E+00   0.0000000E+00   0.0000000E+00   0.0000000E+00   0.0000000E+00   0.0000000E+00   0.0000000E+00   0.0000000E+00   0.0000000E+00   0.0000000E+00   0.0000000E+00   0.0000000E+00   0.0000000E+00   0.0000000E+00   0.0000000E+00   0.0000000E+00   0.0000000E+00   0.0000000E+00   0.0000000E+00   0.0000000E+00   0.0000000E+00   0.0000000E+00   0.0000000E+00   0.0000000E+00   0.0000000E+00   0.0000000E+00   0.0000000E+00   0.0000000E+00   0.0000000E+00   0.0000000E+00   0.0000000E+00   0.0000000E+00   0.0000000E+00   0.0000000E+00   0.0000000E+00   0.0000000E+00   0.0000000E+00   0.0000000E+00   0.0000000E+00   0.0000000E+00   0.0000000E+00   0.0000000E+00   0.0000000E+00   0.0000000E+00   0.0000000E+00   0.0000000E+00   0.0000000E+00   0.0000000E+00   1.0229857E-14   7.9005126E-15   6.9631766E-15   9.8568589E-15   3.4211189E-15   4.0558102E-15   7.0967004E-15   3.5597335E-15   6.5535460E-15   7.3345464E-15   1.0667419E-14   4.4941776E-14   5.3594760E-14   1.1293370E-13   2.5467259E-13   2.8533352E-13   9.0598411E-13   2.5142163E-12   3.4546953E-12   5.5866840E-18   2.3856781E-21   2.0391866E-20   0.0000000E+00   0.0000000E+00   0.0000000E+00   0.0000000E+00   2.4653731E-22
   0.0000000E+00   0.0000000E+00   0.0000000E+00   0.0000000E+00   0.0000000E+00   0.0000000E+00   0.0000000E+00   0.0000000E+00   0.0000000E+00   0.0000000E+00   0.0000000E+00   0.0000000E+00   0.0000000E+00   0.0000000E+00   0.0000000E+00   0.0000000E+00   0.0000000E+00   0.0000000E+00   0.0000000E+00   0.0000000E+00   0.0000000E+00   0.0000000E+00   0.0000000E+00   0.0000000E+00   0.0000000E+00   0.0000000E+00   0.0000000E+00   0.0000000E+00   0.0000000E+00   0.0000000E+00   0.0000000E+00   0.0000000E+00   0.0000000E+00   0.0000000E+00   0.0000000E+00   0.0000000E+00   0.0000000E+00   0.0000000E+00   0.0000000E+00   0.0000000E+00   0.0000000E+00   0.0000000E+00   0.0000000E+00   0.0000000E+00   0.0000000E+00   0.0000000E+00   0.0000000E+00   0.0000000E+00   0.0000000E+00   0.0000000E+00   0.0000000E+00   0.0000000E+00   0.0000000E+00   0.0000000E+00   0.0000000E+00   0.0000000E+00   0.0000000E+00   0.0000000E+00   0.0000000E+00   0.0000000E+00   0.0000000E+00   0.0000000E+00   0.0000000E+00   0.0000000E+00   0.0000000E+00   0.0000000E+00   0.0000000E+00   0.0000000E+00   0.0000000E+00   0.0000000E+00   0.0000000E+00   0.0000000E+00   0.0000000E+00   7.6523091E-15   5.9018660E-15   5.2988365E-15   7.3408314E-15   2.4633579E-15   2.9778233E-15   5.2598696E-15   2.6325363E-15   4.7412441E-15   5.2966681E-15   7.9296226E-15   1.6875724E-14   2.0971055E-14   4.5615248E-14   1.0466959E-13   1.2398056E-13   4.1481738E-13   1.3234703E-12   1.4657890E-12   1.2233747E-18   1.0918462E-21   1.2746312E-20   0.0000000E+00   0.0000000E+00   0.0000000E+00   0.0000000E+00   1.4918782E-22
   0.0000000E+00   0.0000000E+00   0.0000000E+00   0.0000000E+00   0.0000000E+00   0.0000000E+00   0.0000000E+00   0.0000000E+00   0.0000000E+00   0.0000000E+00   0.0000000E+00   0.0000000E+00   0.0000000E+00   0.0000000E+00   0.0000000E+00   0.0000000E+00   0.0000000E+00   0.0000000E+00   0.0000000E+00   0.0000000E+00   0.0000000E+00   0.0000000E+00   0.0000000E+00   0.0000000E+00   0.0000000E+00   0.0000000E+00   0.0000000E+00   0.0000000E+00   0.0000000E+00   0.0000000E+00   0.0000000E+00   0.0000000E+00   0.0000000E+00   0.0000000E+00   0.0000000E+00   0.0000000E+00   0.0000000E+00   0.0000000E+00   0.0000000E+00   0.0000000E+00   0.0000000E+00   0.0000000E+00   0.0000000E+00   0.0000000E+00   0.0000000E+00   0.0000000E+00   0.0000000E+00   0.0000000E+00   0.0000000E+00   0.0000000E+00   0.0000000E+00   0.0000000E+00   0.0000000E+00   0.0000000E+00   0.0000000E+00   0.0000000E+00   0.0000000E+00   0.0000000E+00   0.0000000E+00   0.0000000E+00   0.0000000E+00   0.0000000E+00   0.0000000E+00   0.0000000E+00   0.0000000E+00   0.0000000E+00   0.0000000E+00   0.0000000E+00   0.0000000E+00   0.0000000E+00   0.0000000E+00   0.0000000E+00   0.0000000E+00   5.7344817E-15   4.4196799E-15   4.0324575E-15   5.4566870E-15   1.7798413E-15   2.1935602E-15   3.8942911E-15   1.9422042E-15   3.4267256E-15   3.8343204E-15   5.8020520E-15   6.3537411E-15   8.2362680E-15   1.8483470E-14   4.3175478E-14   5.4575857E-14   1.9693029E-13   7.0065178E-13   6.2247982E-13   2.7342450E-19   5.0386381E-22   7.9997138E-21   0.0000000E+00   0.0000000E+00   0.0000000E+00   0.0000000E+00   9.0284014E-23
   0.0000000E+00   0.0000000E+00   0.0000000E+00   0.0000000E+00   0.0000000E+00   0.0000000E+00   0.0000000E+00   0.0000000E+00   0.0000000E+00   0.0000000E+00   0.0000000E+00   0.0000000E+00   0.0000000E+00   0.0000000E+00   0.0000000E+00   0.0000000E+00   0.0000000E+00   0.0000000E+00   0.0000000E+00   0.0000000E+00   0.0000000E+00   0.0000000E+00   0.0000000E+00   0.0000000E+00   0.0000000E+00   0.0000000E+00   0.0000000E+00   0.0000000E+00   0.0000000E+00   0.0000000E+00   0.0000000E+00   0.0000000E+00   0.0000000E+00   0.0000000E+00   0.0000000E+00   0.0000000E+00   0.0000000E+00   0.0000000E+00   0.0000000E+00   0.0000000E+00   0.0000000E+00   0.0000000E+00   0.0000000E+00   0.0000000E+00   0.0000000E+00   0.0000000E+00   0.0000000E+00   0.0000000E+00   0.0000000E+00   0.0000000E+00   0.0000000E+00   0.0000000E+00   0.0000000E+00   0.0000000E+00   0.0000000E+00   0.0000000E+00   0.0000000E+00   0.0000000E+00   0.0000000E+00   0.0000000E+00   0.0000000E+00   0.0000000E+00   0.0000000E+00   0.0000000E+00   0.0000000E+00   0.0000000E+00   0.0000000E+00   0.0000000E+00   0.0000000E+00   0.0000000E+00   0.0000000E+00   0.0000000E+00   0.0000000E+00   4.2579741E-15   3.3606269E-15   3.0700614E-15   4.0556547E-15   1.2903470E-15   1.6207520E-15   2.8799097E-15   1.4298387E-15   2.4754464E-15   2.7811133E-15   4.2565701E-15   4.8009353E-15   6.3451619E-15   7.5154963E-15   1.7896785E-14   2.4445976E-14   9.7149231E-14   3.7268189E-13   2.6456764E-13   1.2218445E-19   2.3444583E-22   5.0407155E-21   0.0000000E+00   0.0000000E+00   0.0000000E+00   0.0000000E+00   5.4639416E-23
   0.0000000E+00   0.0000000E+00   0.0000000E+00   0.0000000E+00   0.0000000E+00   0.0000000E+00   0.0000000E+00   0.0000000E+00   0.0000000E+00   0.0000000E+00   0.0000000E+00   0.0000000E+00   0.0000000E+00   0.0000000E+00   0.0000000E+00   0.0000000E+00   0.0000000E+00   0.0000000E+00   0.0000000E+00   0.0000000E+00   0.0000000E+00   0.0000000E+00   0.0000000E+00   0.0000000E+00   0.0000000E+00   0.0000000E+00   0.0000000E+00   0.0000000E+00   0.0000000E+00   0.0000000E+00   0.0000000E+00   0.0000000E+00   0.0000000E+00   0.0000000E+00   0.0000000E+00   0.0000000E+00   0.0000000E+00   0.0000000E+00   0.0000000E+00   0.0000000E+00   0.0000000E+00   0.0000000E+00   0.0000000E+00   0.0000000E+00   0.0000000E+00   0.0000000E+00   0.0000000E+00   0.0000000E+00   0.0000000E+00   0.0000000E+00   0.0000000E+00   0.0000000E+00   0.0000000E+00   0.0000000E+00   0.0000000E+00   0.0000000E+00   0.0000000E+00   0.0000000E+00   0.0000000E+00   0.0000000E+00   0.0000000E+00   0.0000000E+00   0.0000000E+00   0.0000000E+00   0.0000000E+00   0.0000000E+00   0.0000000E+00   0.0000000E+00   0.0000000E+00   0.0000000E+00   0.0000000E+00   0.0000000E+00   0.0000000E+00   3.1422193E-15   0.0000000E+00   2.3378556E-15   2.9910607E-15   9.4952362E-16   1.2007984E-15   2.1271843E-15   1.0506884E-15   1.7880711E-15   2.0212269E-15   3.1312233E-15   3.6349170E-15   4.9060072E-15   5.9548585E-15   7.4672299E-15   1.1196707E-14   4.9814035E-14   1.9901306E-13   1.1252806E-13   5.4441461E-20   1.0998256E-22   3.1886310E-21   0.0000000E+00   0.0000000E+00   0.0000000E+00   0.0000000E+00   3.3071154E-23
   0.0000000E+00   0.0000000E+00   0.0000000E+00   0.0000000E+00   0.0000000E+00   0.0000000E+00   0.0000000E+00   0.0000000E+00   0.0000000E+00   0.0000000E+00   0.0000000E+00   0.0000000E+00   0.0000000E+00   0.0000000E+00   0.0000000E+00   0.0000000E+00   0.0000000E+00   0.0000000E+00   0.0000000E+00   0.0000000E+00   0.0000000E+00   0.0000000E+00   0.0000000E+00   0.0000000E+00   0.0000000E+00   0.0000000E+00   0.0000000E+00   0.0000000E+00   0.0000000E+00   0.0000000E+00   0.0000000E+00   0.0000000E+00   0.0000000E+00   0.0000000E+00   0.0000000E+00   0.0000000E+00   0.0000000E+00   0.0000000E+00   0.0000000E+00   0.0000000E+00   0.0000000E+00   0.0000000E+00   0.0000000E+00   0.0000000E+00   0.0000000E+00   0.0000000E+00   0.0000000E+00   0.0000000E+00   0.0000000E+00   0.0000000E+00   0.0000000E+00   0.0000000E+00   0.0000000E+00   0.0000000E+00   0.0000000E+00   0.0000000E+00   0.0000000E+00   0.0000000E+00   0.0000000E+00   0.0000000E+00   0.0000000E+00   0.0000000E+00   0.0000000E+00   0.0000000E+00   0.0000000E+00   0.0000000E+00   0.0000000E+00   0.0000000E+00   0.0000000E+00   0.0000000E+00   0.0000000E+00   0.0000000E+00   0.0000000E+00   0.0000000E+00   0.0000000E+00   1.7782180E-15   2.1966173E-15   0.0000000E+00   8.9180203E-16   1.5692858E-15   7.7087352E-16   1.2918561E-15   1.4719704E-15   2.3097557E-15   2.7581095E-15   3.8040660E-15   4.7430436E-15   6.2618181E-15   9.6262965E-15   2.6488635E-14   1.0662389E-13   4.7891029E-14   2.4205667E-20   5.2015869E-23   2.0247919E-21   0.0000000E+00   0.0000000E+00   0.0000000E+00   0.0000000E+00   2.0018379E-23
   0.0000000E+00   0.0000000E+00   0.0000000E+00   0.0000000E+00   0.0000000E+00   0.0000000E+00   0.0000000E+00   0.0000000E+00   0.0000000E+00   0.0000000E+00   0.0000000E+00   0.0000000E+00   0.0000000E+00   0.0000000E+00   0.0000000E+00   0.0000000E+00   0.0000000E+00   0.0000000E+00   0.0000000E+00   0.0000000E+00   0.0000000E+00   0.0000000E+00   0.0000000E+00   0.0000000E+00   0.0000000E+00   0.0000000E+00   0.0000000E+00   0.0000000E+00   0.0000000E+00   0.0000000E+00   0.0000000E+00   0.0000000E+00   0.0000000E+00   0.0000000E+00   0.0000000E+00   0.0000000E+00   0.0000000E+00   0.0000000E+00   0.0000000E+00   0.0000000E+00   0.0000000E+00   0.0000000E+00   0.0000000E+00   0.0000000E+00   0.0000000E+00   0.0000000E+00   0.0000000E+00   0.0000000E+00   0.0000000E+00   0.0000000E+00   0.0000000E+00   0.0000000E+00   0.0000000E+00   0.0000000E+00   0.0000000E+00   0.0000000E+00   0.0000000E+00   0.0000000E+00   0.0000000E+00   0.0000000E+00   0.0000000E+00   0.0000000E+00   0.0000000E+00   0.0000000E+00   0.0000000E+00   0.0000000E+00   0.0000000E+00   0.0000000E+00   0.0000000E+00   0.0000000E+00   0.0000000E+00   0.0000000E+00   0.0000000E+00   0.0000000E+00   0.0000000E+00   1.3511161E-15   1.5870606E-15   0.0000000E+00   6.6368822E-16   1.1563233E-15   5.6486017E-16   9.3381327E-16   1.0742179E-15   1.7085906E-15   2.0976902E-15   2.9587778E-15   3.7976341E-15   5.2481780E-15   8.0174802E-15   1.4548020E-14   5.7283056E-14   2.0392789E-14   1.0746420E-20   2.4798837E-23   1.2905944E-21   0.0000000E+00   0.0000000E+00   0.0000000E+00   0.0000000E+00   1.2119273E-23
   0.0000000E+00   0.0000000E+00   0.0000000E+00   0.0000000E+00   0.0000000E+00   0.0000000E+00   0.0000000E+00   0.0000000E+00   0.0000000E+00   0.0000000E+00   0.0000000E+00   0.0000000E+00   0.0000000E+00   0.0000000E+00   0.0000000E+00   0.0000000E+00   0.0000000E+00   0.0000000E+00   0.0000000E+00   0.0000000E+00   0.0000000E+00   0.0000000E+00   0.0000000E+00   0.0000000E+00   0.0000000E+00   0.0000000E+00   0.0000000E+00   0.0000000E+00   0.0000000E+00   0.0000000E+00   0.0000000E+00   0.0000000E+00   0.0000000E+00   0.0000000E+00   0.0000000E+00   0.0000000E+00   0.0000000E+00   0.0000000E+00   0.0000000E+00   0.0000000E+00   0.0000000E+00   0.0000000E+00   0.0000000E+00   0.0000000E+00   0.0000000E+00   0.0000000E+00   0.0000000E+00   0.0000000E+00   0.0000000E+00   0.0000000E+00   0.0000000E+00   0.0000000E+00   0.0000000E+00   0.0000000E+00   0.0000000E+00   0.0000000E+00   0.0000000E+00   0.0000000E+00   0.0000000E+00   0.0000000E+00   0.0000000E+00   0.0000000E+00   0.0000000E+00   0.0000000E+00   0.0000000E+00   0.0000000E+00   0.0000000E+00   0.0000000E+00   0.0000000E+00   0.0000000E+00   0.0000000E+00   0.0000000E+00   0.0000000E+00   0.0000000E+00   0.0000000E+00   1.0244514E-15   1.1478690E-15   0.0000000E+00   4.9752963E-16   8.5104926E-16   4.1349655E-16   6.7549649E-16   7.8562893E-16   1.2675151E-15   1.5993735E-15   2.3089769E-15   3.0553751E-15   4.3869573E-15   6.5630963E-15   8.2118455E-15   3.0846074E-14   8.6874418E-15   4.7652078E-21   1.1633572E-23   0.0000000E+00   0.0000000E+00   0.0000000E+00   0.0000000E+00   0.0000000E+00   7.3366707E-24
   0.0000000E+00   0.0000000E+00   0.0000000E+00   0.0000000E+00   0.0000000E+00   0.0000000E+00   0.0000000E+00   0.0000000E+00   0.0000000E+00   0.0000000E+00   0.0000000E+00   0.0000000E+00   0.0000000E+00   0.0000000E+00   0.0000000E+00   0.0000000E+00   0.0000000E+00   0.0000000E+00   0.0000000E+00   0.0000000E+00   0.0000000E+00   0.0000000E+00   0.0000000E+00   0.0000000E+00   0.0000000E+00   0.0000000E+00   0.0000000E+00   0.0000000E+00   0.0000000E+00   0.0000000E+00   0.0000000E+00   0.0000000E+00   0.0000000E+00   0.0000000E+00   0.0000000E+00   0.0000000E+00   0.0000000E+00   0.0000000E+00   0.0000000E+00   0.0000000E+00   0.0000000E+00   0.0000000E+00   0.0000000E+00   0.0000000E+00   0.0000000E+00   0.0000000E+00   0.0000000E+00   0.0000000E+00   0.0000000E+00   0.0000000E+00   0.0000000E+00   0.0000000E+00   0.0000000E+00   0.0000000E+00   0.0000000E+00   0.0000000E+00   0.0000000E+00   0.0000000E+00   0.0000000E+00   0.0000000E+00   0.0000000E+00   0.0000000E+00   0.0000000E+00   0.0000000E+00   0.0000000E+00   0.0000000E+00   0.0000000E+00   0.0000000E+00   0.0000000E+00   0.0000000E+00   0.0000000E+00   0.0000000E+00   0.0000000E+00   0.0000000E+00   0.0000000E+00   7.7891705E-16   8.3105515E-16   0.0000000E+00   3.7131839E-16   6.3031713E-16   3.0473794E-16   4.8909106E-16   5.7583439E-16   9.4305324E-16   1.2226549E-15   1.8082076E-15   2.4686959E-15   3.6601064E-15   5.5596685E-15   1.2093082E-14   2.9713448E-14   6.6553793E-16   2.1098887E-21   5.4753100E-24   0.0000000E+00   0.0000000E+00   0.0000000E+00   0.0000000E+00   0.0000000E+00   4.4425802E-24
