   0.0000000E+00   0.0000000E+00   0.0000000E+00   0.0000000E+00   0.0000000E+00   0.0000000E+00   0.0000000E+00   0.0000000E+00   0.0000000E+00   0.0000000E+00   0.0000000E+00   0.0000000E+00   0.0000000E+00   0.0000000E+00   0.0000000E+00   0.0000000E+00   0.0000000E+00   0.0000000E+00   0.0000000E+00   0.0000000E+00   0.0000000E+00   0.0000000E+00   0.0000000E+00   0.0000000E+00   0.0000000E+00   0.0000000E+00   0.0000000E+00   0.0000000E+00   0.0000000E+00   0.0000000E+00   0.0000000E+00   0.0000000E+00   0.0000000E+00   0.0000000E+00   0.0000000E+00   0.0000000E+00   0.0000000E+00   0.0000000E+00   0.0000000E+00   0.0000000E+00   0.0000000E+00   0.0000000E+00   0.0000000E+00   0.0000000E+00   0.0000000E+00   0.0000000E+00   0.0000000E+00   0.0000000E+00   0.0000000E+00   0.0000000E+00   0.0000000E+00   0.0000000E+00   0.0000000E+00   0.0000000E+00   0.0000000E+00   0.0000000E+00   0.0000000E+00   0.0000000E+00   0.0000000E+00   0.0000000E+00   0.0000000E+00   0.0000000E+00   0.0000000E+00   0.0000000E+00   0.0000000E+00   0.0000000E+00   0.0000000E+00   0.0000000E+00   0.0000000E+00   0.0000000E+00   0.0000000E+00   0.0000000E+00   0.0000000E+00   0.0000000E+00   0.0000000E+00   0.0000000E+00   0.0000000E+00   0.0000000E+00   0.0000000E+00   0.0000000E+00   0.0000000E+00   0.0000000E+00   0.0000000E+00   0.0000000E+00   0.0000000E+00   0.0000000E+00   0.0000000E+00   0.0000000E+00   0.0000000E+00   0.0000000E+00   0.0000000E+00   0.0000000E+00   0.0000000E+00   0.0000000E+00   0.0000000E+00   0.0000000E+00   0.0000000E+00   0.0000000E+00   0.0000000E+00   0.0000000E+00
   0.0000000E+00   0.0000000E+00   0.0000000E+00   0.0000000E+00   0.0000000E+00   0.0000000E+00   0.0000000E+00   0.0000000E+00   0.0000000E+00   0.0000000E+00   0.0000000E+00   0.0000000E+00   0.0000000E+00   0.0000000E+00   0.0000000E+00   0.0000000E+00   0.0000000E+00   0.0000000E+00   0.0000000E+00   0.0000000E+00   0.0000000E+00   0.0000000E+00   0.0000000E+00   0.0000000E+00   0.0000000E+00   0.0000000E+00   0.0000000E+00   0.0000000E+00   0.0000000E+00   0.0000000E+00   0.0000000E+00   0.0000000E+00   0.0000000E+00   0.0000000E+00   0.0000000E+00   0.0000000E+00   0.0000000E+00   0.0000000E+00   0.0000000E+00   0.0000000E+00   0.0000000E+00   0.0000000E+00   0.0000000E+00   0.0000000E+00   0.0000000E+00   0.0000000E+00   0.0000000E+00   0.0000000E+00   0.0000000E+00   0.0000000E+00   0.0000000E+00   0.0000000E+00   0.0000000E+00   0.0000000E+00   0.0000000E+00   0.0000000E+00   0.0000000E+00   0.0000000E+00   0.0000000E+00   0.0000000E+00   0.0000000E+00   0.0000000E+00   0.0000000E+00   0.0000000E+00   0.0000000E+00   0.0000000E+00   0.0000000E+00   0.0000000E+00   0.0000000E+00   0.0000000E+00   0.0000000E+00   0.0000000E+00   0.0000000E+00   0.0000000E+00   0.0000000E+00   0.0000000E+00   0.0000000E+00   0.0000000E+00   0.0000000E+00   0.0000000E+00   0.0000000E+00   0.0000000E+00   0.0000000E+00   0.0000000E+00   0.0000000E+00   0.0000000E+00   0.0000000E+00   0.0000000E+00   0.0000000E+00   0.0000000E+00   0.0000000E+00   0.0000000E+00   0.0000000E+00   0.0000000E+00   0.0000000E+00   0.0000000E+00   0.0000000E+00   0.0000000E+00   0.0000000E+00   0.0000000E+00
   0.0000000E+00   0.0000000E+00   0.0000000E+00   0.0000000E+00   0.0000000E+00   0.0000000E+00   3.2875211E-12   4.4393562E-11   2.6222766E-10   7.4654039E-10   1.4573720E-09   2.3249889E-09   3.4631567E-09   4.9046953E-09   6.6825891E-09   8.8300522E-09   1.1380535E-08   1.4367691E-08   1.7825315E-08   2.1787251E-08   2.6287282E-08   3.1358997E-08   3.7035640E-08   4.3349939E-08   5.0333927E-08   5.8018745E-08   6.6434417E-08   7.5609627E-08   8.5571486E-08   9.6345282E-08   1.0795420E-07   1.2041906E-07   1.3375805E-07   1.4798643E-07   1.6311623E-07   1.7915599E-07   1.9611046E-07   2.1398027E-07   2.3276169E-07   2.5244634E-07   2.7302087E-07   2.9446684E-07   3.1676024E-07   3.3987146E-07   3.6376503E-07   3.8839940E-07   4.1372678E-07   4.3969300E-07   4.6623745E-07   4.9329293E-07   5.2078576E-07   5.4863551E-07   5.7675533E-07   6.0505192E-07   6.3342560E-07   6.6177051E-07   6.8997491E-07   7.1792141E-07   7.4548728E-07   7.7254487E-07   7.9896188E-07   8.2460213E-07   8.4932594E-07   8.7299071E-07   8.9545159E-07   9.1656239E-07   9.3617609E-07   9.5414578E-07   9.7032569E-07   9.8457201E-07   9.9674401E-07   1.0067050E-06   1.0143236E-06   1.0194750E-06   1.0220418E-06   1.0219163E-06   1.0190008E-06   1.0132098E-06   1.0044712E-06   9.9272813E-07   9.7794009E-07   9.6008546E-07   9.3916236E-07   9.1519104E-07   8.8821548E-07   8.5830516E-07   8.2555709E-07   7.9009754E-07   7.5208385E-07   7.1170621E-07   6.6918932E-07   6.2479404E-07   5.7881846E-07   5.3159914E-07   4.8351188E-07   4.2981287E-07   3.8031143E-07   3.3106966E-07   2.7704326E-07   2.3680812E-07
   0.0000000E+00   0.0000000E+00   0.0000000E+00   0.0000000E+00   0.0000000E+00   0.0000000E+00   3.2501367E-12   4.3964252E-11   2.5509933E-10   7.1392342E-10   1.3735926E-09   2.1657478E-09   3.1890772E-09   4.4659663E-09   6.0181584E-09   7.8669018E-09   1.0033047E-08   1.2537103E-08   1.5399268E-08   1.8639446E-08   2.2277245E-08   2.6331959E-08   3.0822537E-08   3.5767556E-08   4.1185171E-08   4.7093046E-08   5.3508312E-08   6.0447469E-08   6.7926337E-08   7.5959925E-08   8.4562359E-08   9.3746785E-08   1.0352522E-07   1.1390848E-07   1.2490598E-07   1.3652567E-07   1.4877385E-07   1.6165501E-07   1.7517171E-07   1.8932437E-07   2.0411112E-07   2.1952765E-07   2.3556697E-07   2.5221928E-07   2.6947174E-07   2.8730832E-07   3.0570956E-07   3.2465238E-07   3.4410994E-07   3.6405140E-07   3.8444173E-07   4.0524154E-07   4.2640681E-07   4.4788891E-07   4.6963419E-07   4.9158405E-07   5.1367465E-07   5.3583676E-07   5.5799580E-07   5.8007163E-07   6.0197846E-07   6.2362494E-07   6.4491422E-07   6.6574364E-07   6.8600525E-07   7.0558571E-07   7.2436666E-07   7.4222476E-07   7.5903245E-07   7.7465791E-07   7.8896619E-07   8.0181945E-07   8.1307786E-07   8.2260078E-07   8.3024753E-07   8.3587901E-07   8.3935879E-07   8.4055500E-07   8.3934196E-07   8.3560235E-07   8.2922935E-07   8.2012912E-07   8.0822315E-07   7.9345148E-07   7.7577522E-07   7.5517983E-07   7.3167826E-07   7.0531422E-07   6.7616531E-07   6.4434585E-07   6.0995939E-07   5.7199389E-07   5.3283225E-07   4.8397180E-07   1.9937337E-07   0.0000000E+00   0.0000000E+00   0.0000000E+00   0.0000000E+00   0.0000000E+00
   0.0000000E+00   0.0000000E+00   0.0000000E+00   0.0000000E+00   0.0000000E+00   0.0000000E+00   3.2730333E-12   4.4226883E-11   2.5615143E-10   7.1601580E-10   1.3765954E-09   2.1700592E-09   3.1948817E-09   4.4733848E-09   6.0272214E-09   7.8775173E-09   1.0044963E-08   1.2549867E-08   1.5412189E-08   1.8651546E-08   2.2287212E-08   2.6338100E-08   3.0822736E-08   3.5759228E-08   4.1165215E-08   4.7057821E-08   5.3453586E-08   6.0368421E-08   6.7817517E-08   7.5815258E-08   8.4375166E-08   9.3509776E-08   1.0323054E-07   1.1354773E-07   1.2447032E-07   1.3600587E-07   1.4816034E-07   1.6093804E-07   1.7434145E-07   1.8837102E-07   2.0302508E-07   2.1829963E-07   2.3418819E-07   2.5068158E-07   2.6776780E-07   2.8543178E-07   3.0365518E-07   3.2241624E-07   3.4168951E-07   3.6144564E-07   3.8165129E-07   4.0226874E-07   4.2325561E-07   4.4456533E-07   4.6614591E-07   4.8794038E-07   5.0988666E-07   5.3191701E-07   5.5395822E-07   5.7593138E-07   5.9775169E-07   6.1932860E-07   6.4056559E-07   6.6136039E-07   6.8160489E-07   7.0118540E-07   7.1998289E-07   7.3787317E-07   7.5472735E-07   7.7041244E-07   7.8479161E-07   7.9772531E-07   8.0907199E-07   8.1868887E-07   8.2643339E-07   8.3216440E-07   8.3574366E-07   8.3703736E-07   8.3591817E-07   8.3226712E-07   8.2597575E-07   8.1694867E-07   8.0510580E-07   7.9038540E-07   7.7274655E-07   7.5217207E-07   7.2867169E-07   7.0228464E-07   6.7308275E-07   6.4117103E-07   6.0661955E-07   5.6876684E-07   5.2903613E-07   4.6698059E-07   5.9050763E-08   0.0000000E+00   0.0000000E+00   0.0000000E+00   0.0000000E+00   0.0000000E+00
   0.0000000E+00   0.0000000E+00   0.0000000E+00   0.0000000E+00   0.0000000E+00   0.0000000E+00   3.2960871E-12   4.4491032E-11   2.5720859E-10   7.1812595E-10   1.3796594E-09   2.1745250E-09   3.2010297E-09   4.4814978E-09   6.0375802E-09   7.8903986E-09   1.0060637E-08   1.2568591E-08   1.5434205E-08   1.8677078E-08   2.2316460E-08   2.6371234E-08   3.0859894E-08   3.5800507E-08   4.1210665E-08   4.7107442E-08   5.3507314E-08   6.0426132E-08   6.7878993E-08   7.5880230E-08   8.4443244E-08   9.3580468E-08   1.0330326E-07   1.1362177E-07   1.2454484E-07   1.3607986E-07   1.4823267E-07   1.6100743E-07   1.7440641E-07   1.8842992E-07   2.0307607E-07   2.1834069E-07   2.3421708E-07   2.5069588E-07   2.6776485E-07   2.8540870E-07   3.0360891E-07   3.2234345E-07   3.4158674E-07   3.6130922E-07   3.8147729E-07   4.0205299E-07   4.2299396E-07   4.4425346E-07   4.6577932E-07   4.8751463E-07   5.0939707E-07   5.3135898E-07   5.5332720E-07   5.7522288E-07   5.9696140E-07   6.1845230E-07   6.3959942E-07   6.6030077E-07   6.8044858E-07   6.9992961E-07   7.1862536E-07   7.3641212E-07   7.5316177E-07   7.6874181E-07   7.8301622E-07   7.9584629E-07   8.0709111E-07   8.1660880E-07   8.2425754E-07   8.2989692E-07   8.3338932E-07   8.3460156E-07   8.3340677E-07   8.2968614E-07   8.2333128E-07   8.1424628E-07   8.0235031E-07   7.8758001E-07   7.6989198E-07   7.4926550E-07   7.2570464E-07   6.9924107E-07   6.6993550E-07   6.3787729E-07   6.0311720E-07   5.6518746E-07   5.2406727E-07   4.4519396E-07   2.5488816E-08   0.0000000E+00   0.0000000E+00   0.0000000E+00   0.0000000E+00   0.0000000E+00
   0.0000000E+00   0.0000000E+00   0.0000000E+00   0.0000000E+00   0.0000000E+00   0.0000000E+00   3.3192962E-12   4.4756684E-11   2.5826946E-10   7.2024076E-10   1.3827304E-09   2.1789994E-09   3.2071881E-09   4.4896220E-09   6.0479501E-09   7.9032878E-09   1.0076112E-08   1.2585495E-08   1.5452004E-08   1.8702552E-08   2.2345500E-08   2.6385777E-08   3.0896810E-08   3.5841097E-08   4.1205823E-08   4.7090705E-08   5.3475890E-08   6.0482577E-08   6.7938821E-08   7.5943035E-08   8.4508535E-08   9.3647635E-08   1.0337153E-07   1.1369024E-07   1.2461243E-07   1.3614533E-07   1.4829460E-07   1.6106416E-07   1.7445610E-07   1.8847048E-07   2.0310519E-07   2.1835565E-07   2.3419584E-07   2.4899438E-07   2.6581401E-07   2.8318269E-07   3.0108043E-07   3.1948389E-07   3.3836616E-07   3.5769702E-07   3.7749558E-07   4.0172648E-07   4.2260746E-07   4.4380133E-07   4.6525591E-07   4.8691413E-07   5.0871375E-07   5.3058716E-07   5.5246119E-07   5.7425717E-07   5.9589087E-07   6.1727206E-07   6.3830510E-07   6.5888838E-07   6.7891483E-07   6.9827195E-07   7.1684195E-07   7.3450207E-07   7.5112501E-07   7.6657943E-07   7.8073037E-07   7.9344017E-07   8.0456897E-07   8.1397610E-07   8.2152070E-07   8.2706339E-07   8.3046729E-07   8.3160000E-07   8.3033478E-07   8.2655305E-07   8.2014577E-07   8.1101598E-07   7.9908062E-07   7.8427286E-07   7.6654413E-07   7.4586575E-07   7.2223071E-07   6.9565425E-07   6.6618168E-07   6.3389672E-07   5.9890704E-07   5.6085383E-07   5.1705746E-07   4.1776480E-07   7.7540516E-09   0.0000000E+00   0.0000000E+00   0.0000000E+00   0.0000000E+00   0.0000000E+00
   0.0000000E+00   0.0000000E+00   0.0000000E+00   0.0000000E+00   0.0000000E+00   0.0000000E+00   3.3426619E-12   4.5023839E-11   2.5933408E-10   7.2236017E-10   1.3858081E-09   2.1834825E-09   3.2133569E-09   4.4977573E-09   6.0583303E-09   7.9161833E-09   1.0091574E-08   1.2603485E-08   1.5472551E-08   1.8727958E-08   2.2374390E-08   2.6412856E-08   3.0933442E-08   3.5881172E-08   4.1234351E-08   4.7117840E-08   5.3501200E-08   6.0537531E-08   6.7996659E-08   7.6003253E-08   8.4570459E-08   9.3706831E-08   1.0302580E-07   1.1375184E-07   1.2467144E-07   1.3620019E-07   1.4834337E-07   1.6109306E-07   1.7335528E-07   1.8848758E-07   2.0310613E-07   2.1833661E-07   2.3412748E-07   2.4827841E-07   2.6497116E-07   2.8219748E-07   2.9993635E-07   3.1816333E-07   3.3685055E-07   3.5596833E-07   3.7560096E-07   4.0124939E-07   4.2205036E-07   4.4315689E-07   4.6451666E-07   4.8607251E-07   5.0776219E-07   5.2951822E-07   5.5126765E-07   5.7293215E-07   5.9442783E-07   6.1566521E-07   6.3654909E-07   6.5697895E-07   6.7684857E-07   6.9604653E-07   7.1445641E-07   7.3195662E-07   7.4842154E-07   7.6372118E-07   7.7772228E-07   7.9028871E-07   8.0128234E-07   8.1056385E-07   8.1799396E-07   8.2343439E-07   8.2674933E-07   8.2780679E-07   8.2648040E-07   8.2265069E-07   8.1620720E-07   8.0705018E-07   7.9509186E-07   7.8025823E-07   7.6248995E-07   7.4174295E-07   7.1799019E-07   6.9122450E-07   6.6148283E-07   6.2889234E-07   5.9371814E-07   5.5546224E-07   5.0766039E-07   3.8556269E-07   3.6461301E-10   0.0000000E+00   0.0000000E+00   0.0000000E+00   0.0000000E+00   0.0000000E+00
   0.0000000E+00   0.0000000E+00   0.0000000E+00   0.0000000E+00   0.0000000E+00   0.0000000E+00   3.3661849E-12   4.5292509E-11   2.6040239E-10   7.2448431E-10   1.3888927E-09   2.1879745E-09   3.2195360E-09   4.5059037E-09   6.0687197E-09   7.9290823E-09   1.0106960E-08   1.2621334E-08   1.5492873E-08   1.8753283E-08   2.2403109E-08   2.6439102E-08   3.0969744E-08   3.5920653E-08   4.1260311E-08   4.7141448E-08   5.3521976E-08   6.0590736E-08   6.8052174E-08   7.6060402E-08   8.4628347E-08   9.3759901E-08   1.0296554E-07   1.1380511E-07   1.2472002E-07   1.3624199E-07   1.4837582E-07   1.6109854E-07   1.7299249E-07   1.8673221E-07   2.0304516E-07   2.1593461E-07   2.3399913E-07   2.4734911E-07   2.6387639E-07   2.8091628E-07   2.9844622E-07   3.1644021E-07   3.3486890E-07   3.5370414E-07   3.7311477E-07   4.0056892E-07   4.2126180E-07   4.4225021E-07   4.6348174E-07   4.8489909E-07   5.0644002E-07   5.2803728E-07   5.4961828E-07   5.7110520E-07   5.9241495E-07   6.1345861E-07   6.3414262E-07   6.5436745E-07   6.7402863E-07   6.9301632E-07   7.1121610E-07   7.2850855E-07   7.4477020E-07   7.5987350E-07   7.7368747E-07   7.8607849E-07   7.9691068E-07   8.0604661E-07   8.1335207E-07   8.1868484E-07   8.2191269E-07   8.2290410E-07   8.2153207E-07   8.1767536E-07   8.1122016E-07   8.0206070E-07   7.9010022E-07   7.7525118E-07   7.5743446E-07   7.3657986E-07   7.1262974E-07   6.8555516E-07   6.5541730E-07   6.2247454E-07   5.8719854E-07   5.4862772E-07   4.9540586E-07   3.4973479E-07   0.0000000E+00   0.0000000E+00   0.0000000E+00   0.0000000E+00   0.0000000E+00   0.0000000E+00
   0.0000000E+00   0.0000000E+00   0.0000000E+00   0.0000000E+00   0.0000000E+00   0.0000000E+00   3.3898663E-12   4.5562703E-11   2.6147445E-10   7.2661316E-10   1.3919841E-09   2.1924751E-09   3.2257250E-09   4.5140602E-09   6.0791181E-09   7.9419840E-09   1.0122259E-08   1.2639027E-08   1.5512942E-08   1.8778513E-08   2.2431633E-08   2.6464409E-08   3.1005673E-08   3.5959463E-08   4.1283343E-08   4.7161027E-08   5.3537526E-08   6.0641895E-08   6.8104953E-08   7.6113935E-08   8.4681425E-08   9.3805689E-08   1.0287848E-07   1.1384833E-07   1.2475584E-07   1.3626780E-07   1.4838807E-07   1.6107492E-07   1.7252449E-07   1.8618125E-07   2.0293169E-07   2.1512210E-07   2.3379397E-07   2.4614550E-07   2.6245576E-07   2.7925006E-07   2.9650340E-07   3.1418753E-07   3.3227096E-07   3.5072807E-07   3.6983627E-07   3.9961216E-07   4.2015708E-07   4.4098363E-07   4.6203897E-07   4.8326581E-07   5.0460199E-07   5.2598045E-07   5.4732936E-07   5.6857164E-07   5.8962524E-07   6.1040294E-07   6.3081274E-07   6.5075727E-07   6.7013440E-07   6.8883725E-07   7.0675435E-07   7.2376940E-07   7.3976264E-07   7.5461003E-07   7.6818424E-07   7.8035521E-07   7.9099044E-07   7.9995499E-07   8.0711607E-07   8.1233730E-07   8.1548563E-07   8.1642929E-07   8.1503953E-07   8.1119168E-07   8.0476582E-07   7.9564467E-07   7.8371505E-07   7.6886522E-07   7.5097893E-07   7.2993600E-07   7.0566102E-07   6.7811396E-07   6.4744864E-07   6.1416114E-07   5.7889929E-07   5.3987100E-07   4.7993069E-07   3.1120308E-07   0.0000000E+00   0.0000000E+00   0.0000000E+00   0.0000000E+00   0.0000000E+00   0.0000000E+00
   0.0000000E+00   0.0000000E+00   0.0000000E+00   0.0000000E+00   0.0000000E+00   0.0000000E+00   3.4137070E-12   4.5834423E-11   2.6255026E-10   7.2874667E-10   1.3950824E-09   2.1969842E-09   3.2319243E-09   4.5222266E-09   6.0895249E-09   7.9548865E-09   1.0137462E-08   1.2656546E-08   1.5532732E-08   1.8803638E-08   2.2459940E-08   2.6488671E-08   3.1041171E-08   3.5997509E-08   4.1303053E-08   4.7175995E-08   5.3547055E-08   6.0690681E-08   6.8154527E-08   7.6163197E-08   8.4728804E-08   9.3842807E-08   1.0275922E-07   1.1387932E-07   1.2477611E-07   1.3627393E-07   1.4837532E-07   1.6102075E-07   1.7245475E-07   1.8547213E-07   2.0275155E-07   2.1407446E-07   2.3349000E-07   2.4458791E-07   2.6061213E-07   2.7708100E-07   2.9396605E-07   3.1123557E-07   3.2885492E-07   3.4680210E-07   3.6549287E-07   3.9827725E-07   4.1861745E-07   4.3921929E-07   4.6002958E-07   4.8099076E-07   5.0204079E-07   5.2311321E-07   5.4413698E-07   5.6503632E-07   5.8573107E-07   6.0613633E-07   6.2616266E-07   6.4571611E-07   6.6469846E-07   6.8300710E-07   7.0053517E-07   7.1717153E-07   7.3280199E-07   7.4730792E-07   7.6056767E-07   7.7245642E-07   7.8284666E-07   7.9160679E-07   7.9860655E-07   8.0371700E-07   8.0680314E-07   8.0773219E-07   8.0637153E-07   8.0258968E-07   7.9625767E-07   7.8724372E-07   7.7539141E-07   7.6055210E-07   7.4256553E-07   7.2121321E-07   6.9645768E-07   6.6826715E-07   6.3697502E-07   6.0334196E-07   5.6828173E-07   5.2886634E-07   4.6090739E-07   2.7087395E-07   0.0000000E+00   0.0000000E+00   0.0000000E+00   0.0000000E+00   0.0000000E+00   0.0000000E+00
   0.0000000E+00   0.0000000E+00   0.0000000E+00   0.0000000E+00   0.0000000E+00   0.0000000E+00   3.4377080E-12   4.6107680E-11   2.6362981E-10   7.3088485E-10   1.3981873E-09   2.2015021E-09   3.2381331E-09   4.5304032E-09   6.0999388E-09   7.9677873E-09   1.0152560E-08   1.2673874E-08   1.5552217E-08   1.8828638E-08   2.2487997E-08   2.6511762E-08   3.1076187E-08   3.6034681E-08   4.1318980E-08   4.7185683E-08   5.3549634E-08   6.0736696E-08   6.8200336E-08   7.6207407E-08   8.4769383E-08   9.3869573E-08   1.0260123E-07   1.1389544E-07   1.2477729E-07   1.3625571E-07   1.4833154E-07   1.6092814E-07   1.7232962E-07   1.8456299E-07   2.0248631E-07   2.1272545E-07   2.3305812E-07   2.4257176E-07   2.5821720E-07   2.7425284E-07   2.9064509E-07   3.0735708E-07   3.2434949E-07   3.4160476E-07   3.5971397E-07   3.9642123E-07   4.1647513E-07   4.3676175E-07   4.5722712E-07   4.7781339E-07   4.9845869E-07   5.1909723E-07   5.3965937E-07   5.6007138E-07   5.8025603E-07   6.0013195E-07   6.1961390E-07   6.3861330E-07   6.5703790E-07   6.7479192E-07   6.9177571E-07   7.0788627E-07   7.2301799E-07   7.3706059E-07   7.4990072E-07   7.6142180E-07   7.7150344E-07   7.8001887E-07   7.8684189E-07   7.9185247E-07   7.9491241E-07   7.9588597E-07   7.9463325E-07   7.9101073E-07   7.8487500E-07   7.7606273E-07   7.6435504E-07   7.4954585E-07   7.3139654E-07   7.0962307E-07   6.8417381E-07   6.5513422E-07   6.2315695E-07   5.8940907E-07   5.5486277E-07   5.1495732E-07   4.3776399E-07   2.2977952E-07   0.0000000E+00   0.0000000E+00   0.0000000E+00   0.0000000E+00   0.0000000E+00   0.0000000E+00
   0.0000000E+00   0.0000000E+00   0.0000000E+00   0.0000000E+00   0.0000000E+00   0.0000000E+00   3.4618701E-12   4.6382478E-11   2.6471314E-10   7.3302775E-10   1.4012992E-09   2.2060285E-09   3.2443515E-09   4.5385886E-09   6.1103593E-09   7.9806854E-09   1.0167541E-08   1.2690991E-08   1.5571363E-08   1.8853502E-08   2.2515776E-08   2.6533542E-08   3.1110645E-08   3.6070869E-08   4.1330601E-08   4.7189324E-08   5.3544195E-08   6.0779470E-08   6.8241725E-08   7.6245627E-08   8.4801854E-08   9.3883934E-08   1.0239648E-07   1.1389340E-07   1.2475498E-07   1.3620732E-07   1.4824903E-07   1.6078698E-07   1.7214501E-07   1.8437319E-07   2.0212777E-07   2.1239444E-07   2.3245964E-07   2.3995943E-07   2.5510136E-07   2.7055810E-07   2.8628847E-07   3.0224808E-07   3.1839070E-07   3.3470366E-07   3.5199841E-07   3.9384193E-07   4.1349202E-07   4.3333230E-07   4.5330762E-07   4.7335965E-07   4.9342674E-07   5.1344409E-07   5.3334423E-07   5.5305674E-07   5.7250878E-07   5.9162477E-07   6.1032597E-07   6.2853229E-07   6.4616103E-07   6.6312680E-07   6.7934133E-07   6.9471446E-07   7.0915360E-07   7.2256108E-07   7.3483648E-07   7.4587507E-07   7.5556687E-07   7.6379212E-07   7.7043131E-07   7.7537385E-07   7.7847687E-07   7.7959811E-07   7.7858476E-07   7.7527341E-07   7.6949698E-07   7.6103549E-07   7.4957939E-07   7.3483687E-07   7.1648867E-07   6.9411948E-07   6.6777096E-07   6.3773280E-07   6.0513804E-07   5.7152766E-07   5.3790853E-07   4.9773109E-07   4.1070962E-07   1.8897116E-07   0.0000000E+00   0.0000000E+00   0.0000000E+00   0.0000000E+00   0.0000000E+00   0.0000000E+00
   0.0000000E+00   0.0000000E+00   0.0000000E+00   0.0000000E+00   0.0000000E+00   0.0000000E+00   3.4861946E-12   4.6658830E-11   2.6580022E-10   7.3517531E-10   1.4044178E-09   2.2105633E-09   3.2505794E-09   4.5467834E-09   6.1207852E-09   7.9935782E-09   1.0182394E-08   1.2707878E-08   1.5590137E-08   1.8878209E-08   2.2543242E-08   2.6553860E-08   3.1144477E-08   3.6105927E-08   4.1337323E-08   4.7186035E-08   5.3529476E-08   6.0818458E-08   6.8277892E-08   7.6276741E-08   8.4824613E-08   9.3883372E-08   1.0213513E-07   1.1386911E-07   1.2470365E-07   1.3612133E-07   1.4811796E-07   1.6058439E-07   1.7188415E-07   1.8408538E-07   2.0164769E-07   2.1191043E-07   2.3164282E-07   2.3656996E-07   2.5104080E-07   2.6572206E-07   2.8056175E-07   2.9550469E-07   3.1049458E-07   3.2552333E-07   3.4167661E-07   3.9025318E-07   4.0932960E-07   4.2853350E-07   4.4780788E-07   4.6709351E-07   4.8632916E-07   5.0545174E-07   5.2439731E-07   5.4310044E-07   5.6149537E-07   5.7951559E-07   5.9709299E-07   6.1416063E-07   6.3065050E-07   6.4649373E-07   6.6161925E-07   6.7595721E-07   6.8943410E-07   7.0197166E-07   7.1348830E-07   7.2389685E-07   7.3310207E-07   7.4099427E-07   7.4746356E-07   7.5240951E-07   7.5568141E-07   7.5712575E-07   7.5656800E-07   7.5381377E-07   7.4865767E-07   7.4078451E-07   7.2975826E-07   7.1516564E-07   6.9657591E-07   6.7346110E-07   6.4603120E-07   6.1491113E-07   5.8190233E-07   5.4895889E-07   5.1684970E-07   4.7650548E-07   3.7951204E-07   1.4917735E-07   0.0000000E+00   0.0000000E+00   0.0000000E+00   0.0000000E+00   0.0000000E+00   0.0000000E+00
   0.0000000E+00   0.0000000E+00   0.0000000E+00   0.0000000E+00   0.0000000E+00   0.0000000E+00   3.5106820E-12   4.6936743E-11   2.6689106E-10   7.3732759E-10   1.4075432E-09   2.2151063E-09   3.2568166E-09   4.5549866E-09   6.1312160E-09   8.0064622E-09   1.0197106E-08   1.2724511E-08   1.5608499E-08   1.8902739E-08   2.2570356E-08   2.6572538E-08   3.1177599E-08   3.6139710E-08   4.1338453E-08   4.7174776E-08   5.3504007E-08   6.0852997E-08   6.8307891E-08   7.6299386E-08   8.4835712E-08   9.3864806E-08   1.0180504E-07   1.1381739E-07   1.2461625E-07   1.3598824E-07   1.4792565E-07   1.6030360E-07   1.7152517E-07   1.8367108E-07   2.0100852E-07   2.1122554E-07   2.3053813E-07   2.3216609E-07   2.4574157E-07   2.5938388E-07   2.7302588E-07   2.8659741E-07   3.0002928E-07   3.1344283E-07   3.3815604E-07   3.8525025E-07   4.0350830E-07   4.2180142E-07   4.4006995E-07   4.5825365E-07   4.7629209E-07   4.9412517E-07   5.1169474E-07   5.2894370E-07   5.4581767E-07   5.6226446E-07   5.7823274E-07   5.9367596E-07   6.0854910E-07   6.2280793E-07   6.3640766E-07   6.4930919E-07   6.6146623E-07   6.7282900E-07   6.8334310E-07   6.9294595E-07   7.0156250E-07   7.0909709E-07   7.1545344E-07   7.2054075E-07   7.2419658E-07   7.2624886E-07   7.2648987E-07   7.2467924E-07   7.2055121E-07   7.1363792E-07   7.0333328E-07   6.8905234E-07   6.7019243E-07   6.4626380E-07   6.1764848E-07   5.8553428E-07   5.5253315E-07   5.2086330E-07   4.9101556E-07   4.5101208E-07   3.4473683E-07   1.1198144E-07   0.0000000E+00   0.0000000E+00   0.0000000E+00   0.0000000E+00   0.0000000E+00   0.0000000E+00
   0.0000000E+00   0.0000000E+00   0.0000000E+00   0.0000000E+00   0.0000000E+00   0.0000000E+00   3.5353337E-12   4.7216217E-11   2.6798572E-10   7.3948458E-10   1.4106754E-09   2.2196580E-09   3.2630629E-09   4.5631978E-09   6.1416499E-09   8.0193363E-09   1.0211664E-08   1.2740866E-08   1.5626410E-08   1.8927071E-08   2.2597074E-08   2.6589385E-08   3.1209908E-08   3.6172029E-08   4.1333188E-08   4.7154341E-08   5.3466046E-08   6.0882307E-08   6.8330586E-08   7.6311906E-08   8.4832763E-08   9.3824411E-08   1.0139116E-07   1.1373177E-07   1.2448388E-07   1.3579589E-07   1.4765565E-07   1.5992268E-07   1.7103919E-07   1.8309244E-07   2.0015997E-07   2.1027518E-07   2.2905181E-07   2.2643972E-07   2.3882262E-07   2.5107707E-07   2.6311602E-07   2.7485009E-07   2.8619613E-07   2.9752982E-07   3.3308615E-07   3.7826578E-07   3.9535601E-07   4.1234708E-07   4.2917591E-07   4.4578164E-07   4.6210610E-07   4.7809505E-07   4.9370067E-07   5.0887945E-07   5.2359570E-07   5.3781974E-07   5.5152668E-07   5.6470083E-07   5.7733115E-07   5.8940958E-07   6.0092907E-07   6.1189547E-07   6.2229782E-07   6.3212622E-07   6.4136248E-07   6.4997658E-07   6.5792000E-07   6.6511575E-07   6.7148505E-07   6.7694634E-07   6.8132147E-07   6.8441153E-07   6.8596245E-07   6.8566999E-07   6.8317462E-07   6.7777211E-07   6.6863919E-07   6.5495908E-07   6.3590068E-07   6.1107545E-07   5.8134071E-07   5.4856849E-07   5.1623130E-07   4.8675531E-07   4.6009737E-07   4.2092898E-07   3.0664992E-07   7.8353146E-08   0.0000000E+00   0.0000000E+00   0.0000000E+00   0.0000000E+00   0.0000000E+00   0.0000000E+00
   0.0000000E+00   0.0000000E+00   0.0000000E+00   0.0000000E+00   0.0000000E+00   0.0000000E+00   3.5601504E-12   4.7497267E-11   2.6908414E-10   7.4164630E-10   1.4138142E-09   2.2242177E-09   3.2693181E-09   4.5714166E-09   6.1520868E-09   8.0321980E-09   1.0226053E-08   1.2756916E-08   1.5643824E-08   1.8951182E-08   2.2623349E-08   2.6604175E-08   3.1241296E-08   3.6202685E-08   4.1320604E-08   4.7123311E-08   5.3413544E-08   6.0905450E-08   6.8344576E-08   7.6312276E-08   8.4812811E-08   9.3757450E-08   1.0087476E-07   1.1360397E-07   1.2429504E-07   1.3552851E-07   1.4728657E-07   1.5941281E-07   1.7038795E-07   1.8229889E-07   1.9903450E-07   2.0897201E-07   2.2705719E-07   2.1899733E-07   2.2980056E-07   2.4021588E-07   2.5013230E-07   2.5944007E-07   2.6822329E-07   2.9183317E-07   3.2585800E-07   3.6851984E-07   3.8395399E-07   3.9909941E-07   4.1389040E-07   4.2826784E-07   4.4218027E-07   4.5558539E-07   4.6845415E-07   4.8076629E-07   4.9251599E-07   5.0370892E-07   5.1435933E-07   5.2449604E-07   5.3415494E-07   5.4337619E-07   5.5220272E-07   5.6070166E-07   5.6889792E-07   5.7683309E-07   5.8453264E-07   5.9200528E-07   5.9923474E-07   6.0616713E-07   6.1274767E-07   6.1890762E-07   6.2445292E-07   6.2915421E-07   6.3270107E-07   6.3470770E-07   6.3467036E-07   6.3152800E-07   6.2420071E-07   6.1155532E-07   5.9241927E-07   5.6686639E-07   5.3626496E-07   5.0345585E-07   4.7270149E-07   4.4640421E-07   4.2392315E-07   3.8651831E-07   2.6642419E-07   4.9256748E-08   0.0000000E+00   0.0000000E+00   0.0000000E+00   0.0000000E+00   0.0000000E+00   0.0000000E+00
   0.0000000E+00   0.0000000E+00   0.0000000E+00   0.0000000E+00   0.0000000E+00   0.0000000E+00   3.5851333E-12   4.7779898E-11   2.7018637E-10   7.4381268E-10   1.4169598E-09   2.2287858E-09   3.2755820E-09   4.5796424E-09   6.1625252E-09   8.0450429E-09   1.0240257E-08   1.2772629E-08   1.5660689E-08   1.8975040E-08   2.2649123E-08   2.6616656E-08   3.1271632E-08   3.6231437E-08   4.1299618E-08   4.7080029E-08   5.3344053E-08   6.0921302E-08   6.8348193E-08   7.6298008E-08   8.4772203E-08   9.3658002E-08   1.0023248E-07   1.1342348E-07   1.2403504E-07   1.3516566E-07   1.4679030E-07   1.5873590E-07   1.6952058E-07   1.8122266E-07   1.9754108E-07   2.0719776E-07   2.2438341E-07   2.0935137E-07   2.1808651E-07   2.2610237E-07   2.3326481E-07   2.3945179E-07   2.4508509E-07   2.8382681E-07   3.1565449E-07   3.5498127E-07   3.6810485E-07   3.8068666E-07   3.9266359E-07   4.0398621E-07   4.1462016E-07   4.2454803E-07   4.3377506E-07   4.4231865E-07   4.5021983E-07   4.5753509E-07   4.6433121E-07   4.7069327E-07   4.7671239E-07   4.8248188E-07   4.8810028E-07   4.9371141E-07   4.9934681E-07   5.0511096E-07   5.1107298E-07   5.1728341E-07   5.2376458E-07   5.3049274E-07   5.3745737E-07   5.4462674E-07   5.5180629E-07   5.5875063E-07   5.6509737E-07   5.7036169E-07   5.7381203E-07   5.7385898E-07   5.6914712E-07   5.5811029E-07   5.3914852E-07   5.1308723E-07   4.8215259E-07   4.5030069E-07   4.2227313E-07   4.0031770E-07   3.8298788E-07   3.4805808E-07   2.2485304E-07   2.6236608E-08   0.0000000E+00   0.0000000E+00   0.0000000E+00   0.0000000E+00   0.0000000E+00   0.0000000E+00
   0.0000000E+00   0.0000000E+00   0.0000000E+00   0.0000000E+00   0.0000000E+00   0.0000000E+00   3.6102833E-12   4.8064119E-11   2.7129241E-10   7.4598383E-10   1.4201120E-09   2.2333619E-09   3.2818543E-09   4.5878745E-09   6.1729635E-09   8.0578682E-09   1.0254257E-08   1.2787975E-08   1.5676950E-08   1.8998618E-08   2.2674337E-08   2.6626541E-08   3.1300775E-08   3.6258008E-08   4.1268962E-08   4.7022525E-08   5.3254666E-08   6.0928485E-08   6.8339368E-08   7.6266048E-08   8.4706379E-08   9.3518615E-08   9.9435120E-08   1.1317677E-07   1.2368473E-07   1.3468062E-07   1.4612993E-07   1.5784151E-07   1.6836906E-07   1.7977266E-07   1.9555694E-07   2.0479249E-07   2.2080144E-07   1.9692976E-07   2.0301381E-07   2.0798379E-07   2.1169593E-07   2.1404176E-07   2.1593387E-07   2.7268413E-07   3.0144264E-07   3.3638560E-07   3.4638703E-07   3.5554336E-07   3.6380902E-07   3.7116337E-07   3.7761021E-07   3.8317924E-07   3.8793394E-07   3.9194472E-07   3.9531628E-07   3.9816544E-07   4.0061002E-07   4.0278590E-07   4.0482470E-07   4.0685296E-07   4.0901512E-07   4.1154220E-07   4.1436499E-07   4.1767902E-07   4.2159539E-07   4.2621986E-07   4.3163919E-07   4.3789507E-07   4.4509756E-07   4.5333996E-07   4.6247561E-07   4.7228949E-07   4.8237877E-07   4.9210962E-07   5.0034896E-07   5.0472732E-07   5.0361308E-07   4.9485840E-07   4.7637474E-07   4.5038595E-07   4.2001750E-07   3.9036610E-07   3.6625408E-07   3.4957043E-07   3.3815391E-07   3.0667107E-07   1.8352522E-07   1.0150879E-08   0.0000000E+00   0.0000000E+00   0.0000000E+00   0.0000000E+00   0.0000000E+00   0.0000000E+00
   0.0000000E+00   0.0000000E+00   0.0000000E+00   0.0000000E+00   0.0000000E+00   0.0000000E+00   3.6356014E-12   4.8349939E-11   2.7240224E-10   7.4815965E-10   1.4232709E-09   2.2379461E-09   3.2881347E-09   4.5961128E-09   6.1834005E-09   8.0706704E-09   1.0268036E-08   1.2802917E-08   1.5692541E-08   1.9021879E-08   2.2698920E-08   2.6633501E-08   3.1328550E-08   3.6282074E-08   4.1227157E-08   4.6948472E-08   5.3141907E-08   6.0925345E-08   6.8315572E-08   7.6212579E-08   8.4609631E-08   9.3329923E-08   9.8446058E-08   1.1284643E-07   1.2321929E-07   1.3403834E-07   1.4525665E-07   1.5666247E-07   1.6684253E-07   1.7782666E-07   1.9291711E-07   2.0154148E-07   2.1600847E-07   1.8112669E-07   1.8393160E-07   1.8521126E-07   1.8508395E-07   2.0488295E-07   2.0580437E-07   2.5742634E-07   2.8206060E-07   3.1140149E-07   3.1741666E-07   3.2229440E-07   3.2603745E-07   3.2868667E-07   3.3031372E-07   3.3102017E-07   3.3094815E-07   3.3021084E-07   3.2897057E-07   3.2737546E-07   3.2553859E-07   3.2359009E-07   3.2163288E-07   3.1976518E-07   3.1816791E-07   3.1718730E-07   3.1639030E-07   3.1621744E-07   3.1688833E-07   3.1867000E-07   3.2184107E-07   3.2664883E-07   3.3352850E-07   3.4286020E-07   3.5457515E-07   3.6847851E-07   3.8402325E-07   4.0021141E-07   4.1515491E-07   4.2538298E-07   4.2902067E-07   4.2327969E-07   4.0574608E-07   3.8058982E-07   3.5198488E-07   3.2590651E-07   3.0679260E-07   2.9610010E-07   2.9098345E-07   2.6330142E-07   1.4351218E-07   1.6446509E-09   0.0000000E+00   0.0000000E+00   0.0000000E+00   0.0000000E+00   0.0000000E+00   0.0000000E+00
   0.0000000E+00   0.0000000E+00   0.0000000E+00   0.0000000E+00   0.0000000E+00   0.0000000E+00   3.6610884E-12   4.8637358E-11   2.7351588E-10   7.5034018E-10   1.4264366E-09   2.2425379E-09   3.2944232E-09   4.6043565E-09   6.1938352E-09   8.0834468E-09   1.0281571E-08   1.2817414E-08   1.5707394E-08   1.9044784E-08   2.2722791E-08   2.6637156E-08   3.1354762E-08   3.6303259E-08   4.1172445E-08   4.6855106E-08   5.3001589E-08   6.0909841E-08   6.8273678E-08   7.6132856E-08   8.4474777E-08   9.3080011E-08   9.7219399E-08   1.1240982E-07   1.2260624E-07   1.3319274E-07   1.4410581E-07   1.5510943E-07   1.6481967E-07   1.7522146E-07   1.8940204E-07   1.9716077E-07   2.0961456E-07   1.6143295E-07   1.6041589E-07   1.5755619E-07   1.5300733E-07   1.4686007E-07   1.9203489E-07   2.3709207E-07   2.5650760E-07   2.7908288E-07   2.8046802E-07   2.8056482E-07   2.7946032E-07   2.7728430E-07   2.7418292E-07   2.7031621E-07   2.6587401E-07   2.6090009E-07   2.5553433E-07   2.4982873E-07   2.4371840E-07   2.3720160E-07   2.3024903E-07   2.2291620E-07   2.1558245E-07   2.0887467E-07   2.0168149E-07   1.9529577E-07   1.9037255E-07   1.8763954E-07   1.8777745E-07   1.9134335E-07   1.9909241E-07   2.1150267E-07   2.2829599E-07   2.4901038E-07   2.7270113E-07   2.9779309E-07   3.2142978E-07   3.3893963E-07   3.4830416E-07   3.4623594E-07   3.3022874E-07   3.0711243E-07   2.8161875E-07   2.6028988E-07   2.4679332E-07   2.4216786E-07   2.4317680E-07   2.1971050E-07   1.0652789E-07   0.0000000E+00   0.0000000E+00   0.0000000E+00   0.0000000E+00   0.0000000E+00   0.0000000E+00   0.0000000E+00
   0.0000000E+00   0.0000000E+00   0.0000000E+00   0.0000000E+00   0.0000000E+00   0.0000000E+00   3.6867458E-12   4.8926391E-11   2.7463334E-10   7.5252549E-10   1.4296089E-09   2.2471378E-09   3.3007193E-09   4.6126041E-09   6.2042651E-09   8.0961913E-09   1.0294841E-08   1.2831422E-08   1.5721433E-08   1.9067288E-08   2.2745859E-08   2.6637077E-08   3.1379180E-08   3.6321119E-08   4.1102766E-08   4.6739117E-08   5.2828668E-08   6.0879479E-08   6.8209822E-08   7.6020932E-08   8.4292715E-08   9.2753709E-08   9.5697658E-08   1.1183752E-07   1.2180296E-07   1.3208295E-07   1.4259183E-07   1.5306387E-07   1.6213964E-07   1.7174175E-07   1.8472498E-07   1.9128532E-07   2.0114082E-07   1.3769181E-07   1.3264507E-07   1.2595740E-07   1.4206532E-07   1.3508391E-07   1.7402513E-07   2.1114367E-07   2.2454238E-07   2.3967297E-07   2.3642988E-07   2.3203160E-07   2.2662655E-07   2.2037953E-07   2.1340564E-07   2.0577876E-07   1.9756648E-07   1.8841574E-07   1.7829117E-07   1.6695421E-07   1.5403218E-07   1.3956038E-07   1.2377416E-07   1.0739275E-07   9.1833037E-08   7.8403552E-08   6.5808180E-08   5.6464017E-08   5.2121482E-08   5.3545318E-08   5.7606261E-08   6.4726102E-08   7.5615269E-08   9.0973110E-08   1.1101737E-07   1.3576523E-07   1.6460962E-07   1.9596170E-07   2.2684171E-07   2.5100800E-07   2.6597388E-07   2.6783326E-07   2.5408107E-07   2.3406957E-07   2.1284943E-07   1.9697937E-07   1.8920456E-07   1.9027705E-07   1.9670688E-07   1.7704122E-07   7.3350776E-08   0.0000000E+00   0.0000000E+00   0.0000000E+00   0.0000000E+00   0.0000000E+00   0.0000000E+00   0.0000000E+00
   0.0000000E+00   0.0000000E+00   0.0000000E+00   0.0000000E+00   0.0000000E+00   0.0000000E+00   3.7125741E-12   4.9217044E-11   2.7575467E-10   7.5471546E-10   1.4327877E-09   2.2517455E-09   3.3070224E-09   4.6208561E-09   6.2146888E-09   8.1089002E-09   1.0307817E-08   1.2844892E-08   1.5734566E-08   1.9089342E-08   2.2768020E-08   2.6632758E-08   3.1401537E-08   3.6335130E-08   4.1015664E-08   4.6596554E-08   5.2617047E-08   6.0831177E-08   6.8119142E-08   7.5869288E-08   8.4051834E-08   9.2331582E-08   9.3809149E-08   1.1109102E-07   1.2075343E-07   1.3062876E-07   1.4060180E-07   1.5036973E-07   1.5859239E-07   1.6711014E-07   1.7852440E-07   1.8346962E-07   1.9004865E-07   1.1049747E-07   1.0210722E-07   1.1512387E-07   8.1394788E-08   1.2015522E-07   1.5176769E-07   1.8012477E-07   1.8747983E-07   1.9539644E-07   1.8840336E-07   1.8058419E-07   1.7191256E-07   1.6232849E-07   1.5159526E-07   1.3942770E-07   1.2556602E-07   1.0903925E-07   9.0211358E-08   6.9520610E-08   4.8024653E-08   2.8167550E-08   1.2613799E-08   3.3419216E-09   5.0181870E-10   7.5761905E-12   0.0000000E+00   3.3022593E-12   4.4208279E-11   3.4411174E-12   4.7821619E-10   2.4850577E-09   7.1823383E-09   1.5958758E-08   3.0046856E-08   5.0220805E-08   7.6546797E-08   1.0779629E-07   1.4088074E-07   1.6857634E-07   1.8751126E-07   1.9286755E-07   1.8182418E-07   1.6599128E-07   1.4974836E-07   1.3937830E-07   1.3673582E-07   1.4244820E-07   1.5307226E-07   1.3696965E-07   4.5337753E-08   0.0000000E+00   0.0000000E+00   0.0000000E+00   0.0000000E+00   0.0000000E+00   0.0000000E+00   0.0000000E+00
   0.0000000E+00   0.0000000E+00   0.0000000E+00   0.0000000E+00   0.0000000E+00   0.0000000E+00   3.8230885E-12   4.9509324E-11   2.7687982E-10   7.5691015E-10   1.4359731E-09   2.2563607E-09   3.3133329E-09   4.6291104E-09   6.2251044E-09   8.1215683E-09   1.0320472E-08   1.2857768E-08   1.5746693E-08   1.9110887E-08   2.2789154E-08   2.6623621E-08   3.1421514E-08   3.6344677E-08   4.0908212E-08   4.6422649E-08   5.2359304E-08   6.0761103E-08   6.7995565E-08   7.5668382E-08   8.3737298E-08   9.1788635E-08   9.1465132E-08   1.1011991E-07   1.1938413E-07   1.2872492E-07   1.3798817E-07   1.4682520E-07   1.5391093E-07   1.6098419E-07   1.7037311E-07   1.7322004E-07   1.7583156E-07   8.1616506E-08   7.1340793E-08   1.0188955E-07   7.1061962E-08   1.0247267E-07   1.2636721E-07   1.4623654E-07   1.4850171E-07   1.5000609E-07   1.4021552E-07   1.2941135E-07   1.1687387E-07   1.0206261E-07   8.3875157E-08   6.3235277E-08   4.1094069E-08   1.9500083E-08   4.2896344E-09   0.0000000E+00   0.0000000E+00   0.0000000E+00   0.0000000E+00   0.0000000E+00   0.0000000E+00   0.0000000E+00   0.0000000E+00   0.0000000E+00   0.0000000E+00   0.0000000E+00   0.0000000E+00   0.0000000E+00   0.0000000E+00   2.1819543E-11   1.5755561E-10   5.2853730E-09   1.9530907E-08   4.2546692E-08   7.1201057E-08   9.7978649E-08   1.1815906E-07   1.2588794E-07   1.1785067E-07   1.0643541E-07   9.5248943E-08   8.9778148E-08   9.1237965E-08   1.0029451E-07   1.1366689E-07   1.0030427E-07   2.3306924E-08   0.0000000E+00   0.0000000E+00   0.0000000E+00   0.0000000E+00   0.0000000E+00   0.0000000E+00   0.0000000E+00
   0.0000000E+00   0.0000000E+00   0.0000000E+00   0.0000000E+00   0.0000000E+00   0.0000000E+00   5.9056701E-12   4.9803238E-11   2.7800881E-10   7.5910955E-10   1.4391650E-09   2.2609834E-09   3.3196499E-09   4.6373674E-09   6.2355099E-09   8.1341911E-09   1.0332776E-08   1.2869990E-08   1.5757704E-08   1.9131861E-08   2.2809123E-08   2.6608987E-08   3.1438741E-08   3.6349018E-08   4.0776914E-08   4.6211653E-08   5.2046385E-08   6.0664469E-08   6.7831408E-08   7.5406057E-08   8.3329965E-08   9.1092623E-08   8.8557329E-08   1.0885820E-07   1.1759887E-07   1.2623461E-07   1.3456170E-07   1.4217716E-07   1.4777264E-07   1.5297302E-07   1.5982479E-07   1.6009037E-07   1.5820810E-07   5.4203554E-08   6.2484759E-08   8.6644071E-08   5.9348988E-08   8.3347892E-08   1.0019978E-07   1.1299531E-07   1.1119978E-07   1.0533181E-07   9.1315549E-08   7.4667227E-08   5.4422600E-08   3.1806106E-08   1.0152993E-08   2.0114697E-10   0.0000000E+00   0.0000000E+00   0.0000000E+00   0.0000000E+00   0.0000000E+00   0.0000000E+00   0.0000000E+00   0.0000000E+00   0.0000000E+00   0.0000000E+00   0.0000000E+00   0.0000000E+00   0.0000000E+00   0.0000000E+00   0.0000000E+00   0.0000000E+00   0.0000000E+00   0.0000000E+00   0.0000000E+00   4.5006954E-12   4.9433596E-11   6.3278609E-09   2.3284205E-08   4.4030294E-08   6.2115014E-08   7.0582495E-08   6.5330646E-08   5.8339609E-08   5.1695530E-08   4.9985207E-08   5.4036775E-08   6.4725342E-08   7.9146893E-08   6.8318968E-08   8.3882581E-09   0.0000000E+00   0.0000000E+00   0.0000000E+00   0.0000000E+00   0.0000000E+00   0.0000000E+00   0.0000000E+00
   0.0000000E+00   0.0000000E+00   0.0000000E+00   0.0000000E+00   0.0000000E+00   8.0373479E-13   7.7525755E-12   5.0098797E-11   2.7914165E-10   7.6131362E-10   1.4423635E-09   2.2656135E-09   3.3259731E-09   4.6456248E-09   6.2459029E-09   8.1467606E-09   1.0344692E-08   1.2881486E-08   1.5767473E-08   1.9152184E-08   2.2827768E-08   2.6588074E-08   3.1452782E-08   3.6347277E-08   4.0617564E-08   4.5956583E-08   5.1667211E-08   6.0535243E-08   6.7616895E-08   7.5066694E-08   8.2805116E-08   9.0201844E-08   8.4956731E-08   1.0721980E-07   1.1527325E-07   1.2298369E-07   1.3008798E-07   1.3612581E-07   1.3982215E-07   1.4269477E-07   1.4651901E-07   1.4229609E-07   3.9304066E-08   4.6647433E-08   5.2476921E-08   7.0462306E-08   4.7332509E-08   6.4798392E-08   7.6095674E-08   8.3167485E-08   7.5526131E-08   5.6325799E-08   3.4030574E-08   1.2260363E-08   3.1149677E-10   0.0000000E+00   0.0000000E+00   0.0000000E+00   0.0000000E+00   0.0000000E+00   0.0000000E+00   0.0000000E+00   0.0000000E+00   0.0000000E+00   0.0000000E+00   0.0000000E+00   0.0000000E+00   0.0000000E+00   0.0000000E+00   0.0000000E+00   0.0000000E+00   0.0000000E+00   0.0000000E+00   0.0000000E+00   0.0000000E+00   0.0000000E+00   0.0000000E+00   0.0000000E+00   0.0000000E+00   2.8573705E-10   1.4183141E-09   1.0556605E-08   2.2667990E-08   2.9820349E-08   2.7064457E-08   2.3627479E-08   2.0585906E-08   2.1103412E-08   2.5956847E-08   3.6436120E-08   5.0284136E-08   4.1587295E-08   1.0398704E-09   0.0000000E+00   0.0000000E+00   0.0000000E+00   0.0000000E+00   0.0000000E+00   0.0000000E+00   0.0000000E+00
   0.0000000E+00   0.0000000E+00   0.0000000E+00   0.0000000E+00   0.0000000E+00   1.0276444E-12   9.4406288E-12   5.0396003E-11   2.8027833E-10   7.6352247E-10   1.4455683E-09   2.2702507E-09   3.3323020E-09   4.6538826E-09   6.2562808E-09   8.1592715E-09   1.0356182E-08   1.2892181E-08   1.5775852E-08   1.9171772E-08   2.2844903E-08   2.6559954E-08   3.1463109E-08   3.6338392E-08   4.0425093E-08   4.5648942E-08   5.1208151E-08   6.0365814E-08   6.7339542E-08   7.4630130E-08   8.2130626E-08   8.9062475E-08   8.0515804E-08   1.0509370E-07   1.1224962E-07   1.1875847E-07   1.2429426E-07   1.2835204E-07   1.2973688E-07   1.2990127E-07   1.3039551E-07   1.2190948E-07   2.1699462E-08   3.8485048E-08   4.2183483E-08   5.4918022E-08   3.6295251E-08   4.8657977E-08   5.5558335E-08   5.5080491E-08   3.3197999E-08   3.8976866E-09   0.0000000E+00   0.0000000E+00   0.0000000E+00   0.0000000E+00   0.0000000E+00   0.0000000E+00   0.0000000E+00   0.0000000E+00   0.0000000E+00   0.0000000E+00   0.0000000E+00   0.0000000E+00   0.0000000E+00   0.0000000E+00   0.0000000E+00   0.0000000E+00   0.0000000E+00   0.0000000E+00   0.0000000E+00   0.0000000E+00   0.0000000E+00   0.0000000E+00   0.0000000E+00   0.0000000E+00   0.0000000E+00   0.0000000E+00   0.0000000E+00   0.0000000E+00   7.9041212E-13   1.3619942E-11   2.6174412E-09   6.0617760E-09   5.1529612E-09   4.2444457E-09   3.5127865E-09   4.4127200E-09   7.8902191E-09   1.5920522E-08   2.7398002E-08   2.1156890E-08   0.0000000E+00   0.0000000E+00   0.0000000E+00   0.0000000E+00   0.0000000E+00   0.0000000E+00   0.0000000E+00   0.0000000E+00
   0.0000000E+00   0.0000000E+00   0.0000000E+00   0.0000000E+00   0.0000000E+00   1.2340699E-12   1.1013455E-11   5.0694868E-11   2.8141889E-10   7.6573597E-10   1.4487797E-09   2.2748947E-09   3.3386365E-09   4.6621391E-09   6.2666410E-09   8.1717149E-09   1.0367202E-08   1.2901985E-08   1.5782680E-08   1.9190527E-08   2.2860313E-08   2.6523544E-08   3.1469096E-08   3.6321090E-08   4.0193338E-08   4.5278334E-08   5.0652403E-08   6.0146462E-08   6.6983276E-08   7.4070265E-08   8.1264716E-08   8.7605287E-08   7.5077764E-08   1.0233944E-07   1.0833563E-07   1.1331365E-07   1.1689889E-07   1.1858704E-07   1.1735636E-07   1.1467803E-07   1.1196821E-07   1.0017160E-07   1.0348469E-08   3.0475899E-08   3.2646188E-08   4.1449720E-08   2.7115387E-08   3.5393096E-08   3.5916504E-08   1.9035607E-08   0.0000000E+00   0.0000000E+00   0.0000000E+00   0.0000000E+00   0.0000000E+00   0.0000000E+00   0.0000000E+00   0.0000000E+00   0.0000000E+00   0.0000000E+00   0.0000000E+00   0.0000000E+00   0.0000000E+00   0.0000000E+00   0.0000000E+00   0.0000000E+00   0.0000000E+00   0.0000000E+00   0.0000000E+00   0.0000000E+00   0.0000000E+00   0.0000000E+00   0.0000000E+00   0.0000000E+00   0.0000000E+00   0.0000000E+00   0.0000000E+00   0.0000000E+00   0.0000000E+00   0.0000000E+00   0.0000000E+00   0.0000000E+00   0.0000000E+00   0.0000000E+00   0.0000000E+00   0.0000000E+00   0.0000000E+00   4.7907126E-11   3.8953751E-10   3.7903067E-09   1.1234179E-08   7.4224142E-09   0.0000000E+00   0.0000000E+00   0.0000000E+00   0.0000000E+00   0.0000000E+00   0.0000000E+00   0.0000000E+00   0.0000000E+00
   0.0000000E+00   0.0000000E+00   0.0000000E+00   0.0000000E+00   0.0000000E+00   1.4286573E-12   1.2498021E-11   5.0995399E-11   2.8256333E-10   7.6795420E-10   1.4519973E-09   2.2795459E-09   3.3449756E-09   4.6703930E-09   6.2769803E-09   8.1840845E-09   1.0377704E-08   1.2910801E-08   1.5787766E-08   1.9208331E-08   2.2873744E-08   2.6477558E-08   3.1469991E-08   3.6293816E-08   3.9914813E-08   4.4831992E-08   4.9979210E-08   5.9864746E-08   6.6527306E-08   7.3353114E-08   8.0153072E-08   8.5742215E-08   6.8498906E-08   9.8785897E-08   1.0331211E-07   1.0640169E-07   1.0768060E-07   1.0674023E-07   1.0287058E-07   9.7647003E-08   9.0958110E-08   7.0892372E-09   8.1578060E-09   2.3366999E-08   2.4635071E-08   3.0714602E-08   1.9713459E-08   2.2150481E-08   8.8348884E-09   0.0000000E+00   0.0000000E+00   0.0000000E+00   0.0000000E+00   0.0000000E+00   0.0000000E+00   0.0000000E+00   0.0000000E+00   0.0000000E+00   0.0000000E+00   0.0000000E+00   0.0000000E+00   0.0000000E+00   0.0000000E+00   0.0000000E+00   0.0000000E+00   0.0000000E+00   0.0000000E+00   0.0000000E+00   0.0000000E+00   0.0000000E+00   0.0000000E+00   0.0000000E+00   0.0000000E+00   0.0000000E+00   0.0000000E+00   0.0000000E+00   0.0000000E+00   0.0000000E+00   0.0000000E+00   0.0000000E+00   0.0000000E+00   0.0000000E+00   0.0000000E+00   0.0000000E+00   0.0000000E+00   0.0000000E+00   0.0000000E+00   0.0000000E+00   1.0318919E-12   1.5685678E-11   2.1951003E-09   8.5722096E-10   0.0000000E+00   0.0000000E+00   0.0000000E+00   0.0000000E+00   0.0000000E+00   0.0000000E+00   0.0000000E+00   0.0000000E+00
   0.0000000E+00   0.0000000E+00   0.0000000E+00   0.0000000E+00   0.0000000E+00   1.6119036E-12   1.3912255E-11   5.1297602E-11   2.8371164E-10   7.7017709E-10   1.4552213E-09   2.2842035E-09   3.3513192E-09   4.6786433E-09   6.2872951E-09   8.1963698E-09   1.0387633E-08   1.2918516E-08   1.5790896E-08   1.9225050E-08   2.2884899E-08   2.6420469E-08   3.1464879E-08   3.6254665E-08   3.9580339E-08   4.4294197E-08   4.9162860E-08   5.9504590E-08   6.5944626E-08   7.2434460E-08   7.8725435E-08   8.3363524E-08   6.0692066E-08   9.4238082E-08   9.6960491E-08   9.7838615E-08   9.6599273E-08   9.3070909E-08   8.6979988E-08   7.8697454E-08   5.1384306E-09   5.5233214E-09   6.2585030E-09   1.7583838E-08   1.8360872E-08   2.2168789E-08   1.1776289E-08   3.0711047E-09   0.0000000E+00   0.0000000E+00   0.0000000E+00   0.0000000E+00   0.0000000E+00   0.0000000E+00   0.0000000E+00   0.0000000E+00   0.0000000E+00   0.0000000E+00   0.0000000E+00   0.0000000E+00   0.0000000E+00   0.0000000E+00   0.0000000E+00   0.0000000E+00   0.0000000E+00   0.0000000E+00   0.0000000E+00   0.0000000E+00   0.0000000E+00   0.0000000E+00   0.0000000E+00   0.0000000E+00   0.0000000E+00   0.0000000E+00   0.0000000E+00   0.0000000E+00   0.0000000E+00   0.0000000E+00   0.0000000E+00   0.0000000E+00   0.0000000E+00   0.0000000E+00   0.0000000E+00   0.0000000E+00   0.0000000E+00   0.0000000E+00   0.0000000E+00   0.0000000E+00   0.0000000E+00   0.0000000E+00   0.0000000E+00   0.0000000E+00   0.0000000E+00   0.0000000E+00   0.0000000E+00   0.0000000E+00   0.0000000E+00   0.0000000E+00   0.0000000E+00   0.0000000E+00
   0.0000000E+00   0.0000000E+00   0.0000000E+00   0.0000000E+00   0.0000000E+00   1.7880130E-12   1.5268767E-11   5.1601487E-11   2.8486380E-10   7.7240464E-10   1.4584515E-09   2.2888678E-09   3.3576666E-09   4.6868882E-09   6.2975820E-09   8.2085609E-09   1.0396927E-08   1.2925002E-08   1.5791821E-08   1.9240529E-08   2.2893428E-08   2.6350454E-08   3.1452647E-08   3.6201296E-08   3.9178637E-08   4.3645521E-08   4.8171540E-08   5.9045128E-08   6.5200027E-08   7.1256871E-08   7.6892078E-08   8.0337486E-08   5.1698606E-08   8.8501103E-08   8.9122679E-08   8.7614389E-08   8.3947306E-08   7.8309682E-08   6.9704384E-08   3.8292884E-09   3.9878234E-09   4.2079558E-09   4.7357522E-09   1.3129727E-08   1.3286698E-08   1.2236681E-08   5.1603893E-10   0.0000000E+00   0.0000000E+00   0.0000000E+00   0.0000000E+00   0.0000000E+00   0.0000000E+00   0.0000000E+00   0.0000000E+00   0.0000000E+00   0.0000000E+00   0.0000000E+00   0.0000000E+00   0.0000000E+00   0.0000000E+00   0.0000000E+00   0.0000000E+00   0.0000000E+00   0.0000000E+00   0.0000000E+00   0.0000000E+00   0.0000000E+00   0.0000000E+00   0.0000000E+00   0.0000000E+00   0.0000000E+00   0.0000000E+00   0.0000000E+00   0.0000000E+00   0.0000000E+00   0.0000000E+00   0.0000000E+00   0.0000000E+00   0.0000000E+00   0.0000000E+00   0.0000000E+00   0.0000000E+00   0.0000000E+00   0.0000000E+00   0.0000000E+00   0.0000000E+00   0.0000000E+00   0.0000000E+00   0.0000000E+00   0.0000000E+00   0.0000000E+00   0.0000000E+00   0.0000000E+00   0.0000000E+00   0.0000000E+00   0.0000000E+00   0.0000000E+00   0.0000000E+00   0.0000000E+00
   0.0000000E+00   0.0000000E+00   0.0000000E+00   0.0000000E+00   0.0000000E+00   1.9573338E-12   1.6576816E-11   5.1907062E-11   2.8601987E-10   7.7463691E-10   1.4616879E-09   2.2935380E-09   3.3640168E-09   4.6951261E-09   6.3078369E-09   8.2206464E-09   1.0405516E-08   1.2930110E-08   1.5790253E-08   1.9254582E-08   2.2898911E-08   2.6265322E-08   3.1431931E-08   3.6130800E-08   3.8695777E-08   4.2861924E-08   4.6965980E-08   5.8459140E-08   6.4247615E-08   6.9746356E-08   7.4541241E-08   7.6516351E-08   4.1784979E-08   8.1432596E-08   7.9799868E-08   7.6024854E-08   7.0438929E-08   6.2536969E-08   2.9358185E-09   2.9676526E-09   3.0383183E-09   3.1739489E-09   3.5655281E-09   9.4524752E-09   6.6574053E-09   1.7669352E-12   0.0000000E+00   0.0000000E+00   0.0000000E+00   0.0000000E+00   0.0000000E+00   0.0000000E+00   0.0000000E+00   0.0000000E+00   0.0000000E+00   0.0000000E+00   0.0000000E+00   0.0000000E+00   0.0000000E+00   0.0000000E+00   0.0000000E+00   0.0000000E+00   0.0000000E+00   0.0000000E+00   0.0000000E+00   0.0000000E+00   0.0000000E+00   0.0000000E+00   0.0000000E+00   0.0000000E+00   0.0000000E+00   0.0000000E+00   0.0000000E+00   0.0000000E+00   0.0000000E+00   0.0000000E+00   0.0000000E+00   0.0000000E+00   0.0000000E+00   0.0000000E+00   0.0000000E+00   0.0000000E+00   0.0000000E+00   0.0000000E+00   0.0000000E+00   0.0000000E+00   0.0000000E+00   0.0000000E+00   0.0000000E+00   0.0000000E+00   0.0000000E+00   0.0000000E+00   0.0000000E+00   0.0000000E+00   0.0000000E+00   0.0000000E+00   0.0000000E+00   0.0000000E+00   0.0000000E+00   0.0000000E+00
   0.0000000E+00   0.0000000E+00   0.0000000E+00   0.0000000E+00   0.0000000E+00   2.1209137E-12   1.7843442E-11   5.2214330E-11   2.8717984E-10   7.7687384E-10   1.4649304E-09   2.2982143E-09   3.3703695E-09   4.7033550E-09   6.3180550E-09   8.2326128E-09   1.0413324E-08   1.2933676E-08   1.5785856E-08   1.9266992E-08   2.2900849E-08   2.6162425E-08   3.1401040E-08   3.6039527E-08   3.8114472E-08   4.1913633E-08   4.5498048E-08   5.7711006E-08   6.3027827E-08   6.7809403E-08   7.1540164E-08   7.1754918E-08   3.1528643E-08   7.3029518E-08   6.9267927E-08   6.3738568E-08   5.6176759E-08   2.3458684E-09   2.2752822E-09   2.2654365E-09   2.2979281E-09   2.3851492E-09   2.5554110E-09   4.0522425E-09   0.0000000E+00   0.0000000E+00   0.0000000E+00   0.0000000E+00   0.0000000E+00   0.0000000E+00   0.0000000E+00   0.0000000E+00   0.0000000E+00   0.0000000E+00   0.0000000E+00   0.0000000E+00   0.0000000E+00   0.0000000E+00   0.0000000E+00   0.0000000E+00   0.0000000E+00   0.0000000E+00   0.0000000E+00   0.0000000E+00   0.0000000E+00   0.0000000E+00   0.0000000E+00   0.0000000E+00   0.0000000E+00   0.0000000E+00   0.0000000E+00   0.0000000E+00   0.0000000E+00   0.0000000E+00   0.0000000E+00   0.0000000E+00   0.0000000E+00   0.0000000E+00   0.0000000E+00   0.0000000E+00   0.0000000E+00   0.0000000E+00   0.0000000E+00   0.0000000E+00   0.0000000E+00   0.0000000E+00   0.0000000E+00   0.0000000E+00   0.0000000E+00   0.0000000E+00   0.0000000E+00   0.0000000E+00   0.0000000E+00   0.0000000E+00   0.0000000E+00   0.0000000E+00   0.0000000E+00   0.0000000E+00   0.0000000E+00   0.0000000E+00
   0.0000000E+00   0.0000000E+00   0.0000000E+00   0.0000000E+00   0.0000000E+00   2.2795609E-12   1.9074149E-11   5.2523305E-11   2.8834368E-10   7.7911538E-10   1.4681789E-09   2.3028965E-09   3.3767238E-09   4.7115729E-09   6.3282308E-09   8.2444469E-09   1.0420257E-08   1.2935504E-08   1.5778239E-08   1.9277497E-08   2.2898638E-08   2.6038540E-08   3.1357860E-08   3.5922874E-08   3.7413219E-08   4.0763897E-08   4.3709534E-08   5.6754104E-08   6.1464277E-08   6.5332074E-08   6.7744743E-08   6.5949557E-08   2.1807773E-08   6.3530251E-08   5.8131640E-08   5.0861303E-08   1.9638584E-09   1.8195784E-09   1.7413103E-09   1.7202428E-09   1.7314273E-09   1.6766067E-09   8.5930640E-10   0.0000000E+00   0.0000000E+00   0.0000000E+00   0.0000000E+00   0.0000000E+00   0.0000000E+00   0.0000000E+00   0.0000000E+00   0.0000000E+00   0.0000000E+00   0.0000000E+00   0.0000000E+00   0.0000000E+00   0.0000000E+00   0.0000000E+00   0.0000000E+00   0.0000000E+00   0.0000000E+00   0.0000000E+00   0.0000000E+00   0.0000000E+00   0.0000000E+00   0.0000000E+00   0.0000000E+00   0.0000000E+00   0.0000000E+00   0.0000000E+00   0.0000000E+00   0.0000000E+00   0.0000000E+00   0.0000000E+00   0.0000000E+00   0.0000000E+00   0.0000000E+00   0.0000000E+00   0.0000000E+00   0.0000000E+00   0.0000000E+00   0.0000000E+00   0.0000000E+00   0.0000000E+00   0.0000000E+00   0.0000000E+00   0.0000000E+00   0.0000000E+00   0.0000000E+00   0.0000000E+00   0.0000000E+00   0.0000000E+00   0.0000000E+00   0.0000000E+00   0.0000000E+00   0.0000000E+00   0.0000000E+00   0.0000000E+00   0.0000000E+00   0.0000000E+00
   0.0000000E+00   0.0000000E+00   0.0000000E+00   0.0000000E+00   0.0000000E+00   2.4329839E-12   2.0273332E-11   5.2833994E-11   2.8951144E-10   7.8136159E-10   1.4714334E-09   2.3075839E-09   3.3830789E-09   4.7197779E-09   6.3383592E-09   8.2561327E-09   1.0426215E-08   1.2935371E-08   1.5766942E-08   1.9285789E-08   2.2891545E-08   2.5889717E-08   3.1299731E-08   3.5774971E-08   3.6565201E-08   3.9367642E-08   4.1531806E-08   5.5527828E-08   5.9461623E-08   6.2184988E-08   6.3025780E-08   5.9101463E-08   1.3592447E-08   5.3464827E-08   4.6489234E-08   1.7185532E-09   1.5255299E-09   1.3960612E-09   1.3275240E-09   1.3003332E-09   1.1909652E-09   3.7749540E-10   0.0000000E+00   0.0000000E+00   0.0000000E+00   0.0000000E+00   0.0000000E+00   0.0000000E+00   0.0000000E+00   0.0000000E+00   0.0000000E+00   0.0000000E+00   0.0000000E+00   0.0000000E+00   0.0000000E+00   0.0000000E+00   0.0000000E+00   0.0000000E+00   0.0000000E+00   0.0000000E+00   0.0000000E+00   0.0000000E+00   0.0000000E+00   0.0000000E+00   0.0000000E+00   0.0000000E+00   0.0000000E+00   0.0000000E+00   0.0000000E+00   0.0000000E+00   0.0000000E+00   0.0000000E+00   0.0000000E+00   0.0000000E+00   0.0000000E+00   0.0000000E+00   0.0000000E+00   0.0000000E+00   0.0000000E+00   0.0000000E+00   0.0000000E+00   0.0000000E+00   0.0000000E+00   0.0000000E+00   0.0000000E+00   0.0000000E+00   0.0000000E+00   0.0000000E+00   0.0000000E+00   0.0000000E+00   0.0000000E+00   0.0000000E+00   0.0000000E+00   0.0000000E+00   0.0000000E+00   0.0000000E+00   0.0000000E+00   0.0000000E+00   0.0000000E+00   0.0000000E+00
   0.0000000E+00   0.0000000E+00   0.0000000E+00   0.0000000E+00   0.0000000E+00   2.5834959E-12   2.1444577E-11   5.3146400E-11   2.9068309E-10   7.8361240E-10   1.4746937E-09   2.3122764E-09   3.3894336E-09   4.7279669E-09   6.3484333E-09   8.2676497E-09   1.0431081E-08   1.2933016E-08   1.5751420E-08   1.9291493E-08   2.2878675E-08   2.5711069E-08   3.1223255E-08   3.5588240E-08   3.5536978E-08   3.7670404E-08   3.8887684E-08   5.3954672E-08   5.6906941E-08   5.8240854E-08   5.7319756E-08   5.1391250E-08   7.5540516E-09   4.2917495E-08   1.5742531E-09   1.3376719E-09   1.1733282E-09   1.0678926E-09   1.0059173E-09   8.6887014E-10   1.4671933E-10   0.0000000E+00   0.0000000E+00   0.0000000E+00   0.0000000E+00   0.0000000E+00   0.0000000E+00   0.0000000E+00   0.0000000E+00   0.0000000E+00   0.0000000E+00   0.0000000E+00   0.0000000E+00   0.0000000E+00   0.0000000E+00   0.0000000E+00   0.0000000E+00   0.0000000E+00   0.0000000E+00   0.0000000E+00   0.0000000E+00   0.0000000E+00   0.0000000E+00   0.0000000E+00   0.0000000E+00   0.0000000E+00   0.0000000E+00   0.0000000E+00   0.0000000E+00   0.0000000E+00   0.0000000E+00   0.0000000E+00   0.0000000E+00   0.0000000E+00   0.0000000E+00   0.0000000E+00   0.0000000E+00   0.0000000E+00   0.0000000E+00   0.0000000E+00   0.0000000E+00   0.0000000E+00   0.0000000E+00   0.0000000E+00   0.0000000E+00   0.0000000E+00   0.0000000E+00   0.0000000E+00   0.0000000E+00   0.0000000E+00   0.0000000E+00   0.0000000E+00   0.0000000E+00   0.0000000E+00   0.0000000E+00   0.0000000E+00   0.0000000E+00   0.0000000E+00   0.0000000E+00   0.0000000E+00
   0.0000000E+00   0.0000000E+00   0.0000000E+00   0.0000000E+00   0.0000000E+00   2.7306532E-12   2.2590853E-11   5.3460535E-11   2.9185865E-10   7.8586776E-10   1.4779599E-09   2.3169737E-09   3.3957872E-09   4.7361373E-09   6.3584462E-09   8.2789793E-09   1.0434716E-08   1.2928131E-08   1.5731025E-08   1.9294152E-08   2.2858918E-08   2.5496506E-08   3.1124053E-08   3.5352802E-08   3.4287048E-08   3.5608199E-08   3.5698164E-08   5.1939072E-08   5.3679752E-08   5.3412698E-08   5.0701434E-08   4.3219778E-08   3.7065337E-09   1.5109713E-09   1.2282387E-09   1.0313024E-09   8.9999208E-10   8.0991008E-10   6.4552241E-10   3.6993721E-11   0.0000000E+00   0.0000000E+00   0.0000000E+00   0.0000000E+00   0.0000000E+00   0.0000000E+00   0.0000000E+00   0.0000000E+00   0.0000000E+00   0.0000000E+00   0.0000000E+00   0.0000000E+00   0.0000000E+00   0.0000000E+00   0.0000000E+00   0.0000000E+00   0.0000000E+00   0.0000000E+00   0.0000000E+00   0.0000000E+00   0.0000000E+00   0.0000000E+00   0.0000000E+00   0.0000000E+00   0.0000000E+00   0.0000000E+00   0.0000000E+00   0.0000000E+00   0.0000000E+00   0.0000000E+00   0.0000000E+00   0.0000000E+00   0.0000000E+00   0.0000000E+00   0.0000000E+00   0.0000000E+00   0.0000000E+00   0.0000000E+00   0.0000000E+00   0.0000000E+00   0.0000000E+00   0.0000000E+00   0.0000000E+00   0.0000000E+00   0.0000000E+00   0.0000000E+00   0.0000000E+00   0.0000000E+00   0.0000000E+00   0.0000000E+00   0.0000000E+00   0.0000000E+00   0.0000000E+00   0.0000000E+00   0.0000000E+00   0.0000000E+00   0.0000000E+00   0.0000000E+00   0.0000000E+00   0.0000000E+00
   0.0000000E+00   0.0000000E+00   0.0000000E+00   0.0000000E+00   0.0000000E+00   2.8748082E-12   2.3714652E-11   5.3776407E-11   2.9303812E-10   7.8812773E-10   1.4812316E-09   2.3216755E-09   3.4021386E-09   4.7442863E-09   6.3683894E-09   8.2900966E-09   1.0436965E-08   1.2920358E-08   1.5704982E-08   1.9293209E-08   2.2830893E-08   2.5238355E-08   3.0996389E-08   3.5055617E-08   3.2764483E-08   3.3109931E-08   3.1898566E-08   4.9371458E-08   4.9678356E-08   4.7715695E-08   4.3448420E-08   3.5155242E-08   1.6540515E-09   6.2279742E-10   9.4901731E-10   7.9282542E-10   6.8205974E-10   4.9186843E-10   1.6025957E-12   0.0000000E+00   0.0000000E+00   0.0000000E+00   0.0000000E+00   0.0000000E+00   0.0000000E+00   0.0000000E+00   0.0000000E+00   0.0000000E+00   0.0000000E+00   0.0000000E+00   0.0000000E+00   0.0000000E+00   0.0000000E+00   0.0000000E+00   0.0000000E+00   0.0000000E+00   0.0000000E+00   0.0000000E+00   0.0000000E+00   0.0000000E+00   0.0000000E+00   0.0000000E+00   0.0000000E+00   0.0000000E+00   0.0000000E+00   0.0000000E+00   0.0000000E+00   0.0000000E+00   0.0000000E+00   0.0000000E+00   0.0000000E+00   0.0000000E+00   0.0000000E+00   0.0000000E+00   0.0000000E+00   0.0000000E+00   0.0000000E+00   0.0000000E+00   0.0000000E+00   0.0000000E+00   0.0000000E+00   0.0000000E+00   0.0000000E+00   0.0000000E+00   0.0000000E+00   0.0000000E+00   0.0000000E+00   0.0000000E+00   0.0000000E+00   0.0000000E+00   0.0000000E+00   0.0000000E+00   0.0000000E+00   0.0000000E+00   0.0000000E+00   0.0000000E+00   0.0000000E+00   0.0000000E+00   0.0000000E+00   0.0000000E+00
   0.0000000E+00   0.0000000E+00   0.0000000E+00   0.0000000E+00   0.0000000E+00   3.0162583E-12   2.4818095E-11   5.4094021E-11   2.9422151E-10   7.9039231E-10   1.4845088E-09   2.3263811E-09   3.4084853E-09   4.7521471E-09   6.3782535E-09   8.3009741E-09   1.0437645E-08   1.2909270E-08   1.5672352E-08   1.9287970E-08   2.2792850E-08   2.4926843E-08   3.0832652E-08   3.4679267E-08   3.0908371E-08   3.0105330E-08   2.7470611E-08   4.6143946E-08   4.4868703E-08   4.1332772E-08   3.5588283E-08   1.5210508E-09   6.8886974E-10   2.4757646E-10   7.3077822E-10   5.9938893E-10   3.8526032E-10   0.0000000E+00   0.0000000E+00   0.0000000E+00   0.0000000E+00   0.0000000E+00   0.0000000E+00   0.0000000E+00   0.0000000E+00   0.0000000E+00   0.0000000E+00   0.0000000E+00   0.0000000E+00   0.0000000E+00   0.0000000E+00   0.0000000E+00   0.0000000E+00   0.0000000E+00   0.0000000E+00   0.0000000E+00   0.0000000E+00   0.0000000E+00   0.0000000E+00   0.0000000E+00   0.0000000E+00   0.0000000E+00   0.0000000E+00   0.0000000E+00   0.0000000E+00   0.0000000E+00   0.0000000E+00   0.0000000E+00   0.0000000E+00   0.0000000E+00   0.0000000E+00   0.0000000E+00   0.0000000E+00   0.0000000E+00   0.0000000E+00   0.0000000E+00   0.0000000E+00   0.0000000E+00   0.0000000E+00   0.0000000E+00   0.0000000E+00   0.0000000E+00   0.0000000E+00   0.0000000E+00   0.0000000E+00   0.0000000E+00   0.0000000E+00   0.0000000E+00   0.0000000E+00   0.0000000E+00   0.0000000E+00   0.0000000E+00   0.0000000E+00   0.0000000E+00   0.0000000E+00   0.0000000E+00   0.0000000E+00   0.0000000E+00   0.0000000E+00   0.0000000E+00
   0.0000000E+00   0.0000000E+00   0.0000000E+00   0.0000000E+00   0.0000000E+00   3.1552573E-12   2.5903000E-11   5.4413384E-11   2.9540884E-10   7.9266138E-10   1.4877914E-09   2.3310902E-09   3.4148238E-09   4.7593041E-09   6.3880283E-09   8.3115808E-09   1.0436536E-08   1.2894357E-08   1.5631990E-08   1.9277564E-08   2.2742549E-08   2.4549365E-08   3.0622559E-08   3.4200220E-08   2.8649678E-08   2.6543747E-08   2.2494982E-08   4.2185370E-08   3.9347068E-08   3.4226002E-08   1.7478080E-09   6.4282218E-10   2.7572086E-10   9.7477325E-11   5.5015015E-10   3.0830596E-10   0.0000000E+00   0.0000000E+00   0.0000000E+00   0.0000000E+00   0.0000000E+00   0.0000000E+00   0.0000000E+00   0.0000000E+00   0.0000000E+00   0.0000000E+00   0.0000000E+00   0.0000000E+00   0.0000000E+00   0.0000000E+00   0.0000000E+00   0.0000000E+00   0.0000000E+00   0.0000000E+00   0.0000000E+00   0.0000000E+00   0.0000000E+00   0.0000000E+00   0.0000000E+00   0.0000000E+00   0.0000000E+00   0.0000000E+00   0.0000000E+00   0.0000000E+00   0.0000000E+00   0.0000000E+00   0.0000000E+00   0.0000000E+00   0.0000000E+00   0.0000000E+00   0.0000000E+00   0.0000000E+00   0.0000000E+00   0.0000000E+00   0.0000000E+00   0.0000000E+00   0.0000000E+00   0.0000000E+00   0.0000000E+00   0.0000000E+00   0.0000000E+00   0.0000000E+00   0.0000000E+00   0.0000000E+00   0.0000000E+00   0.0000000E+00   0.0000000E+00   0.0000000E+00   0.0000000E+00   0.0000000E+00   0.0000000E+00   0.0000000E+00   0.0000000E+00   0.0000000E+00   0.0000000E+00   0.0000000E+00   0.0000000E+00   0.0000000E+00   0.0000000E+00   0.0000000E+00
   0.0000000E+00   0.0000000E+00   0.0000000E+00   0.0000000E+00   0.0000000E+00   3.2920240E-12   2.6970945E-11   5.4734505E-11   2.9660005E-10   7.9493490E-10   1.4910793E-09   2.3358022E-09   3.4211520E-09   4.7663153E-09   6.3977019E-09   8.3218801E-09   1.0433387E-08   1.2875002E-08   1.5582486E-08   1.9260886E-08   2.2677076E-08   2.4089447E-08   3.0351966E-08   3.3586428E-08   2.5919055E-08   2.2430644E-08   1.7214726E-08   3.7515552E-08   3.3017361E-08   2.0309525E-09   7.4560014E-10   2.5965191E-10   1.0894657E-10   3.9142505E-11   2.5161431E-10   0.0000000E+00   0.0000000E+00   0.0000000E+00   0.0000000E+00   0.0000000E+00   0.0000000E+00   0.0000000E+00   0.0000000E+00   0.0000000E+00   0.0000000E+00   0.0000000E+00   0.0000000E+00   0.0000000E+00   0.0000000E+00   0.0000000E+00   0.0000000E+00   0.0000000E+00   0.0000000E+00   0.0000000E+00   0.0000000E+00   0.0000000E+00   0.0000000E+00   0.0000000E+00   0.0000000E+00   0.0000000E+00   0.0000000E+00   0.0000000E+00   0.0000000E+00   0.0000000E+00   0.0000000E+00   0.0000000E+00   0.0000000E+00   0.0000000E+00   0.0000000E+00   0.0000000E+00   0.0000000E+00   0.0000000E+00   0.0000000E+00   0.0000000E+00   0.0000000E+00   0.0000000E+00   0.0000000E+00   0.0000000E+00   0.0000000E+00   0.0000000E+00   0.0000000E+00   0.0000000E+00   0.0000000E+00   0.0000000E+00   0.0000000E+00   0.0000000E+00   0.0000000E+00   0.0000000E+00   0.0000000E+00   0.0000000E+00   0.0000000E+00   0.0000000E+00   0.0000000E+00   0.0000000E+00   0.0000000E+00   0.0000000E+00   0.0000000E+00   0.0000000E+00   0.0000000E+00   0.0000000E+00
   0.0000000E+00   0.0000000E+00   0.0000000E+00   0.0000000E+00   0.0000000E+00   3.4267491E-12   2.8023308E-11   5.5057396E-11   2.9779518E-10   7.9721296E-10   1.4943722E-09   2.3405164E-09   3.4274683E-09   4.7731659E-09   6.4072601E-09   8.3318286E-09   1.0427894E-08   1.2850458E-08   1.5522078E-08   1.9236506E-08   2.2592561E-08   2.3525226E-08   3.0001093E-08   3.2794244E-08   2.2666958E-08   1.7883977E-08   1.2064931E-08   3.2304332E-08   2.6783974E-08   8.8364005E-10   3.0119740E-10   1.0311605E-10   4.3887581E-11   1.7384124E-11   0.0000000E+00   0.0000000E+00   0.0000000E+00   0.0000000E+00   0.0000000E+00   0.0000000E+00   0.0000000E+00   0.0000000E+00   0.0000000E+00   0.0000000E+00   0.0000000E+00   0.0000000E+00   0.0000000E+00   0.0000000E+00   0.0000000E+00   0.0000000E+00   0.0000000E+00   0.0000000E+00   0.0000000E+00   0.0000000E+00   0.0000000E+00   0.0000000E+00   0.0000000E+00   0.0000000E+00   0.0000000E+00   0.0000000E+00   0.0000000E+00   0.0000000E+00   0.0000000E+00   0.0000000E+00   0.0000000E+00   0.0000000E+00   0.0000000E+00   0.0000000E+00   0.0000000E+00   0.0000000E+00   0.0000000E+00   0.0000000E+00   0.0000000E+00   0.0000000E+00   0.0000000E+00   0.0000000E+00   0.0000000E+00   0.0000000E+00   0.0000000E+00   0.0000000E+00   0.0000000E+00   0.0000000E+00   0.0000000E+00   0.0000000E+00   0.0000000E+00   0.0000000E+00   0.0000000E+00   0.0000000E+00   0.0000000E+00   0.0000000E+00   0.0000000E+00   0.0000000E+00   0.0000000E+00   0.0000000E+00   0.0000000E+00   0.0000000E+00   0.0000000E+00   0.0000000E+00   0.0000000E+00   0.0000000E+00
   0.0000000E+00   0.0000000E+00   0.0000000E+00   0.0000000E+00   0.0000000E+00   3.5595990E-12   2.9061304E-11   5.5382060E-11   2.9899425E-10   7.9949541E-10   1.4976701E-09   2.3452325E-09   3.4337697E-09   4.7798365E-09   6.4166867E-09   8.3413774E-09   1.0419690E-08   1.2819800E-08   1.5448533E-08   1.9202538E-08   2.2483768E-08   2.2827283E-08   2.9541816E-08   3.1765079E-08   1.8904331E-08   1.3191177E-08   7.5908684E-09   2.6584551E-08   1.0850146E-09   3.5985770E-10   1.1871729E-10   4.1557105E-11   1.9376925E-11   1.0714849E-11   0.0000000E+00   0.0000000E+00   0.0000000E+00   0.0000000E+00   0.0000000E+00   0.0000000E+00   0.0000000E+00   0.0000000E+00   0.0000000E+00   0.0000000E+00   0.0000000E+00   0.0000000E+00   0.0000000E+00   0.0000000E+00   0.0000000E+00   0.0000000E+00   0.0000000E+00   0.0000000E+00   0.0000000E+00   0.0000000E+00   0.0000000E+00   0.0000000E+00   0.0000000E+00   0.0000000E+00   0.0000000E+00   0.0000000E+00   0.0000000E+00   0.0000000E+00   0.0000000E+00   0.0000000E+00   0.0000000E+00   0.0000000E+00   0.0000000E+00   0.0000000E+00   0.0000000E+00   0.0000000E+00   0.0000000E+00   0.0000000E+00   0.0000000E+00   0.0000000E+00   0.0000000E+00   0.0000000E+00   0.0000000E+00   0.0000000E+00   0.0000000E+00   0.0000000E+00   0.0000000E+00   0.0000000E+00   0.0000000E+00   0.0000000E+00   0.0000000E+00   0.0000000E+00   0.0000000E+00   0.0000000E+00   0.0000000E+00   0.0000000E+00   0.0000000E+00   0.0000000E+00   0.0000000E+00   0.0000000E+00   0.0000000E+00   0.0000000E+00   0.0000000E+00   0.0000000E+00   0.0000000E+00   0.0000000E+00
   0.0000000E+00   0.0000000E+00   0.0000000E+00   0.0000000E+00   0.0000000E+00   3.6907213E-12   3.0086007E-11   5.5708504E-11   3.0019723E-10   8.0178225E-10   1.5009726E-09   2.3499496E-09   3.4400538E-09   4.7863065E-09   6.4259629E-09   8.3504661E-09   1.0408333E-08   1.2781879E-08   1.5358987E-08   1.9156444E-08   2.2343418E-08   2.1955559E-08   2.8933892E-08   3.0423681E-08   1.4764937E-08   8.8067482E-09   4.1909911E-09   1.4251892E-09   4.4834300E-10   1.4145275E-10   4.7118275E-11   1.7791263E-11   1.0061747E-11   8.3610844E-12   0.0000000E+00   0.0000000E+00   0.0000000E+00   0.0000000E+00   0.0000000E+00   0.0000000E+00   0.0000000E+00   0.0000000E+00   0.0000000E+00   0.0000000E+00   0.0000000E+00   0.0000000E+00   0.0000000E+00   0.0000000E+00   0.0000000E+00   0.0000000E+00   0.0000000E+00   0.0000000E+00   0.0000000E+00   0.0000000E+00   0.0000000E+00   0.0000000E+00   0.0000000E+00   0.0000000E+00   0.0000000E+00   0.0000000E+00   0.0000000E+00   0.0000000E+00   0.0000000E+00   0.0000000E+00   0.0000000E+00   0.0000000E+00   0.0000000E+00   0.0000000E+00   0.0000000E+00   0.0000000E+00   0.0000000E+00   0.0000000E+00   0.0000000E+00   0.0000000E+00   0.0000000E+00   0.0000000E+00   0.0000000E+00   0.0000000E+00   0.0000000E+00   0.0000000E+00   0.0000000E+00   0.0000000E+00   0.0000000E+00   0.0000000E+00   0.0000000E+00   0.0000000E+00   0.0000000E+00   0.0000000E+00   0.0000000E+00   0.0000000E+00   0.0000000E+00   0.0000000E+00   0.0000000E+00   0.0000000E+00   0.0000000E+00   0.0000000E+00   0.0000000E+00   0.0000000E+00   0.0000000E+00   0.0000000E+00
   0.0000000E+00   0.0000000E+00   0.0000000E+00   0.0000000E+00   0.0000000E+00   3.8202471E-12   3.1098377E-11   5.6036738E-11   3.0140412E-10   8.0407342E-10   1.5042796E-09   2.3546667E-09   3.4463175E-09   4.7925512E-09   6.4350676E-09   8.3590228E-09   1.0393276E-08   1.2735233E-08   1.5249661E-08   1.9094706E-08   2.2161114E-08   2.0855472E-08   2.8120311E-08   2.8682360E-08   1.0560641E-08   5.2191074E-09   2.0462032E-09   6.0205346E-10   1.7633252E-10   5.5382254E-11   1.9497346E-11   8.4184422E-12   6.2487771E-12   7.6677067E-12   0.0000000E+00   0.0000000E+00   0.0000000E+00   0.0000000E+00   0.0000000E+00   0.0000000E+00   0.0000000E+00   0.0000000E+00   0.0000000E+00   0.0000000E+00   0.0000000E+00   0.0000000E+00   0.0000000E+00   0.0000000E+00   0.0000000E+00   0.0000000E+00   0.0000000E+00   0.0000000E+00   0.0000000E+00   0.0000000E+00   0.0000000E+00   0.0000000E+00   0.0000000E+00   0.0000000E+00   0.0000000E+00   0.0000000E+00   0.0000000E+00   0.0000000E+00   0.0000000E+00   0.0000000E+00   0.0000000E+00   0.0000000E+00   0.0000000E+00   0.0000000E+00   0.0000000E+00   0.0000000E+00   0.0000000E+00   0.0000000E+00   0.0000000E+00   0.0000000E+00   0.0000000E+00   0.0000000E+00   0.0000000E+00   0.0000000E+00   0.0000000E+00   0.0000000E+00   0.0000000E+00   0.0000000E+00   0.0000000E+00   0.0000000E+00   0.0000000E+00   0.0000000E+00   0.0000000E+00   0.0000000E+00   0.0000000E+00   0.0000000E+00   0.0000000E+00   0.0000000E+00   0.0000000E+00   0.0000000E+00   0.0000000E+00   0.0000000E+00   0.0000000E+00   0.0000000E+00   0.0000000E+00   0.0000000E+00
   0.0000000E+00   0.0000000E+00   0.0000000E+00   0.0000000E+00   0.0000000E+00   3.9482931E-12   3.2099278E-11   5.6366769E-11   3.0261496E-10   8.0636892E-10   1.5075907E-09   2.3593829E-09   3.4525571E-09   4.7985433E-09   6.4439738E-09   8.3669631E-09   1.0373838E-08   1.2677976E-08   1.5115473E-08   1.9012299E-08   2.1921572E-08   1.9454435E-08   2.7023624E-08   2.6458505E-08   6.7548274E-09   2.7165459E-09   8.9415714E-10   2.3803534E-10   6.8169179E-11   2.2290425E-11   8.6766115E-12   4.4944881E-12   4.5897609E-12   7.7971674E-12   0.0000000E+00   0.0000000E+00   0.0000000E+00   0.0000000E+00   0.0000000E+00   0.0000000E+00   0.0000000E+00   0.0000000E+00   0.0000000E+00   0.0000000E+00   0.0000000E+00   0.0000000E+00   0.0000000E+00   0.0000000E+00   0.0000000E+00   0.0000000E+00   0.0000000E+00   0.0000000E+00   0.0000000E+00   0.0000000E+00   0.0000000E+00   0.0000000E+00   0.0000000E+00   0.0000000E+00   0.0000000E+00   0.0000000E+00   0.0000000E+00   0.0000000E+00   0.0000000E+00   0.0000000E+00   0.0000000E+00   0.0000000E+00   0.0000000E+00   0.0000000E+00   0.0000000E+00   0.0000000E+00   0.0000000E+00   0.0000000E+00   0.0000000E+00   0.0000000E+00   0.0000000E+00   0.0000000E+00   0.0000000E+00   0.0000000E+00   0.0000000E+00   0.0000000E+00   0.0000000E+00   0.0000000E+00   0.0000000E+00   0.0000000E+00   0.0000000E+00   0.0000000E+00   0.0000000E+00   0.0000000E+00   0.0000000E+00   0.0000000E+00   0.0000000E+00   0.0000000E+00   0.0000000E+00   0.0000000E+00   0.0000000E+00   0.0000000E+00   0.0000000E+00   0.0000000E+00   0.0000000E+00   0.0000000E+00
   0.0000000E+00   0.0000000E+00   0.0000000E+00   0.0000000E+00   0.0000000E+00   4.0749643E-12   3.3089479E-11   5.6698604E-11   3.0382968E-10   8.0866863E-10   1.5109058E-09   2.3640976E-09   3.4587693E-09   4.8042499E-09   6.4526517E-09   8.3741805E-09   1.0349154E-08   1.2607607E-08   1.4949352E-08   1.8901760E-08   2.1601776E-08   1.7663478E-08   2.5548401E-08   2.3711996E-08   3.7895105E-09   1.2467896E-09   3.5883649E-10   9.1036512E-11   2.6732653E-11   9.4925985E-12   4.2370473E-12   2.7174274E-12   3.8877005E-12   8.4304777E-12   0.0000000E+00   0.0000000E+00   0.0000000E+00   0.0000000E+00   0.0000000E+00   0.0000000E+00   0.0000000E+00   0.0000000E+00   0.0000000E+00   0.0000000E+00   0.0000000E+00   0.0000000E+00   0.0000000E+00   0.0000000E+00   0.0000000E+00   0.0000000E+00   0.0000000E+00   0.0000000E+00   0.0000000E+00   0.0000000E+00   0.0000000E+00   0.0000000E+00   0.0000000E+00   0.0000000E+00   0.0000000E+00   0.0000000E+00   0.0000000E+00   0.0000000E+00   0.0000000E+00   0.0000000E+00   0.0000000E+00   0.0000000E+00   0.0000000E+00   0.0000000E+00   0.0000000E+00   0.0000000E+00   0.0000000E+00   0.0000000E+00   0.0000000E+00   0.0000000E+00   0.0000000E+00   0.0000000E+00   0.0000000E+00   0.0000000E+00   0.0000000E+00   0.0000000E+00   0.0000000E+00   0.0000000E+00   0.0000000E+00   0.0000000E+00   0.0000000E+00   0.0000000E+00   0.0000000E+00   0.0000000E+00   0.0000000E+00   0.0000000E+00   0.0000000E+00   0.0000000E+00   0.0000000E+00   0.0000000E+00   0.0000000E+00   0.0000000E+00   0.0000000E+00   0.0000000E+00   0.0000000E+00   0.0000000E+00
   0.0000000E+00   0.0000000E+00   0.0000000E+00   0.0000000E+00   0.0000000E+00   4.2003562E-12   3.4069685E-11   5.7032254E-11   3.0504835E-10   8.1097251E-10   1.5142246E-09   2.3688094E-09   3.4649490E-09   4.8096327E-09   6.4610632E-09   8.3805443E-09   1.0318106E-08   1.2520717E-08   1.4741075E-08   1.8751569E-08   2.1166683E-08   1.5395656E-08   2.3599208E-08   2.0497222E-08   1.8508317E-09   5.1473042E-10   1.3667627E-10   3.4801377E-11   1.0947114E-11   4.3714134E-12   2.2875001E-12   1.8474831E-12   3.6832442E-12   9.4237482E-12   0.0000000E+00   0.0000000E+00   0.0000000E+00   0.0000000E+00   0.0000000E+00   0.0000000E+00   0.0000000E+00   0.0000000E+00   0.0000000E+00   0.0000000E+00   0.0000000E+00   0.0000000E+00   0.0000000E+00   0.0000000E+00   0.0000000E+00   0.0000000E+00   0.0000000E+00   0.0000000E+00   0.0000000E+00   0.0000000E+00   0.0000000E+00   0.0000000E+00   0.0000000E+00   0.0000000E+00   0.0000000E+00   0.0000000E+00   0.0000000E+00   0.0000000E+00   0.0000000E+00   0.0000000E+00   0.0000000E+00   0.0000000E+00   0.0000000E+00   0.0000000E+00   0.0000000E+00   0.0000000E+00   0.0000000E+00   0.0000000E+00   0.0000000E+00   0.0000000E+00   0.0000000E+00   0.0000000E+00   0.0000000E+00   0.0000000E+00   0.0000000E+00   0.0000000E+00   0.0000000E+00   0.0000000E+00   0.0000000E+00   0.0000000E+00   0.0000000E+00   0.0000000E+00   0.0000000E+00   0.0000000E+00   0.0000000E+00   0.0000000E+00   0.0000000E+00   0.0000000E+00   0.0000000E+00   0.0000000E+00   0.0000000E+00   0.0000000E+00   0.0000000E+00   0.0000000E+00   0.0000000E+00   0.0000000E+00
   0.0000000E+00   0.0000000E+00   0.0000000E+00   0.0000000E+00   0.0000000E+00   4.3245542E-12   3.5040533E-11   5.7367722E-11   3.0627090E-10   8.1328044E-10   1.5175466E-09   2.3735167E-09   3.4710912E-09   4.8146465E-09   6.4691630E-09   8.3858867E-09   1.0279194E-08   1.2412462E-08   1.4475211E-08   1.8543325E-08   2.0563721E-08   1.2619962E-08   2.1123151E-08   1.7000030E-08   7.9496104E-10   1.9728597E-10   5.1142646E-11   1.3710853E-11   4.7943195E-12   2.2028117E-12   1.3618404E-12   1.3945179E-12   3.7888577E-12   1.0699282E-11   0.0000000E+00   0.0000000E+00   0.0000000E+00   0.0000000E+00   0.0000000E+00   0.0000000E+00   0.0000000E+00   0.0000000E+00   0.0000000E+00   0.0000000E+00   0.0000000E+00   0.0000000E+00   0.0000000E+00   0.0000000E+00   0.0000000E+00   0.0000000E+00   0.0000000E+00   0.0000000E+00   0.0000000E+00   0.0000000E+00   0.0000000E+00   0.0000000E+00   0.0000000E+00   0.0000000E+00   0.0000000E+00   0.0000000E+00   0.0000000E+00   0.0000000E+00   0.0000000E+00   0.0000000E+00   0.0000000E+00   0.0000000E+00   0.0000000E+00   0.0000000E+00   0.0000000E+00   0.0000000E+00   0.0000000E+00   0.0000000E+00   0.0000000E+00   0.0000000E+00   0.0000000E+00   0.0000000E+00   0.0000000E+00   0.0000000E+00   0.0000000E+00   0.0000000E+00   0.0000000E+00   0.0000000E+00   0.0000000E+00   0.0000000E+00   0.0000000E+00   0.0000000E+00   0.0000000E+00   0.0000000E+00   0.0000000E+00   0.0000000E+00   0.0000000E+00   0.0000000E+00   0.0000000E+00   0.0000000E+00   0.0000000E+00   0.0000000E+00   0.0000000E+00   0.0000000E+00   0.0000000E+00   0.0000000E+00
   0.0000000E+00   0.0000000E+00   0.0000000E+00   0.0000000E+00   0.0000000E+00   4.4476363E-12   3.6002604E-11   5.7705014E-11   3.0749736E-10   8.1559243E-10   1.5208717E-09   2.3782185E-09   3.4771899E-09   4.8192370E-09   6.4768950E-09   8.3899927E-09   1.0230351E-08   1.2275629E-08   1.4127384E-08   1.8247059E-08   1.9718327E-08   9.4570893E-09   1.8171150E-08   1.3514092E-08   3.0853339E-10   7.2806289E-11   1.9429399E-11   5.7160891E-12   2.2816677E-12   1.2173026E-12   8.8639659E-13   1.1513594E-12   4.1263542E-12   1.2205854E-11   5.4789958E-15   0.0000000E+00   0.0000000E+00   0.0000000E+00   0.0000000E+00   0.0000000E+00   0.0000000E+00   0.0000000E+00   0.0000000E+00   0.0000000E+00   0.0000000E+00   0.0000000E+00   0.0000000E+00   0.0000000E+00   0.0000000E+00   0.0000000E+00   0.0000000E+00   0.0000000E+00   0.0000000E+00   0.0000000E+00   0.0000000E+00   0.0000000E+00   0.0000000E+00   0.0000000E+00   0.0000000E+00   0.0000000E+00   0.0000000E+00   0.0000000E+00   0.0000000E+00   0.0000000E+00   0.0000000E+00   0.0000000E+00   0.0000000E+00   0.0000000E+00   0.0000000E+00   0.0000000E+00   0.0000000E+00   0.0000000E+00   0.0000000E+00   0.0000000E+00   0.0000000E+00   0.0000000E+00   0.0000000E+00   0.0000000E+00   0.0000000E+00   0.0000000E+00   0.0000000E+00   0.0000000E+00   0.0000000E+00   0.0000000E+00   0.0000000E+00   0.0000000E+00   0.0000000E+00   0.0000000E+00   0.0000000E+00   0.0000000E+00   0.0000000E+00   0.0000000E+00   0.0000000E+00   0.0000000E+00   0.0000000E+00   0.0000000E+00   0.0000000E+00   0.0000000E+00   0.0000000E+00   0.0000000E+00
   0.0000000E+00   0.0000000E+00   0.0000000E+00   0.0000000E+00   0.0000000E+00   4.5696749E-12   3.6956431E-11   5.8044142E-11   3.0872774E-10   8.1790835E-10   1.5241990E-09   2.3829128E-09   3.4832379E-09   4.8233382E-09   6.4841870E-09   8.3925720E-09   1.0168568E-08   1.2098830E-08   1.3657747E-08   1.7814445E-08   1.8536898E-08   6.2597425E-09   1.4939673E-08   1.0344666E-08   1.1236928E-10   2.6822426E-11   7.7181803E-12   2.5723065E-12   1.1881974E-12   7.3399343E-13   6.2376206E-13   1.0242687E-12   4.6655457E-12   1.3905562E-11   3.1501697E-14   0.0000000E+00   0.0000000E+00   0.0000000E+00   0.0000000E+00   0.0000000E+00   0.0000000E+00   0.0000000E+00   0.0000000E+00   0.0000000E+00   0.0000000E+00   0.0000000E+00   0.0000000E+00   0.0000000E+00   0.0000000E+00   0.0000000E+00   0.0000000E+00   0.0000000E+00   0.0000000E+00   0.0000000E+00   0.0000000E+00   0.0000000E+00   0.0000000E+00   0.0000000E+00   0.0000000E+00   0.0000000E+00   0.0000000E+00   0.0000000E+00   0.0000000E+00   0.0000000E+00   0.0000000E+00   0.0000000E+00   0.0000000E+00   0.0000000E+00   0.0000000E+00   0.0000000E+00   0.0000000E+00   0.0000000E+00   0.0000000E+00   0.0000000E+00   0.0000000E+00   0.0000000E+00   0.0000000E+00   0.0000000E+00   0.0000000E+00   0.0000000E+00   0.0000000E+00   0.0000000E+00   0.0000000E+00   0.0000000E+00   0.0000000E+00   0.0000000E+00   0.0000000E+00   0.0000000E+00   0.0000000E+00   0.0000000E+00   0.0000000E+00   0.0000000E+00   0.0000000E+00   0.0000000E+00   0.0000000E+00   0.0000000E+00   0.0000000E+00   0.0000000E+00   0.0000000E+00   0.0000000E+00
