   1.0072618E+05   9.9537140E+04   9.8359487E+04   9.7193141E+04   9.6038017E+04   9.4894033E+04   9.3761106E+04   9.2639156E+04   9.1528099E+04   9.0427855E+04   8.9338344E+04   8.8259485E+04   8.7191198E+04   8.6133404E+04   8.5086024E+04   8.4048979E+04   8.3022191E+04   8.2005583E+04   8.0999076E+04   8.0002594E+04   7.9016061E+04   7.8039400E+04   7.7072535E+04   7.6115392E+04   7.5167895E+04   7.4229970E+04   7.3301542E+04   7.2382538E+04   7.1472885E+04   7.0572509E+04   6.9681339E+04   6.8799301E+04   6.7926324E+04   6.7062338E+04   6.6207270E+04   6.5361050E+04   6.4523608E+04   6.3694874E+04   6.2874780E+04   6.2063254E+04   6.1260230E+04   6.0465639E+04   5.9679413E+04   5.8901484E+04   5.8131785E+04   5.7370249E+04   5.6616811E+04   5.5871404E+04   5.5133962E+04   5.4404420E+04   5.3682714E+04   5.2968778E+04   5.2262549E+04   5.1563963E+04   5.0872956E+04   5.0189466E+04   4.9513429E+04   4.8844783E+04   4.8183467E+04   4.7529418E+04   4.6882576E+04   4.6242880E+04   4.5610268E+04   4.4984681E+04   4.4366060E+04   4.3754344E+04   4.3149475E+04   4.2551393E+04   4.1960040E+04   4.1375359E+04   4.0797292E+04   4.0225780E+04   3.9660768E+04   3.9102198E+04   3.8550014E+04   3.8004161E+04   3.7464581E+04   3.6931222E+04   3.6404026E+04   3.5882939E+04   3.5367909E+04   3.4858879E+04   3.4355797E+04   3.3858609E+04   3.3367263E+04   3.2881705E+04   3.2401884E+04   3.1927748E+04   3.1459244E+04   3.0996322E+04   3.0538930E+04   3.0087018E+04   2.9640535E+04   2.9199432E+04   2.8763659E+04   2.8333166E+04   2.7907904E+04   2.7487825E+04   2.7072879E+04   2.6663020E+04
   1.0072618E+05   9.9537140E+04   9.8359487E+04   9.7193141E+04   9.6038017E+04   9.4894033E+04   9.3761106E+04   9.2639156E+04   9.1528099E+04   9.0427855E+04   8.9338344E+04   8.8259485E+04   8.7191198E+04   8.6133404E+04   8.5086024E+04   8.4048979E+04   8.3022191E+04   8.2005583E+04   8.0999076E+04   8.0002594E+04   7.9016061E+04   7.8039400E+04   7.7072535E+04   7.6115392E+04   7.5167895E+04   7.4229970E+04   7.3301542E+04   7.2382538E+04   7.1472885E+04   7.0572509E+04   6.9681339E+04   6.8799301E+04   6.7926324E+04   6.7062338E+04   6.6207270E+04   6.5361050E+04   6.4523608E+04   6.3694874E+04   6.2874780E+04   6.2063254E+04   6.1260230E+04   6.0465639E+04   5.9679413E+04   5.8901484E+04   5.8131785E+04   5.7370249E+04   5.6616811E+04   5.5871404E+04   5.5133962E+04   5.4404420E+04   5.3682714E+04   5.2968778E+04   5.2262549E+04   5.1563963E+04   5.0872956E+04   5.0189466E+04   4.9513429E+04   4.8844783E+04   4.8183467E+04   4.7529418E+04   4.6882576E+04   4.6242880E+04   4.5610268E+04   4.4984681E+04   4.4366060E+04   4.3754344E+04   4.3149475E+04   4.2551393E+04   4.1960040E+04   4.1375359E+04   4.0797292E+04   4.0225780E+04   3.9660768E+04   3.9102198E+04   3.8550014E+04   3.8004161E+04   3.7464581E+04   3.6931222E+04   3.6404026E+04   3.5882939E+04   3.5367909E+04   3.4858879E+04   3.4355797E+04   3.3858609E+04   3.3367263E+04   3.2881705E+04   3.2401884E+04   3.1927748E+04   3.1459244E+04   3.0996322E+04   3.0538930E+04   3.0087018E+04   2.9640535E+04   2.9199432E+04   2.8763659E+04   2.8333166E+04   2.7907904E+04   2.7487825E+04   2.7072879E+04   2.6663020E+04
   1.0072618E+05   9.9537140E+04   9.8359487E+04   9.7193141E+04   9.6038017E+04   9.4894033E+04   9.3761106E+04   9.2639156E+04   9.1528099E+04   9.0427855E+04   8.9338344E+04   8.8259485E+04   8.7191198E+04   8.6133404E+04   8.5086024E+04   8.4048979E+04   8.3022191E+04   8.2005583E+04   8.0999076E+04   8.0002594E+04   7.9016061E+04   7.8039400E+04   7.7072535E+04   7.6115392E+04   7.5167895E+04   7.4229970E+04   7.3301542E+04   7.2382538E+04   7.1472885E+04   7.0572509E+04   6.9681339E+04   6.8799301E+04   6.7926324E+04   6.7062338E+04   6.6207270E+04   6.5361050E+04   6.4523608E+04   6.3694874E+04   6.2874780E+04   6.2063254E+04   6.1260230E+04   6.0465639E+04   5.9679413E+04   5.8901484E+04   5.8131785E+04   5.7370249E+04   5.6616811E+04   5.5871404E+04   5.5133962E+04   5.4404420E+04   5.3682714E+04   5.2968778E+04   5.2262549E+04   5.1563963E+04   5.0872956E+04   5.0189466E+04   4.9513429E+04   4.8844783E+04   4.8183467E+04   4.7529418E+04   4.6882576E+04   4.6242880E+04   4.5610268E+04   4.4984681E+04   4.4366060E+04   4.3754344E+04   4.3149475E+04   4.2551393E+04   4.1960040E+04   4.1375359E+04   4.0797292E+04   4.0225780E+04   3.9660768E+04   3.9102198E+04   3.8550014E+04   3.8004161E+04   3.7464581E+04   3.6931222E+04   3.6404026E+04   3.5882939E+04   3.5367909E+04   3.4858879E+04   3.4355797E+04   3.3858609E+04   3.3367263E+04   3.2881705E+04   3.2401884E+04   3.1927748E+04   3.1459244E+04   3.0996322E+04   3.0538930E+04   3.0087018E+04   2.9640535E+04   2.9199432E+04   2.8763659E+04   2.8333166E+04   2.7907904E+04   2.7487825E+04   2.7072879E+04   2.6663020E+04
   1.0072618E+05   9.9537140E+04   9.8359487E+04   9.7193141E+04   9.6038017E+04   9.4894033E+04   9.3761106E+04   9.2639156E+04   9.1528099E+04   9.0427855E+04   8.9338344E+04   8.8259485E+04   8.7191198E+04   8.6133404E+04   8.5086024E+04   8.4048979E+04   8.3022191E+04   8.2005583E+04   8.0999076E+04   8.0002594E+04   7.9016061E+04   7.8039400E+04   7.7072535E+04   7.6115392E+04   7.5167895E+04   7.4229970E+04   7.3301542E+04   7.2382538E+04   7.1472885E+04   7.0572509E+04   6.9681339E+04   6.8799301E+04   6.7926324E+04   6.7062338E+04   6.6207270E+04   6.5361050E+04   6.4523608E+04   6.3694874E+04   6.2874780E+04   6.2063254E+04   6.1260230E+04   6.0465639E+04   5.9679413E+04   5.8901484E+04   5.8131785E+04   5.7370249E+04   5.6616811E+04   5.5871404E+04   5.5133962E+04   5.4404420E+04   5.3682714E+04   5.2968778E+04   5.2262549E+04   5.1563963E+04   5.0872956E+04   5.0189466E+04   4.9513429E+04   4.8844783E+04   4.8183467E+04   4.7529418E+04   4.6882576E+04   4.6242880E+04   4.5610268E+04   4.4984681E+04   4.4366060E+04   4.3754344E+04   4.3149475E+04   4.2551393E+04   4.1960040E+04   4.1375359E+04   4.0797292E+04   4.0225780E+04   3.9660768E+04   3.9102198E+04   3.8550014E+04   3.8004161E+04   3.7464581E+04   3.6931222E+04   3.6404026E+04   3.5882939E+04   3.5367909E+04   3.4858879E+04   3.4355797E+04   3.3858609E+04   3.3367263E+04   3.2881705E+04   3.2401884E+04   3.1927748E+04   3.1459244E+04   3.0996322E+04   3.0538930E+04   3.0087018E+04   2.9640535E+04   2.9199432E+04   2.8763659E+04   2.8333166E+04   2.7907904E+04   2.7487825E+04   2.7072879E+04   2.6663020E+04
   1.0072618E+05   9.9537140E+04   9.8359487E+04   9.7193141E+04   9.6038017E+04   9.4894033E+04   9.3761106E+04   9.2639156E+04   9.1528099E+04   9.0427855E+04   8.9338344E+04   8.8259485E+04   8.7191198E+04   8.6133404E+04   8.5086024E+04   8.4048979E+04   8.3022191E+04   8.2005583E+04   8.0999076E+04   8.0002594E+04   7.9016061E+04   7.8039400E+04   7.7072535E+04   7.6115392E+04   7.5167895E+04   7.4229970E+04   7.3301542E+04   7.2382538E+04   7.1472885E+04   7.0572509E+04   6.9681339E+04   6.8799301E+04   6.7926324E+04   6.7062338E+04   6.6207270E+04   6.5361050E+04   6.4523608E+04   6.3694874E+04   6.2874780E+04   6.2063254E+04   6.1260230E+04   6.0465639E+04   5.9679413E+04   5.8901484E+04   5.8131785E+04   5.7370249E+04   5.6616811E+04   5.5871404E+04   5.5133962E+04   5.4404420E+04   5.3682714E+04   5.2968778E+04   5.2262549E+04   5.1563963E+04   5.0872956E+04   5.0189466E+04   4.9513429E+04   4.8844783E+04   4.8183467E+04   4.7529418E+04   4.6882576E+04   4.6242880E+04   4.5610268E+04   4.4984681E+04   4.4366060E+04   4.3754344E+04   4.3149475E+04   4.2551393E+04   4.1960040E+04   4.1375359E+04   4.0797292E+04   4.0225780E+04   3.9660768E+04   3.9102198E+04   3.8550014E+04   3.8004161E+04   3.7464581E+04   3.6931222E+04   3.6404026E+04   3.5882939E+04   3.5367909E+04   3.4858879E+04   3.4355797E+04   3.3858609E+04   3.3367263E+04   3.2881705E+04   3.2401884E+04   3.1927748E+04   3.1459244E+04   3.0996322E+04   3.0538930E+04   3.0087018E+04   2.9640535E+04   2.9199432E+04   2.8763659E+04   2.8333166E+04   2.7907904E+04   2.7487825E+04   2.7072879E+04   2.6663020E+04
   1.0072618E+05   9.9537140E+04   9.8359487E+04   9.7193141E+04   9.6038017E+04   9.4894033E+04   9.3761106E+04   9.2639156E+04   9.1528099E+04   9.0427855E+04   8.9338344E+04   8.8259485E+04   8.7191198E+04   8.6133404E+04   8.5086024E+04   8.4048979E+04   8.3022191E+04   8.2005583E+04   8.0999076E+04   8.0002594E+04   7.9016061E+04   7.8039400E+04   7.7072535E+04   7.6115392E+04   7.5167895E+04   7.4229970E+04   7.3301542E+04   7.2382538E+04   7.1472885E+04   7.0572509E+04   6.9681339E+04   6.8799301E+04   6.7926324E+04   6.7062338E+04   6.6207270E+04   6.5361050E+04   6.4523608E+04   6.3694874E+04   6.2874780E+04   6.2063254E+04   6.1260230E+04   6.0465639E+04   5.9679413E+04   5.8901484E+04   5.8131785E+04   5.7370249E+04   5.6616811E+04   5.5871404E+04   5.5133962E+04   5.4404420E+04   5.3682714E+04   5.2968778E+04   5.2262549E+04   5.1563963E+04   5.0872956E+04   5.0189466E+04   4.9513429E+04   4.8844783E+04   4.8183467E+04   4.7529418E+04   4.6882576E+04   4.6242880E+04   4.5610268E+04   4.4984681E+04   4.4366060E+04   4.3754344E+04   4.3149475E+04   4.2551393E+04   4.1960040E+04   4.1375359E+04   4.0797292E+04   4.0225780E+04   3.9660768E+04   3.9102198E+04   3.8550014E+04   3.8004161E+04   3.7464581E+04   3.6931222E+04   3.6404026E+04   3.5882939E+04   3.5367909E+04   3.4858879E+04   3.4355797E+04   3.3858609E+04   3.3367263E+04   3.2881705E+04   3.2401884E+04   3.1927748E+04   3.1459244E+04   3.0996322E+04   3.0538930E+04   3.0087018E+04   2.9640535E+04   2.9199432E+04   2.8763659E+04   2.8333166E+04   2.7907904E+04   2.7487825E+04   2.7072879E+04   2.6663020E+04
   1.0072618E+05   9.9537140E+04   9.8359487E+04   9.7193141E+04   9.6038017E+04   9.4894033E+04   9.3761106E+04   9.2639156E+04   9.1528099E+04   9.0427855E+04   8.9338344E+04   8.8259485E+04   8.7191198E+04   8.6133404E+04   8.5086024E+04   8.4048979E+04   8.3022191E+04   8.2005583E+04   8.0999076E+04   8.0002594E+04   7.9016061E+04   7.8039400E+04   7.7072535E+04   7.6115392E+04   7.5167895E+04   7.4229970E+04   7.3301542E+04   7.2382538E+04   7.1472885E+04   7.0572509E+04   6.9681339E+04   6.8799301E+04   6.7926324E+04   6.7062338E+04   6.6207270E+04   6.5361050E+04   6.4523608E+04   6.3694874E+04   6.2874780E+04   6.2063254E+04   6.1260230E+04   6.0465639E+04   5.9679413E+04   5.8901484E+04   5.8131785E+04   5.7370249E+04   5.6616811E+04   5.5871404E+04   5.5133962E+04   5.4404420E+04   5.3682714E+04   5.2968778E+04   5.2262549E+04   5.1563963E+04   5.0872956E+04   5.0189466E+04   4.9513429E+04   4.8844783E+04   4.8183467E+04   4.7529418E+04   4.6882576E+04   4.6242880E+04   4.5610268E+04   4.4984681E+04   4.4366060E+04   4.3754344E+04   4.3149475E+04   4.2551393E+04   4.1960040E+04   4.1375359E+04   4.0797292E+04   4.0225780E+04   3.9660768E+04   3.9102198E+04   3.8550014E+04   3.8004161E+04   3.7464581E+04   3.6931222E+04   3.6404026E+04   3.5882939E+04   3.5367909E+04   3.4858879E+04   3.4355797E+04   3.3858609E+04   3.3367263E+04   3.2881705E+04   3.2401884E+04   3.1927748E+04   3.1459244E+04   3.0996322E+04   3.0538930E+04   3.0087018E+04   2.9640535E+04   2.9199432E+04   2.8763659E+04   2.8333166E+04   2.7907904E+04   2.7487825E+04   2.7072879E+04   2.6663020E+04
   1.0072618E+05   9.9537140E+04   9.8359487E+04   9.7193141E+04   9.6038017E+04   9.4894033E+04   9.3761106E+04   9.2639156E+04   9.1528099E+04   9.0427855E+04   8.9338344E+04   8.8259485E+04   8.7191198E+04   8.6133404E+04   8.5086024E+04   8.4048979E+04   8.3022191E+04   8.2005583E+04   8.0999076E+04   8.0002594E+04   7.9016061E+04   7.8039400E+04   7.7072535E+04   7.6115392E+04   7.5167895E+04   7.4229970E+04   7.3301542E+04   7.2382538E+04   7.1472885E+04   7.0572509E+04   6.9681339E+04   6.8799301E+04   6.7926324E+04   6.7062338E+04   6.6207270E+04   6.5361050E+04   6.4523608E+04   6.3694874E+04   6.2874780E+04   6.2063254E+04   6.1260230E+04   6.0465639E+04   5.9679413E+04   5.8901484E+04   5.8131785E+04   5.7370249E+04   5.6616811E+04   5.5871404E+04   5.5133962E+04   5.4404420E+04   5.3682714E+04   5.2968778E+04   5.2262549E+04   5.1563963E+04   5.0872956E+04   5.0189466E+04   4.9513429E+04   4.8844783E+04   4.8183467E+04   4.7529418E+04   4.6882576E+04   4.6242880E+04   4.5610268E+04   4.4984681E+04   4.4366060E+04   4.3754344E+04   4.3149475E+04   4.2551393E+04   4.1960040E+04   4.1375359E+04   4.0797292E+04   4.0225780E+04   3.9660768E+04   3.9102198E+04   3.8550014E+04   3.8004161E+04   3.7464581E+04   3.6931222E+04   3.6404026E+04   3.5882939E+04   3.5367909E+04   3.4858879E+04   3.4355797E+04   3.3858609E+04   3.3367263E+04   3.2881705E+04   3.2401884E+04   3.1927748E+04   3.1459244E+04   3.0996322E+04   3.0538930E+04   3.0087018E+04   2.9640535E+04   2.9199432E+04   2.8763659E+04   2.8333166E+04   2.7907904E+04   2.7487825E+04   2.7072879E+04   2.6663020E+04
   1.0072618E+05   9.9537140E+04   9.8359487E+04   9.7193141E+04   9.6038017E+04   9.4894033E+04   9.3761106E+04   9.2639156E+04   9.1528099E+04   9.0427855E+04   8.9338344E+04   8.8259485E+04   8.7191198E+04   8.6133404E+04   8.5086024E+04   8.4048979E+04   8.3022191E+04   8.2005583E+04   8.0999076E+04   8.0002594E+04   7.9016061E+04   7.8039400E+04   7.7072535E+04   7.6115392E+04   7.5167895E+04   7.4229970E+04   7.3301542E+04   7.2382538E+04   7.1472885E+04   7.0572509E+04   6.9681339E+04   6.8799301E+04   6.7926324E+04   6.7062338E+04   6.6207270E+04   6.5361050E+04   6.4523608E+04   6.3694874E+04   6.2874780E+04   6.2063254E+04   6.1260230E+04   6.0465639E+04   5.9679413E+04   5.8901484E+04   5.8131785E+04   5.7370249E+04   5.6616811E+04   5.5871404E+04   5.5133962E+04   5.4404420E+04   5.3682714E+04   5.2968778E+04   5.2262549E+04   5.1563963E+04   5.0872956E+04   5.0189466E+04   4.9513429E+04   4.8844783E+04   4.8183467E+04   4.7529418E+04   4.6882576E+04   4.6242880E+04   4.5610268E+04   4.4984681E+04   4.4366060E+04   4.3754344E+04   4.3149475E+04   4.2551393E+04   4.1960040E+04   4.1375359E+04   4.0797292E+04   4.0225780E+04   3.9660768E+04   3.9102198E+04   3.8550014E+04   3.8004161E+04   3.7464581E+04   3.6931222E+04   3.6404026E+04   3.5882939E+04   3.5367909E+04   3.4858879E+04   3.4355797E+04   3.3858609E+04   3.3367263E+04   3.2881705E+04   3.2401884E+04   3.1927748E+04   3.1459244E+04   3.0996322E+04   3.0538930E+04   3.0087018E+04   2.9640535E+04   2.9199432E+04   2.8763659E+04   2.8333166E+04   2.7907904E+04   2.7487825E+04   2.7072879E+04   2.6663020E+04
   1.0072618E+05   9.9537140E+04   9.8359487E+04   9.7193141E+04   9.6038017E+04   9.4894033E+04   9.3761106E+04   9.2639156E+04   9.1528099E+04   9.0427855E+04   8.9338344E+04   8.8259485E+04   8.7191198E+04   8.6133404E+04   8.5086024E+04   8.4048979E+04   8.3022191E+04   8.2005583E+04   8.0999076E+04   8.0002594E+04   7.9016061E+04   7.8039400E+04   7.7072535E+04   7.6115392E+04   7.5167895E+04   7.4229970E+04   7.3301542E+04   7.2382538E+04   7.1472885E+04   7.0572509E+04   6.9681339E+04   6.8799301E+04   6.7926324E+04   6.7062338E+04   6.6207270E+04   6.5361050E+04   6.4523608E+04   6.3694874E+04   6.2874780E+04   6.2063254E+04   6.1260230E+04   6.0465639E+04   5.9679413E+04   5.8901484E+04   5.8131785E+04   5.7370249E+04   5.6616811E+04   5.5871404E+04   5.5133962E+04   5.4404420E+04   5.3682714E+04   5.2968778E+04   5.2262549E+04   5.1563963E+04   5.0872956E+04   5.0189466E+04   4.9513429E+04   4.8844783E+04   4.8183467E+04   4.7529418E+04   4.6882576E+04   4.6242880E+04   4.5610268E+04   4.4984681E+04   4.4366060E+04   4.3754344E+04   4.3149475E+04   4.2551393E+04   4.1960040E+04   4.1375359E+04   4.0797292E+04   4.0225780E+04   3.9660768E+04   3.9102198E+04   3.8550014E+04   3.8004161E+04   3.7464581E+04   3.6931222E+04   3.6404026E+04   3.5882939E+04   3.5367909E+04   3.4858879E+04   3.4355797E+04   3.3858609E+04   3.3367263E+04   3.2881705E+04   3.2401884E+04   3.1927748E+04   3.1459244E+04   3.0996322E+04   3.0538930E+04   3.0087018E+04   2.9640535E+04   2.9199432E+04   2.8763659E+04   2.8333166E+04   2.7907904E+04   2.7487825E+04   2.7072879E+04   2.6663020E+04
   1.0072618E+05   9.9537140E+04   9.8359487E+04   9.7193141E+04   9.6038017E+04   9.4894033E+04   9.3761106E+04   9.2639156E+04   9.1528099E+04   9.0427855E+04   8.9338344E+04   8.8259485E+04   8.7191198E+04   8.6133404E+04   8.5086024E+04   8.4048979E+04   8.3022191E+04   8.2005583E+04   8.0999076E+04   8.0002594E+04   7.9016061E+04   7.8039400E+04   7.7072535E+04   7.6115392E+04   7.5167895E+04   7.4229970E+04   7.3301542E+04   7.2382538E+04   7.1472885E+04   7.0572509E+04   6.9681339E+04   6.8799301E+04   6.7926324E+04   6.7062338E+04   6.6207270E+04   6.5361050E+04   6.4523608E+04   6.3694874E+04   6.2874780E+04   6.2063254E+04   6.1260230E+04   6.0465639E+04   5.9679413E+04   5.8901484E+04   5.8131785E+04   5.7370249E+04   5.6616811E+04   5.5871404E+04   5.5133962E+04   5.4404420E+04   5.3682714E+04   5.2968778E+04   5.2262549E+04   5.1563963E+04   5.0872956E+04   5.0189466E+04   4.9513429E+04   4.8844783E+04   4.8183467E+04   4.7529418E+04   4.6882576E+04   4.6242880E+04   4.5610268E+04   4.4984681E+04   4.4366060E+04   4.3754344E+04   4.3149475E+04   4.2551393E+04   4.1960040E+04   4.1375359E+04   4.0797292E+04   4.0225780E+04   3.9660768E+04   3.9102198E+04   3.8550014E+04   3.8004161E+04   3.7464581E+04   3.6931222E+04   3.6404026E+04   3.5882939E+04   3.5367909E+04   3.4858879E+04   3.4355797E+04   3.3858609E+04   3.3367263E+04   3.2881705E+04   3.2401884E+04   3.1927748E+04   3.1459244E+04   3.0996322E+04   3.0538930E+04   3.0087018E+04   2.9640535E+04   2.9199432E+04   2.8763659E+04   2.8333166E+04   2.7907904E+04   2.7487825E+04   2.7072879E+04   2.6663020E+04
   1.0072618E+05   9.9537140E+04   9.8359487E+04   9.7193141E+04   9.6038017E+04   9.4894033E+04   9.3761106E+04   9.2639156E+04   9.1528099E+04   9.0427855E+04   8.9338344E+04   8.8259485E+04   8.7191198E+04   8.6133404E+04   8.5086024E+04   8.4048979E+04   8.3022191E+04   8.2005583E+04   8.0999076E+04   8.0002594E+04   7.9016061E+04   7.8039400E+04   7.7072535E+04   7.6115392E+04   7.5167895E+04   7.4229970E+04   7.3301542E+04   7.2382538E+04   7.1472885E+04   7.0572509E+04   6.9681339E+04   6.8799301E+04   6.7926324E+04   6.7062338E+04   6.6207270E+04   6.5361050E+04   6.4523608E+04   6.3694874E+04   6.2874780E+04   6.2063254E+04   6.1260230E+04   6.0465639E+04   5.9679413E+04   5.8901484E+04   5.8131785E+04   5.7370249E+04   5.6616811E+04   5.5871404E+04   5.5133962E+04   5.4404420E+04   5.3682714E+04   5.2968778E+04   5.2262549E+04   5.1563963E+04   5.0872956E+04   5.0189466E+04   4.9513429E+04   4.8844783E+04   4.8183467E+04   4.7529418E+04   4.6882576E+04   4.6242880E+04   4.5610268E+04   4.4984681E+04   4.4366060E+04   4.3754344E+04   4.3149475E+04   4.2551393E+04   4.1960040E+04   4.1375359E+04   4.0797292E+04   4.0225780E+04   3.9660768E+04   3.9102198E+04   3.8550014E+04   3.8004161E+04   3.7464581E+04   3.6931222E+04   3.6404026E+04   3.5882939E+04   3.5367909E+04   3.4858879E+04   3.4355797E+04   3.3858609E+04   3.3367263E+04   3.2881705E+04   3.2401884E+04   3.1927748E+04   3.1459244E+04   3.0996322E+04   3.0538930E+04   3.0087018E+04   2.9640535E+04   2.9199432E+04   2.8763659E+04   2.8333166E+04   2.7907904E+04   2.7487825E+04   2.7072879E+04   2.6663020E+04
   1.0072618E+05   9.9537140E+04   9.8359487E+04   9.7193141E+04   9.6038017E+04   9.4894033E+04   9.3761106E+04   9.2639156E+04   9.1528099E+04   9.0427855E+04   8.9338344E+04   8.8259485E+04   8.7191198E+04   8.6133404E+04   8.5086024E+04   8.4048979E+04   8.3022191E+04   8.2005583E+04   8.0999076E+04   8.0002594E+04   7.9016061E+04   7.8039400E+04   7.7072535E+04   7.6115392E+04   7.5167895E+04   7.4229970E+04   7.3301542E+04   7.2382538E+04   7.1472885E+04   7.0572509E+04   6.9681339E+04   6.8799301E+04   6.7926324E+04   6.7062338E+04   6.6207270E+04   6.5361050E+04   6.4523608E+04   6.3694874E+04   6.2874780E+04   6.2063254E+04   6.1260230E+04   6.0465639E+04   5.9679413E+04   5.8901484E+04   5.8131785E+04   5.7370249E+04   5.6616811E+04   5.5871404E+04   5.5133962E+04   5.4404420E+04   5.3682714E+04   5.2968778E+04   5.2262549E+04   5.1563963E+04   5.0872956E+04   5.0189466E+04   4.9513429E+04   4.8844783E+04   4.8183467E+04   4.7529418E+04   4.6882576E+04   4.6242880E+04   4.5610268E+04   4.4984681E+04   4.4366060E+04   4.3754344E+04   4.3149475E+04   4.2551393E+04   4.1960040E+04   4.1375359E+04   4.0797292E+04   4.0225780E+04   3.9660768E+04   3.9102198E+04   3.8550014E+04   3.8004161E+04   3.7464581E+04   3.6931222E+04   3.6404026E+04   3.5882939E+04   3.5367909E+04   3.4858879E+04   3.4355797E+04   3.3858609E+04   3.3367263E+04   3.2881705E+04   3.2401884E+04   3.1927748E+04   3.1459244E+04   3.0996322E+04   3.0538930E+04   3.0087018E+04   2.9640535E+04   2.9199432E+04   2.8763659E+04   2.8333166E+04   2.7907904E+04   2.7487825E+04   2.7072879E+04   2.6663020E+04
   1.0072618E+05   9.9537140E+04   9.8359487E+04   9.7193141E+04   9.6038017E+04   9.4894033E+04   9.3761106E+04   9.2639156E+04   9.1528099E+04   9.0427855E+04   8.9338344E+04   8.8259485E+04   8.7191198E+04   8.6133404E+04   8.5086024E+04   8.4048979E+04   8.3022191E+04   8.2005583E+04   8.0999076E+04   8.0002594E+04   7.9016061E+04   7.8039400E+04   7.7072535E+04   7.6115392E+04   7.5167895E+04   7.4229970E+04   7.3301542E+04   7.2382538E+04   7.1472885E+04   7.0572509E+04   6.9681339E+04   6.8799301E+04   6.7926324E+04   6.7062338E+04   6.6207270E+04   6.5361050E+04   6.4523608E+04   6.3694874E+04   6.2874780E+04   6.2063254E+04   6.1260230E+04   6.0465639E+04   5.9679413E+04   5.8901484E+04   5.8131785E+04   5.7370249E+04   5.6616811E+04   5.5871404E+04   5.5133962E+04   5.4404420E+04   5.3682714E+04   5.2968778E+04   5.2262549E+04   5.1563963E+04   5.0872956E+04   5.0189466E+04   4.9513429E+04   4.8844783E+04   4.8183467E+04   4.7529418E+04   4.6882576E+04   4.6242880E+04   4.5610268E+04   4.4984681E+04   4.4366060E+04   4.3754344E+04   4.3149475E+04   4.2551393E+04   4.1960040E+04   4.1375359E+04   4.0797292E+04   4.0225780E+04   3.9660768E+04   3.9102198E+04   3.8550014E+04   3.8004161E+04   3.7464581E+04   3.6931222E+04   3.6404026E+04   3.5882939E+04   3.5367909E+04   3.4858879E+04   3.4355797E+04   3.3858609E+04   3.3367263E+04   3.2881705E+04   3.2401884E+04   3.1927748E+04   3.1459244E+04   3.0996322E+04   3.0538930E+04   3.0087018E+04   2.9640535E+04   2.9199432E+04   2.8763659E+04   2.8333166E+04   2.7907904E+04   2.7487825E+04   2.7072879E+04   2.6663020E+04
   1.0072618E+05   9.9537140E+04   9.8359487E+04   9.7193141E+04   9.6038017E+04   9.4894033E+04   9.3761106E+04   9.2639156E+04   9.1528099E+04   9.0427855E+04   8.9338344E+04   8.8259485E+04   8.7191198E+04   8.6133404E+04   8.5086024E+04   8.4048979E+04   8.3022191E+04   8.2005583E+04   8.0999076E+04   8.0002594E+04   7.9016061E+04   7.8039400E+04   7.7072535E+04   7.6115392E+04   7.5167895E+04   7.4229970E+04   7.3301542E+04   7.2382538E+04   7.1472885E+04   7.0572509E+04   6.9681339E+04   6.8799301E+04   6.7926324E+04   6.7062338E+04   6.6207270E+04   6.5361050E+04   6.4523608E+04   6.3694874E+04   6.2874780E+04   6.2063254E+04   6.1260230E+04   6.0465639E+04   5.9679413E+04   5.8901484E+04   5.8131785E+04   5.7370249E+04   5.6616811E+04   5.5871404E+04   5.5133962E+04   5.4404420E+04   5.3682714E+04   5.2968778E+04   5.2262549E+04   5.1563963E+04   5.0872956E+04   5.0189466E+04   4.9513429E+04   4.8844783E+04   4.8183467E+04   4.7529418E+04   4.6882576E+04   4.6242880E+04   4.5610268E+04   4.4984681E+04   4.4366060E+04   4.3754344E+04   4.3149475E+04   4.2551393E+04   4.1960040E+04   4.1375359E+04   4.0797292E+04   4.0225780E+04   3.9660768E+04   3.9102198E+04   3.8550014E+04   3.8004161E+04   3.7464581E+04   3.6931222E+04   3.6404026E+04   3.5882939E+04   3.5367909E+04   3.4858879E+04   3.4355797E+04   3.3858609E+04   3.3367263E+04   3.2881705E+04   3.2401884E+04   3.1927748E+04   3.1459244E+04   3.0996322E+04   3.0538930E+04   3.0087018E+04   2.9640535E+04   2.9199432E+04   2.8763659E+04   2.8333166E+04   2.7907904E+04   2.7487825E+04   2.7072879E+04   2.6663020E+04
   1.0072618E+05   9.9537140E+04   9.8359487E+04   9.7193141E+04   9.6038017E+04   9.4894033E+04   9.3761106E+04   9.2639156E+04   9.1528099E+04   9.0427855E+04   8.9338344E+04   8.8259485E+04   8.7191198E+04   8.6133404E+04   8.5086024E+04   8.4048979E+04   8.3022191E+04   8.2005583E+04   8.0999076E+04   8.0002594E+04   7.9016061E+04   7.8039400E+04   7.7072535E+04   7.6115392E+04   7.5167895E+04   7.4229970E+04   7.3301542E+04   7.2382538E+04   7.1472885E+04   7.0572509E+04   6.9681339E+04   6.8799301E+04   6.7926324E+04   6.7062338E+04   6.6207270E+04   6.5361050E+04   6.4523608E+04   6.3694874E+04   6.2874780E+04   6.2063254E+04   6.1260230E+04   6.0465639E+04   5.9679413E+04   5.8901484E+04   5.8131785E+04   5.7370249E+04   5.6616811E+04   5.5871404E+04   5.5133962E+04   5.4404420E+04   5.3682714E+04   5.2968778E+04   5.2262549E+04   5.1563963E+04   5.0872956E+04   5.0189466E+04   4.9513429E+04   4.8844783E+04   4.8183467E+04   4.7529418E+04   4.6882576E+04   4.6242880E+04   4.5610268E+04   4.4984681E+04   4.4366060E+04   4.3754344E+04   4.3149475E+04   4.2551393E+04   4.1960040E+04   4.1375359E+04   4.0797292E+04   4.0225780E+04   3.9660768E+04   3.9102198E+04   3.8550014E+04   3.8004161E+04   3.7464581E+04   3.6931222E+04   3.6404026E+04   3.5882939E+04   3.5367909E+04   3.4858879E+04   3.4355797E+04   3.3858609E+04   3.3367263E+04   3.2881705E+04   3.2401884E+04   3.1927748E+04   3.1459244E+04   3.0996322E+04   3.0538930E+04   3.0087018E+04   2.9640535E+04   2.9199432E+04   2.8763659E+04   2.8333166E+04   2.7907904E+04   2.7487825E+04   2.7072879E+04   2.6663020E+04
   1.0072618E+05   9.9537140E+04   9.8359487E+04   9.7193141E+04   9.6038017E+04   9.4894033E+04   9.3761106E+04   9.2639156E+04   9.1528099E+04   9.0427855E+04   8.9338344E+04   8.8259485E+04   8.7191198E+04   8.6133404E+04   8.5086024E+04   8.4048979E+04   8.3022191E+04   8.2005583E+04   8.0999076E+04   8.0002594E+04   7.9016061E+04   7.8039400E+04   7.7072535E+04   7.6115392E+04   7.5167895E+04   7.4229970E+04   7.3301542E+04   7.2382538E+04   7.1472885E+04   7.0572509E+04   6.9681339E+04   6.8799301E+04   6.7926324E+04   6.7062338E+04   6.6207270E+04   6.5361050E+04   6.4523608E+04   6.3694874E+04   6.2874780E+04   6.2063254E+04   6.1260230E+04   6.0465639E+04   5.9679413E+04   5.8901484E+04   5.8131785E+04   5.7370249E+04   5.6616811E+04   5.5871404E+04   5.5133962E+04   5.4404420E+04   5.3682714E+04   5.2968778E+04   5.2262549E+04   5.1563963E+04   5.0872956E+04   5.0189466E+04   4.9513429E+04   4.8844783E+04   4.8183467E+04   4.7529418E+04   4.6882576E+04   4.6242880E+04   4.5610268E+04   4.4984681E+04   4.4366060E+04   4.3754344E+04   4.3149475E+04   4.2551393E+04   4.1960040E+04   4.1375359E+04   4.0797292E+04   4.0225780E+04   3.9660768E+04   3.9102198E+04   3.8550014E+04   3.8004161E+04   3.7464581E+04   3.6931222E+04   3.6404026E+04   3.5882939E+04   3.5367909E+04   3.4858879E+04   3.4355797E+04   3.3858609E+04   3.3367263E+04   3.2881705E+04   3.2401884E+04   3.1927748E+04   3.1459244E+04   3.0996322E+04   3.0538930E+04   3.0087018E+04   2.9640535E+04   2.9199432E+04   2.8763659E+04   2.8333166E+04   2.7907904E+04   2.7487825E+04   2.7072879E+04   2.6663020E+04
   1.0072618E+05   9.9537140E+04   9.8359487E+04   9.7193141E+04   9.6038017E+04   9.4894033E+04   9.3761106E+04   9.2639156E+04   9.1528099E+04   9.0427855E+04   8.9338344E+04   8.8259485E+04   8.7191198E+04   8.6133404E+04   8.5086024E+04   8.4048979E+04   8.3022191E+04   8.2005583E+04   8.0999076E+04   8.0002594E+04   7.9016061E+04   7.8039400E+04   7.7072535E+04   7.6115392E+04   7.5167895E+04   7.4229970E+04   7.3301542E+04   7.2382538E+04   7.1472885E+04   7.0572509E+04   6.9681339E+04   6.8799301E+04   6.7926324E+04   6.7062338E+04   6.6207270E+04   6.5361050E+04   6.4523608E+04   6.3694874E+04   6.2874780E+04   6.2063254E+04   6.1260230E+04   6.0465639E+04   5.9679413E+04   5.8901484E+04   5.8131785E+04   5.7370249E+04   5.6616811E+04   5.5871404E+04   5.5133962E+04   5.4404420E+04   5.3682714E+04   5.2968778E+04   5.2262549E+04   5.1563963E+04   5.0872956E+04   5.0189466E+04   4.9513429E+04   4.8844783E+04   4.8183467E+04   4.7529418E+04   4.6882576E+04   4.6242880E+04   4.5610268E+04   4.4984681E+04   4.4366060E+04   4.3754344E+04   4.3149475E+04   4.2551393E+04   4.1960040E+04   4.1375359E+04   4.0797292E+04   4.0225780E+04   3.9660768E+04   3.9102198E+04   3.8550014E+04   3.8004161E+04   3.7464581E+04   3.6931222E+04   3.6404026E+04   3.5882939E+04   3.5367909E+04   3.4858879E+04   3.4355797E+04   3.3858609E+04   3.3367263E+04   3.2881705E+04   3.2401884E+04   3.1927748E+04   3.1459244E+04   3.0996322E+04   3.0538930E+04   3.0087018E+04   2.9640535E+04   2.9199432E+04   2.8763659E+04   2.8333166E+04   2.7907904E+04   2.7487825E+04   2.7072879E+04   2.6663020E+04
   1.0072618E+05   9.9537140E+04   9.8359487E+04   9.7193141E+04   9.6038017E+04   9.4894033E+04   9.3761106E+04   9.2639156E+04   9.1528099E+04   9.0427855E+04   8.9338344E+04   8.8259485E+04   8.7191198E+04   8.6133404E+04   8.5086024E+04   8.4048979E+04   8.3022191E+04   8.2005583E+04   8.0999076E+04   8.0002594E+04   7.9016061E+04   7.8039400E+04   7.7072535E+04   7.6115392E+04   7.5167895E+04   7.4229970E+04   7.3301542E+04   7.2382538E+04   7.1472885E+04   7.0572509E+04   6.9681339E+04   6.8799301E+04   6.7926324E+04   6.7062338E+04   6.6207270E+04   6.5361050E+04   6.4523608E+04   6.3694874E+04   6.2874780E+04   6.2063254E+04   6.1260230E+04   6.0465639E+04   5.9679413E+04   5.8901484E+04   5.8131785E+04   5.7370249E+04   5.6616811E+04   5.5871404E+04   5.5133962E+04   5.4404420E+04   5.3682714E+04   5.2968778E+04   5.2262549E+04   5.1563963E+04   5.0872956E+04   5.0189466E+04   4.9513429E+04   4.8844783E+04   4.8183467E+04   4.7529418E+04   4.6882576E+04   4.6242880E+04   4.5610268E+04   4.4984681E+04   4.4366060E+04   4.3754344E+04   4.3149475E+04   4.2551393E+04   4.1960040E+04   4.1375359E+04   4.0797292E+04   4.0225780E+04   3.9660768E+04   3.9102198E+04   3.8550014E+04   3.8004161E+04   3.7464581E+04   3.6931222E+04   3.6404026E+04   3.5882939E+04   3.5367909E+04   3.4858879E+04   3.4355797E+04   3.3858609E+04   3.3367263E+04   3.2881705E+04   3.2401884E+04   3.1927748E+04   3.1459244E+04   3.0996322E+04   3.0538930E+04   3.0087018E+04   2.9640535E+04   2.9199432E+04   2.8763659E+04   2.8333166E+04   2.7907904E+04   2.7487825E+04   2.7072879E+04   2.6663020E+04
   1.0072618E+05   9.9537140E+04   9.8359487E+04   9.7193141E+04   9.6038017E+04   9.4894033E+04   9.3761106E+04   9.2639156E+04   9.1528099E+04   9.0427855E+04   8.9338344E+04   8.8259485E+04   8.7191198E+04   8.6133404E+04   8.5086024E+04   8.4048979E+04   8.3022191E+04   8.2005583E+04   8.0999076E+04   8.0002594E+04   7.9016061E+04   7.8039400E+04   7.7072535E+04   7.6115392E+04   7.5167895E+04   7.4229970E+04   7.3301542E+04   7.2382538E+04   7.1472885E+04   7.0572509E+04   6.9681339E+04   6.8799301E+04   6.7926324E+04   6.7062338E+04   6.6207270E+04   6.5361050E+04   6.4523608E+04   6.3694874E+04   6.2874780E+04   6.2063254E+04   6.1260230E+04   6.0465639E+04   5.9679413E+04   5.8901484E+04   5.8131785E+04   5.7370249E+04   5.6616811E+04   5.5871404E+04   5.5133962E+04   5.4404420E+04   5.3682714E+04   5.2968778E+04   5.2262549E+04   5.1563963E+04   5.0872956E+04   5.0189466E+04   4.9513429E+04   4.8844783E+04   4.8183467E+04   4.7529418E+04   4.6882576E+04   4.6242880E+04   4.5610268E+04   4.4984681E+04   4.4366060E+04   4.3754344E+04   4.3149475E+04   4.2551393E+04   4.1960040E+04   4.1375359E+04   4.0797292E+04   4.0225780E+04   3.9660768E+04   3.9102198E+04   3.8550014E+04   3.8004161E+04   3.7464581E+04   3.6931222E+04   3.6404026E+04   3.5882939E+04   3.5367909E+04   3.4858879E+04   3.4355797E+04   3.3858609E+04   3.3367263E+04   3.2881705E+04   3.2401884E+04   3.1927748E+04   3.1459244E+04   3.0996322E+04   3.0538930E+04   3.0087018E+04   2.9640535E+04   2.9199432E+04   2.8763659E+04   2.8333166E+04   2.7907904E+04   2.7487825E+04   2.7072879E+04   2.6663020E+04
   1.0072618E+05   9.9537140E+04   9.8359487E+04   9.7193141E+04   9.6038017E+04   9.4894033E+04   9.3761106E+04   9.2639156E+04   9.1528099E+04   9.0427855E+04   8.9338344E+04   8.8259485E+04   8.7191198E+04   8.6133404E+04   8.5086024E+04   8.4048979E+04   8.3022191E+04   8.2005583E+04   8.0999076E+04   8.0002594E+04   7.9016061E+04   7.8039400E+04   7.7072535E+04   7.6115392E+04   7.5167895E+04   7.4229970E+04   7.3301542E+04   7.2382538E+04   7.1472885E+04   7.0572509E+04   6.9681339E+04   6.8799301E+04   6.7926324E+04   6.7062338E+04   6.6207270E+04   6.5361050E+04   6.4523608E+04   6.3694874E+04   6.2874780E+04   6.2063254E+04   6.1260230E+04   6.0465639E+04   5.9679413E+04   5.8901484E+04   5.8131785E+04   5.7370249E+04   5.6616811E+04   5.5871404E+04   5.5133962E+04   5.4404420E+04   5.3682714E+04   5.2968778E+04   5.2262549E+04   5.1563963E+04   5.0872956E+04   5.0189466E+04   4.9513429E+04   4.8844783E+04   4.8183467E+04   4.7529418E+04   4.6882576E+04   4.6242880E+04   4.5610268E+04   4.4984681E+04   4.4366060E+04   4.3754344E+04   4.3149475E+04   4.2551393E+04   4.1960040E+04   4.1375359E+04   4.0797292E+04   4.0225780E+04   3.9660768E+04   3.9102198E+04   3.8550014E+04   3.8004161E+04   3.7464581E+04   3.6931222E+04   3.6404026E+04   3.5882939E+04   3.5367909E+04   3.4858879E+04   3.4355797E+04   3.3858609E+04   3.3367263E+04   3.2881705E+04   3.2401884E+04   3.1927748E+04   3.1459244E+04   3.0996322E+04   3.0538930E+04   3.0087018E+04   2.9640535E+04   2.9199432E+04   2.8763659E+04   2.8333166E+04   2.7907904E+04   2.7487825E+04   2.7072879E+04   2.6663020E+04
   1.0072618E+05   9.9537140E+04   9.8359487E+04   9.7193141E+04   9.6038017E+04   9.4894033E+04   9.3761106E+04   9.2639156E+04   9.1528099E+04   9.0427855E+04   8.9338344E+04   8.8259485E+04   8.7191198E+04   8.6133404E+04   8.5086024E+04   8.4048979E+04   8.3022191E+04   8.2005583E+04   8.0999076E+04   8.0002594E+04   7.9016061E+04   7.8039400E+04   7.7072535E+04   7.6115392E+04   7.5167895E+04   7.4229970E+04   7.3301542E+04   7.2382538E+04   7.1472885E+04   7.0572509E+04   6.9681339E+04   6.8799301E+04   6.7926324E+04   6.7062338E+04   6.6207270E+04   6.5361050E+04   6.4523608E+04   6.3694874E+04   6.2874780E+04   6.2063254E+04   6.1260230E+04   6.0465639E+04   5.9679413E+04   5.8901484E+04   5.8131785E+04   5.7370249E+04   5.6616811E+04   5.5871404E+04   5.5133962E+04   5.4404420E+04   5.3682714E+04   5.2968778E+04   5.2262549E+04   5.1563963E+04   5.0872956E+04   5.0189466E+04   4.9513429E+04   4.8844783E+04   4.8183467E+04   4.7529418E+04   4.6882576E+04   4.6242880E+04   4.5610268E+04   4.4984681E+04   4.4366060E+04   4.3754344E+04   4.3149475E+04   4.2551393E+04   4.1960040E+04   4.1375359E+04   4.0797292E+04   4.0225780E+04   3.9660768E+04   3.9102198E+04   3.8550014E+04   3.8004161E+04   3.7464581E+04   3.6931222E+04   3.6404026E+04   3.5882939E+04   3.5367909E+04   3.4858879E+04   3.4355797E+04   3.3858609E+04   3.3367263E+04   3.2881705E+04   3.2401884E+04   3.1927748E+04   3.1459244E+04   3.0996322E+04   3.0538930E+04   3.0087018E+04   2.9640535E+04   2.9199432E+04   2.8763659E+04   2.8333166E+04   2.7907904E+04   2.7487825E+04   2.7072879E+04   2.6663020E+04
   1.0072618E+05   9.9537140E+04   9.8359487E+04   9.7193141E+04   9.6038017E+04   9.4894033E+04   9.3761106E+04   9.2639156E+04   9.1528099E+04   9.0427855E+04   8.9338344E+04   8.8259485E+04   8.7191198E+04   8.6133404E+04   8.5086024E+04   8.4048979E+04   8.3022191E+04   8.2005583E+04   8.0999076E+04   8.0002594E+04   7.9016061E+04   7.8039400E+04   7.7072535E+04   7.6115392E+04   7.5167895E+04   7.4229970E+04   7.3301542E+04   7.2382538E+04   7.1472885E+04   7.0572509E+04   6.9681339E+04   6.8799301E+04   6.7926324E+04   6.7062338E+04   6.6207270E+04   6.5361050E+04   6.4523608E+04   6.3694874E+04   6.2874780E+04   6.2063254E+04   6.1260230E+04   6.0465639E+04   5.9679413E+04   5.8901484E+04   5.8131785E+04   5.7370249E+04   5.6616811E+04   5.5871404E+04   5.5133962E+04   5.4404420E+04   5.3682714E+04   5.2968778E+04   5.2262549E+04   5.1563963E+04   5.0872956E+04   5.0189466E+04   4.9513429E+04   4.8844783E+04   4.8183467E+04   4.7529418E+04   4.6882576E+04   4.6242880E+04   4.5610268E+04   4.4984681E+04   4.4366060E+04   4.3754344E+04   4.3149475E+04   4.2551393E+04   4.1960040E+04   4.1375359E+04   4.0797292E+04   4.0225780E+04   3.9660768E+04   3.9102198E+04   3.8550014E+04   3.8004161E+04   3.7464581E+04   3.6931222E+04   3.6404026E+04   3.5882939E+04   3.5367909E+04   3.4858879E+04   3.4355797E+04   3.3858609E+04   3.3367263E+04   3.2881705E+04   3.2401884E+04   3.1927748E+04   3.1459244E+04   3.0996322E+04   3.0538930E+04   3.0087018E+04   2.9640535E+04   2.9199432E+04   2.8763659E+04   2.8333166E+04   2.7907904E+04   2.7487825E+04   2.7072879E+04   2.6663020E+04
   1.0072618E+05   9.9537140E+04   9.8359487E+04   9.7193141E+04   9.6038017E+04   9.4894033E+04   9.3761106E+04   9.2639156E+04   9.1528099E+04   9.0427855E+04   8.9338344E+04   8.8259485E+04   8.7191198E+04   8.6133404E+04   8.5086024E+04   8.4048979E+04   8.3022191E+04   8.2005583E+04   8.0999076E+04   8.0002594E+04   7.9016061E+04   7.8039400E+04   7.7072535E+04   7.6115392E+04   7.5167895E+04   7.4229970E+04   7.3301542E+04   7.2382538E+04   7.1472885E+04   7.0572509E+04   6.9681339E+04   6.8799301E+04   6.7926324E+04   6.7062338E+04   6.6207270E+04   6.5361050E+04   6.4523608E+04   6.3694874E+04   6.2874780E+04   6.2063254E+04   6.1260230E+04   6.0465639E+04   5.9679413E+04   5.8901484E+04   5.8131785E+04   5.7370249E+04   5.6616811E+04   5.5871404E+04   5.5133962E+04   5.4404420E+04   5.3682714E+04   5.2968778E+04   5.2262549E+04   5.1563963E+04   5.0872956E+04   5.0189466E+04   4.9513429E+04   4.8844783E+04   4.8183467E+04   4.7529418E+04   4.6882576E+04   4.6242880E+04   4.5610268E+04   4.4984681E+04   4.4366060E+04   4.3754344E+04   4.3149475E+04   4.2551393E+04   4.1960040E+04   4.1375359E+04   4.0797292E+04   4.0225780E+04   3.9660768E+04   3.9102198E+04   3.8550014E+04   3.8004161E+04   3.7464581E+04   3.6931222E+04   3.6404026E+04   3.5882939E+04   3.5367909E+04   3.4858879E+04   3.4355797E+04   3.3858609E+04   3.3367263E+04   3.2881705E+04   3.2401884E+04   3.1927748E+04   3.1459244E+04   3.0996322E+04   3.0538930E+04   3.0087018E+04   2.9640535E+04   2.9199432E+04   2.8763659E+04   2.8333166E+04   2.7907904E+04   2.7487825E+04   2.7072879E+04   2.6663020E+04
   1.0072618E+05   9.9537140E+04   9.8359487E+04   9.7193141E+04   9.6038017E+04   9.4894033E+04   9.3761106E+04   9.2639156E+04   9.1528099E+04   9.0427855E+04   8.9338344E+04   8.8259485E+04   8.7191198E+04   8.6133404E+04   8.5086024E+04   8.4048979E+04   8.3022191E+04   8.2005583E+04   8.0999076E+04   8.0002594E+04   7.9016061E+04   7.8039400E+04   7.7072535E+04   7.6115392E+04   7.5167895E+04   7.4229970E+04   7.3301542E+04   7.2382538E+04   7.1472885E+04   7.0572509E+04   6.9681339E+04   6.8799301E+04   6.7926324E+04   6.7062338E+04   6.6207270E+04   6.5361050E+04   6.4523608E+04   6.3694874E+04   6.2874780E+04   6.2063254E+04   6.1260230E+04   6.0465639E+04   5.9679413E+04   5.8901484E+04   5.8131785E+04   5.7370249E+04   5.6616811E+04   5.5871404E+04   5.5133962E+04   5.4404420E+04   5.3682714E+04   5.2968778E+04   5.2262549E+04   5.1563963E+04   5.0872956E+04   5.0189466E+04   4.9513429E+04   4.8844783E+04   4.8183467E+04   4.7529418E+04   4.6882576E+04   4.6242880E+04   4.5610268E+04   4.4984681E+04   4.4366060E+04   4.3754344E+04   4.3149475E+04   4.2551393E+04   4.1960040E+04   4.1375359E+04   4.0797292E+04   4.0225780E+04   3.9660768E+04   3.9102198E+04   3.8550014E+04   3.8004161E+04   3.7464581E+04   3.6931222E+04   3.6404026E+04   3.5882939E+04   3.5367909E+04   3.4858879E+04   3.4355797E+04   3.3858609E+04   3.3367263E+04   3.2881705E+04   3.2401884E+04   3.1927748E+04   3.1459244E+04   3.0996322E+04   3.0538930E+04   3.0087018E+04   2.9640535E+04   2.9199432E+04   2.8763659E+04   2.8333166E+04   2.7907904E+04   2.7487825E+04   2.7072879E+04   2.6663020E+04
   1.0072618E+05   9.9537140E+04   9.8359487E+04   9.7193141E+04   9.6038017E+04   9.4894033E+04   9.3761106E+04   9.2639156E+04   9.1528099E+04   9.0427855E+04   8.9338344E+04   8.8259485E+04   8.7191198E+04   8.6133404E+04   8.5086024E+04   8.4048979E+04   8.3022191E+04   8.2005583E+04   8.0999076E+04   8.0002594E+04   7.9016061E+04   7.8039400E+04   7.7072535E+04   7.6115392E+04   7.5167895E+04   7.4229970E+04   7.3301542E+04   7.2382538E+04   7.1472885E+04   7.0572509E+04   6.9681339E+04   6.8799301E+04   6.7926324E+04   6.7062338E+04   6.6207270E+04   6.5361050E+04   6.4523608E+04   6.3694874E+04   6.2874780E+04   6.2063254E+04   6.1260230E+04   6.0465639E+04   5.9679413E+04   5.8901484E+04   5.8131785E+04   5.7370249E+04   5.6616811E+04   5.5871404E+04   5.5133962E+04   5.4404420E+04   5.3682714E+04   5.2968778E+04   5.2262549E+04   5.1563963E+04   5.0872956E+04   5.0189466E+04   4.9513429E+04   4.8844783E+04   4.8183467E+04   4.7529418E+04   4.6882576E+04   4.6242880E+04   4.5610268E+04   4.4984681E+04   4.4366060E+04   4.3754344E+04   4.3149475E+04   4.2551393E+04   4.1960040E+04   4.1375359E+04   4.0797292E+04   4.0225780E+04   3.9660768E+04   3.9102198E+04   3.8550014E+04   3.8004161E+04   3.7464581E+04   3.6931222E+04   3.6404026E+04   3.5882939E+04   3.5367909E+04   3.4858879E+04   3.4355797E+04   3.3858609E+04   3.3367263E+04   3.2881705E+04   3.2401884E+04   3.1927748E+04   3.1459244E+04   3.0996322E+04   3.0538930E+04   3.0087018E+04   2.9640535E+04   2.9199432E+04   2.8763659E+04   2.8333166E+04   2.7907904E+04   2.7487825E+04   2.7072879E+04   2.6663020E+04
   1.0072618E+05   9.9537140E+04   9.8359487E+04   9.7193141E+04   9.6038017E+04   9.4894033E+04   9.3761106E+04   9.2639156E+04   9.1528099E+04   9.0427855E+04   8.9338344E+04   8.8259485E+04   8.7191198E+04   8.6133404E+04   8.5086024E+04   8.4048979E+04   8.3022191E+04   8.2005583E+04   8.0999076E+04   8.0002594E+04   7.9016061E+04   7.8039400E+04   7.7072535E+04   7.6115392E+04   7.5167895E+04   7.4229970E+04   7.3301542E+04   7.2382538E+04   7.1472885E+04   7.0572509E+04   6.9681339E+04   6.8799301E+04   6.7926324E+04   6.7062338E+04   6.6207270E+04   6.5361050E+04   6.4523608E+04   6.3694874E+04   6.2874780E+04   6.2063254E+04   6.1260230E+04   6.0465639E+04   5.9679413E+04   5.8901484E+04   5.8131785E+04   5.7370249E+04   5.6616811E+04   5.5871404E+04   5.5133962E+04   5.4404420E+04   5.3682714E+04   5.2968778E+04   5.2262549E+04   5.1563963E+04   5.0872956E+04   5.0189466E+04   4.9513429E+04   4.8844783E+04   4.8183467E+04   4.7529418E+04   4.6882576E+04   4.6242880E+04   4.5610268E+04   4.4984681E+04   4.4366060E+04   4.3754344E+04   4.3149475E+04   4.2551393E+04   4.1960040E+04   4.1375359E+04   4.0797292E+04   4.0225780E+04   3.9660768E+04   3.9102198E+04   3.8550014E+04   3.8004161E+04   3.7464581E+04   3.6931222E+04   3.6404026E+04   3.5882939E+04   3.5367909E+04   3.4858879E+04   3.4355797E+04   3.3858609E+04   3.3367263E+04   3.2881705E+04   3.2401884E+04   3.1927748E+04   3.1459244E+04   3.0996322E+04   3.0538930E+04   3.0087018E+04   2.9640535E+04   2.9199432E+04   2.8763659E+04   2.8333166E+04   2.7907904E+04   2.7487825E+04   2.7072879E+04   2.6663020E+04
   1.0072618E+05   9.9537140E+04   9.8359487E+04   9.7193141E+04   9.6038017E+04   9.4894033E+04   9.3761106E+04   9.2639156E+04   9.1528099E+04   9.0427855E+04   8.9338344E+04   8.8259485E+04   8.7191198E+04   8.6133404E+04   8.5086024E+04   8.4048979E+04   8.3022191E+04   8.2005583E+04   8.0999076E+04   8.0002594E+04   7.9016061E+04   7.8039400E+04   7.7072535E+04   7.6115392E+04   7.5167895E+04   7.4229970E+04   7.3301542E+04   7.2382538E+04   7.1472885E+04   7.0572509E+04   6.9681339E+04   6.8799301E+04   6.7926324E+04   6.7062338E+04   6.6207270E+04   6.5361050E+04   6.4523608E+04   6.3694874E+04   6.2874780E+04   6.2063254E+04   6.1260230E+04   6.0465639E+04   5.9679413E+04   5.8901484E+04   5.8131785E+04   5.7370249E+04   5.6616811E+04   5.5871404E+04   5.5133962E+04   5.4404420E+04   5.3682714E+04   5.2968778E+04   5.2262549E+04   5.1563963E+04   5.0872956E+04   5.0189466E+04   4.9513429E+04   4.8844783E+04   4.8183467E+04   4.7529418E+04   4.6882576E+04   4.6242880E+04   4.5610268E+04   4.4984681E+04   4.4366060E+04   4.3754344E+04   4.3149475E+04   4.2551393E+04   4.1960040E+04   4.1375359E+04   4.0797292E+04   4.0225780E+04   3.9660768E+04   3.9102198E+04   3.8550014E+04   3.8004161E+04   3.7464581E+04   3.6931222E+04   3.6404026E+04   3.5882939E+04   3.5367909E+04   3.4858879E+04   3.4355797E+04   3.3858609E+04   3.3367263E+04   3.2881705E+04   3.2401884E+04   3.1927748E+04   3.1459244E+04   3.0996322E+04   3.0538930E+04   3.0087018E+04   2.9640535E+04   2.9199432E+04   2.8763659E+04   2.8333166E+04   2.7907904E+04   2.7487825E+04   2.7072879E+04   2.6663020E+04
   1.0072618E+05   9.9537140E+04   9.8359487E+04   9.7193141E+04   9.6038017E+04   9.4894033E+04   9.3761106E+04   9.2639156E+04   9.1528099E+04   9.0427855E+04   8.9338344E+04   8.8259485E+04   8.7191198E+04   8.6133404E+04   8.5086024E+04   8.4048979E+04   8.3022191E+04   8.2005583E+04   8.0999076E+04   8.0002594E+04   7.9016061E+04   7.8039400E+04   7.7072535E+04   7.6115392E+04   7.5167895E+04   7.4229970E+04   7.3301542E+04   7.2382538E+04   7.1472885E+04   7.0572509E+04   6.9681339E+04   6.8799301E+04   6.7926324E+04   6.7062338E+04   6.6207270E+04   6.5361050E+04   6.4523608E+04   6.3694874E+04   6.2874780E+04   6.2063254E+04   6.1260230E+04   6.0465639E+04   5.9679413E+04   5.8901484E+04   5.8131785E+04   5.7370249E+04   5.6616811E+04   5.5871404E+04   5.5133962E+04   5.4404420E+04   5.3682714E+04   5.2968778E+04   5.2262549E+04   5.1563963E+04   5.0872956E+04   5.0189466E+04   4.9513429E+04   4.8844783E+04   4.8183467E+04   4.7529418E+04   4.6882576E+04   4.6242880E+04   4.5610268E+04   4.4984681E+04   4.4366060E+04   4.3754344E+04   4.3149475E+04   4.2551393E+04   4.1960040E+04   4.1375359E+04   4.0797292E+04   4.0225780E+04   3.9660768E+04   3.9102198E+04   3.8550014E+04   3.8004161E+04   3.7464581E+04   3.6931222E+04   3.6404026E+04   3.5882939E+04   3.5367909E+04   3.4858879E+04   3.4355797E+04   3.3858609E+04   3.3367263E+04   3.2881705E+04   3.2401884E+04   3.1927748E+04   3.1459244E+04   3.0996322E+04   3.0538930E+04   3.0087018E+04   2.9640535E+04   2.9199432E+04   2.8763659E+04   2.8333166E+04   2.7907904E+04   2.7487825E+04   2.7072879E+04   2.6663020E+04
   1.0072618E+05   9.9537140E+04   9.8359487E+04   9.7193141E+04   9.6038017E+04   9.4894033E+04   9.3761106E+04   9.2639156E+04   9.1528099E+04   9.0427855E+04   8.9338344E+04   8.8259485E+04   8.7191198E+04   8.6133404E+04   8.5086024E+04   8.4048979E+04   8.3022191E+04   8.2005583E+04   8.0999076E+04   8.0002594E+04   7.9016061E+04   7.8039400E+04   7.7072535E+04   7.6115392E+04   7.5167895E+04   7.4229970E+04   7.3301542E+04   7.2382538E+04   7.1472885E+04   7.0572509E+04   6.9681339E+04   6.8799301E+04   6.7926324E+04   6.7062338E+04   6.6207270E+04   6.5361050E+04   6.4523608E+04   6.3694874E+04   6.2874780E+04   6.2063254E+04   6.1260230E+04   6.0465639E+04   5.9679413E+04   5.8901484E+04   5.8131785E+04   5.7370249E+04   5.6616811E+04   5.5871404E+04   5.5133962E+04   5.4404420E+04   5.3682714E+04   5.2968778E+04   5.2262549E+04   5.1563963E+04   5.0872956E+04   5.0189466E+04   4.9513429E+04   4.8844783E+04   4.8183467E+04   4.7529418E+04   4.6882576E+04   4.6242880E+04   4.5610268E+04   4.4984681E+04   4.4366060E+04   4.3754344E+04   4.3149475E+04   4.2551393E+04   4.1960040E+04   4.1375359E+04   4.0797292E+04   4.0225780E+04   3.9660768E+04   3.9102198E+04   3.8550014E+04   3.8004161E+04   3.7464581E+04   3.6931222E+04   3.6404026E+04   3.5882939E+04   3.5367909E+04   3.4858879E+04   3.4355797E+04   3.3858609E+04   3.3367263E+04   3.2881705E+04   3.2401884E+04   3.1927748E+04   3.1459244E+04   3.0996322E+04   3.0538930E+04   3.0087018E+04   2.9640535E+04   2.9199432E+04   2.8763659E+04   2.8333166E+04   2.7907904E+04   2.7487825E+04   2.7072879E+04   2.6663020E+04
   1.0072618E+05   9.9537140E+04   9.8359487E+04   9.7193141E+04   9.6038017E+04   9.4894033E+04   9.3761106E+04   9.2639156E+04   9.1528099E+04   9.0427855E+04   8.9338344E+04   8.8259485E+04   8.7191198E+04   8.6133404E+04   8.5086024E+04   8.4048979E+04   8.3022191E+04   8.2005583E+04   8.0999076E+04   8.0002594E+04   7.9016061E+04   7.8039400E+04   7.7072535E+04   7.6115392E+04   7.5167895E+04   7.4229970E+04   7.3301542E+04   7.2382538E+04   7.1472885E+04   7.0572509E+04   6.9681339E+04   6.8799301E+04   6.7926324E+04   6.7062338E+04   6.6207270E+04   6.5361050E+04   6.4523608E+04   6.3694874E+04   6.2874780E+04   6.2063254E+04   6.1260230E+04   6.0465639E+04   5.9679413E+04   5.8901484E+04   5.8131785E+04   5.7370249E+04   5.6616811E+04   5.5871404E+04   5.5133962E+04   5.4404420E+04   5.3682714E+04   5.2968778E+04   5.2262549E+04   5.1563963E+04   5.0872956E+04   5.0189466E+04   4.9513429E+04   4.8844783E+04   4.8183467E+04   4.7529418E+04   4.6882576E+04   4.6242880E+04   4.5610268E+04   4.4984681E+04   4.4366060E+04   4.3754344E+04   4.3149475E+04   4.2551393E+04   4.1960040E+04   4.1375359E+04   4.0797292E+04   4.0225780E+04   3.9660768E+04   3.9102198E+04   3.8550014E+04   3.8004161E+04   3.7464581E+04   3.6931222E+04   3.6404026E+04   3.5882939E+04   3.5367909E+04   3.4858879E+04   3.4355797E+04   3.3858609E+04   3.3367263E+04   3.2881705E+04   3.2401884E+04   3.1927748E+04   3.1459244E+04   3.0996322E+04   3.0538930E+04   3.0087018E+04   2.9640535E+04   2.9199432E+04   2.8763659E+04   2.8333166E+04   2.7907904E+04   2.7487825E+04   2.7072879E+04   2.6663020E+04
   1.0072618E+05   9.9537140E+04   9.8359487E+04   9.7193141E+04   9.6038017E+04   9.4894033E+04   9.3761106E+04   9.2639156E+04   9.1528099E+04   9.0427855E+04   8.9338344E+04   8.8259485E+04   8.7191198E+04   8.6133404E+04   8.5086024E+04   8.4048979E+04   8.3022191E+04   8.2005583E+04   8.0999076E+04   8.0002594E+04   7.9016061E+04   7.8039400E+04   7.7072535E+04   7.6115392E+04   7.5167895E+04   7.4229970E+04   7.3301542E+04   7.2382538E+04   7.1472885E+04   7.0572509E+04   6.9681339E+04   6.8799301E+04   6.7926324E+04   6.7062338E+04   6.6207270E+04   6.5361050E+04   6.4523608E+04   6.3694874E+04   6.2874780E+04   6.2063254E+04   6.1260230E+04   6.0465639E+04   5.9679413E+04   5.8901484E+04   5.8131785E+04   5.7370249E+04   5.6616811E+04   5.5871404E+04   5.5133962E+04   5.4404420E+04   5.3682714E+04   5.2968778E+04   5.2262549E+04   5.1563963E+04   5.0872956E+04   5.0189466E+04   4.9513429E+04   4.8844783E+04   4.8183467E+04   4.7529418E+04   4.6882576E+04   4.6242880E+04   4.5610268E+04   4.4984681E+04   4.4366060E+04   4.3754344E+04   4.3149475E+04   4.2551393E+04   4.1960040E+04   4.1375359E+04   4.0797292E+04   4.0225780E+04   3.9660768E+04   3.9102198E+04   3.8550014E+04   3.8004161E+04   3.7464581E+04   3.6931222E+04   3.6404026E+04   3.5882939E+04   3.5367909E+04   3.4858879E+04   3.4355797E+04   3.3858609E+04   3.3367263E+04   3.2881705E+04   3.2401884E+04   3.1927748E+04   3.1459244E+04   3.0996322E+04   3.0538930E+04   3.0087018E+04   2.9640535E+04   2.9199432E+04   2.8763659E+04   2.8333166E+04   2.7907904E+04   2.7487825E+04   2.7072879E+04   2.6663020E+04
   1.0072618E+05   9.9537140E+04   9.8359487E+04   9.7193141E+04   9.6038017E+04   9.4894033E+04   9.3761106E+04   9.2639156E+04   9.1528099E+04   9.0427855E+04   8.9338344E+04   8.8259485E+04   8.7191198E+04   8.6133404E+04   8.5086024E+04   8.4048979E+04   8.3022191E+04   8.2005583E+04   8.0999076E+04   8.0002594E+04   7.9016061E+04   7.8039400E+04   7.7072535E+04   7.6115392E+04   7.5167895E+04   7.4229970E+04   7.3301542E+04   7.2382538E+04   7.1472885E+04   7.0572509E+04   6.9681339E+04   6.8799301E+04   6.7926324E+04   6.7062338E+04   6.6207270E+04   6.5361050E+04   6.4523608E+04   6.3694874E+04   6.2874780E+04   6.2063254E+04   6.1260230E+04   6.0465639E+04   5.9679413E+04   5.8901484E+04   5.8131785E+04   5.7370249E+04   5.6616811E+04   5.5871404E+04   5.5133962E+04   5.4404420E+04   5.3682714E+04   5.2968778E+04   5.2262549E+04   5.1563963E+04   5.0872956E+04   5.0189466E+04   4.9513429E+04   4.8844783E+04   4.8183467E+04   4.7529418E+04   4.6882576E+04   4.6242880E+04   4.5610268E+04   4.4984681E+04   4.4366060E+04   4.3754344E+04   4.3149475E+04   4.2551393E+04   4.1960040E+04   4.1375359E+04   4.0797292E+04   4.0225780E+04   3.9660768E+04   3.9102198E+04   3.8550014E+04   3.8004161E+04   3.7464581E+04   3.6931222E+04   3.6404026E+04   3.5882939E+04   3.5367909E+04   3.4858879E+04   3.4355797E+04   3.3858609E+04   3.3367263E+04   3.2881705E+04   3.2401884E+04   3.1927748E+04   3.1459244E+04   3.0996322E+04   3.0538930E+04   3.0087018E+04   2.9640535E+04   2.9199432E+04   2.8763659E+04   2.8333166E+04   2.7907904E+04   2.7487825E+04   2.7072879E+04   2.6663020E+04
   1.0072618E+05   9.9537140E+04   9.8359487E+04   9.7193141E+04   9.6038017E+04   9.4894033E+04   9.3761106E+04   9.2639156E+04   9.1528099E+04   9.0427855E+04   8.9338344E+04   8.8259485E+04   8.7191198E+04   8.6133404E+04   8.5086024E+04   8.4048979E+04   8.3022191E+04   8.2005583E+04   8.0999076E+04   8.0002594E+04   7.9016061E+04   7.8039400E+04   7.7072535E+04   7.6115392E+04   7.5167895E+04   7.4229970E+04   7.3301542E+04   7.2382538E+04   7.1472885E+04   7.0572509E+04   6.9681339E+04   6.8799301E+04   6.7926324E+04   6.7062338E+04   6.6207270E+04   6.5361050E+04   6.4523608E+04   6.3694874E+04   6.2874780E+04   6.2063254E+04   6.1260230E+04   6.0465639E+04   5.9679413E+04   5.8901484E+04   5.8131785E+04   5.7370249E+04   5.6616811E+04   5.5871404E+04   5.5133962E+04   5.4404420E+04   5.3682714E+04   5.2968778E+04   5.2262549E+04   5.1563963E+04   5.0872956E+04   5.0189466E+04   4.9513429E+04   4.8844783E+04   4.8183467E+04   4.7529418E+04   4.6882576E+04   4.6242880E+04   4.5610268E+04   4.4984681E+04   4.4366060E+04   4.3754344E+04   4.3149475E+04   4.2551393E+04   4.1960040E+04   4.1375359E+04   4.0797292E+04   4.0225780E+04   3.9660768E+04   3.9102198E+04   3.8550014E+04   3.8004161E+04   3.7464581E+04   3.6931222E+04   3.6404026E+04   3.5882939E+04   3.5367909E+04   3.4858879E+04   3.4355797E+04   3.3858609E+04   3.3367263E+04   3.2881705E+04   3.2401884E+04   3.1927748E+04   3.1459244E+04   3.0996322E+04   3.0538930E+04   3.0087018E+04   2.9640535E+04   2.9199432E+04   2.8763659E+04   2.8333166E+04   2.7907904E+04   2.7487825E+04   2.7072879E+04   2.6663020E+04
   1.0072618E+05   9.9537140E+04   9.8359487E+04   9.7193141E+04   9.6038017E+04   9.4894033E+04   9.3761106E+04   9.2639156E+04   9.1528099E+04   9.0427855E+04   8.9338344E+04   8.8259485E+04   8.7191198E+04   8.6133404E+04   8.5086024E+04   8.4048979E+04   8.3022191E+04   8.2005583E+04   8.0999076E+04   8.0002594E+04   7.9016061E+04   7.8039400E+04   7.7072535E+04   7.6115392E+04   7.5167895E+04   7.4229970E+04   7.3301542E+04   7.2382538E+04   7.1472885E+04   7.0572509E+04   6.9681339E+04   6.8799301E+04   6.7926324E+04   6.7062338E+04   6.6207270E+04   6.5361050E+04   6.4523608E+04   6.3694874E+04   6.2874780E+04   6.2063254E+04   6.1260230E+04   6.0465639E+04   5.9679413E+04   5.8901484E+04   5.8131785E+04   5.7370249E+04   5.6616811E+04   5.5871404E+04   5.5133962E+04   5.4404420E+04   5.3682714E+04   5.2968778E+04   5.2262549E+04   5.1563963E+04   5.0872956E+04   5.0189466E+04   4.9513429E+04   4.8844783E+04   4.8183467E+04   4.7529418E+04   4.6882576E+04   4.6242880E+04   4.5610268E+04   4.4984681E+04   4.4366060E+04   4.3754344E+04   4.3149475E+04   4.2551393E+04   4.1960040E+04   4.1375359E+04   4.0797292E+04   4.0225780E+04   3.9660768E+04   3.9102198E+04   3.8550014E+04   3.8004161E+04   3.7464581E+04   3.6931222E+04   3.6404026E+04   3.5882939E+04   3.5367909E+04   3.4858879E+04   3.4355797E+04   3.3858609E+04   3.3367263E+04   3.2881705E+04   3.2401884E+04   3.1927748E+04   3.1459244E+04   3.0996322E+04   3.0538930E+04   3.0087018E+04   2.9640535E+04   2.9199432E+04   2.8763659E+04   2.8333166E+04   2.7907904E+04   2.7487825E+04   2.7072879E+04   2.6663020E+04
   1.0072618E+05   9.9537140E+04   9.8359487E+04   9.7193141E+04   9.6038017E+04   9.4894033E+04   9.3761106E+04   9.2639156E+04   9.1528099E+04   9.0427855E+04   8.9338344E+04   8.8259485E+04   8.7191198E+04   8.6133404E+04   8.5086024E+04   8.4048979E+04   8.3022191E+04   8.2005583E+04   8.0999076E+04   8.0002594E+04   7.9016061E+04   7.8039400E+04   7.7072535E+04   7.6115392E+04   7.5167895E+04   7.4229970E+04   7.3301542E+04   7.2382538E+04   7.1472885E+04   7.0572509E+04   6.9681339E+04   6.8799301E+04   6.7926324E+04   6.7062338E+04   6.6207270E+04   6.5361050E+04   6.4523608E+04   6.3694874E+04   6.2874780E+04   6.2063254E+04   6.1260230E+04   6.0465639E+04   5.9679413E+04   5.8901484E+04   5.8131785E+04   5.7370249E+04   5.6616811E+04   5.5871404E+04   5.5133962E+04   5.4404420E+04   5.3682714E+04   5.2968778E+04   5.2262549E+04   5.1563963E+04   5.0872956E+04   5.0189466E+04   4.9513429E+04   4.8844783E+04   4.8183467E+04   4.7529418E+04   4.6882576E+04   4.6242880E+04   4.5610268E+04   4.4984681E+04   4.4366060E+04   4.3754344E+04   4.3149475E+04   4.2551393E+04   4.1960040E+04   4.1375359E+04   4.0797292E+04   4.0225780E+04   3.9660768E+04   3.9102198E+04   3.8550014E+04   3.8004161E+04   3.7464581E+04   3.6931222E+04   3.6404026E+04   3.5882939E+04   3.5367909E+04   3.4858879E+04   3.4355797E+04   3.3858609E+04   3.3367263E+04   3.2881705E+04   3.2401884E+04   3.1927748E+04   3.1459244E+04   3.0996322E+04   3.0538930E+04   3.0087018E+04   2.9640535E+04   2.9199432E+04   2.8763659E+04   2.8333166E+04   2.7907904E+04   2.7487825E+04   2.7072879E+04   2.6663020E+04
   1.0072618E+05   9.9537140E+04   9.8359487E+04   9.7193141E+04   9.6038017E+04   9.4894033E+04   9.3761106E+04   9.2639156E+04   9.1528099E+04   9.0427855E+04   8.9338344E+04   8.8259485E+04   8.7191198E+04   8.6133404E+04   8.5086024E+04   8.4048979E+04   8.3022191E+04   8.2005583E+04   8.0999076E+04   8.0002594E+04   7.9016061E+04   7.8039400E+04   7.7072535E+04   7.6115392E+04   7.5167895E+04   7.4229970E+04   7.3301542E+04   7.2382538E+04   7.1472885E+04   7.0572509E+04   6.9681339E+04   6.8799301E+04   6.7926324E+04   6.7062338E+04   6.6207270E+04   6.5361050E+04   6.4523608E+04   6.3694874E+04   6.2874780E+04   6.2063254E+04   6.1260230E+04   6.0465639E+04   5.9679413E+04   5.8901484E+04   5.8131785E+04   5.7370249E+04   5.6616811E+04   5.5871404E+04   5.5133962E+04   5.4404420E+04   5.3682714E+04   5.2968778E+04   5.2262549E+04   5.1563963E+04   5.0872956E+04   5.0189466E+04   4.9513429E+04   4.8844783E+04   4.8183467E+04   4.7529418E+04   4.6882576E+04   4.6242880E+04   4.5610268E+04   4.4984681E+04   4.4366060E+04   4.3754344E+04   4.3149475E+04   4.2551393E+04   4.1960040E+04   4.1375359E+04   4.0797292E+04   4.0225780E+04   3.9660768E+04   3.9102198E+04   3.8550014E+04   3.8004161E+04   3.7464581E+04   3.6931222E+04   3.6404026E+04   3.5882939E+04   3.5367909E+04   3.4858879E+04   3.4355797E+04   3.3858609E+04   3.3367263E+04   3.2881705E+04   3.2401884E+04   3.1927748E+04   3.1459244E+04   3.0996322E+04   3.0538930E+04   3.0087018E+04   2.9640535E+04   2.9199432E+04   2.8763659E+04   2.8333166E+04   2.7907904E+04   2.7487825E+04   2.7072879E+04   2.6663020E+04
   1.0072618E+05   9.9537140E+04   9.8359487E+04   9.7193141E+04   9.6038017E+04   9.4894033E+04   9.3761106E+04   9.2639156E+04   9.1528099E+04   9.0427855E+04   8.9338344E+04   8.8259485E+04   8.7191198E+04   8.6133404E+04   8.5086024E+04   8.4048979E+04   8.3022191E+04   8.2005583E+04   8.0999076E+04   8.0002594E+04   7.9016061E+04   7.8039400E+04   7.7072535E+04   7.6115392E+04   7.5167895E+04   7.4229970E+04   7.3301542E+04   7.2382538E+04   7.1472885E+04   7.0572509E+04   6.9681339E+04   6.8799301E+04   6.7926324E+04   6.7062338E+04   6.6207270E+04   6.5361050E+04   6.4523608E+04   6.3694874E+04   6.2874780E+04   6.2063254E+04   6.1260230E+04   6.0465639E+04   5.9679413E+04   5.8901484E+04   5.8131785E+04   5.7370249E+04   5.6616811E+04   5.5871404E+04   5.5133962E+04   5.4404420E+04   5.3682714E+04   5.2968778E+04   5.2262549E+04   5.1563963E+04   5.0872956E+04   5.0189466E+04   4.9513429E+04   4.8844783E+04   4.8183467E+04   4.7529418E+04   4.6882576E+04   4.6242880E+04   4.5610268E+04   4.4984681E+04   4.4366060E+04   4.3754344E+04   4.3149475E+04   4.2551393E+04   4.1960040E+04   4.1375359E+04   4.0797292E+04   4.0225780E+04   3.9660768E+04   3.9102198E+04   3.8550014E+04   3.8004161E+04   3.7464581E+04   3.6931222E+04   3.6404026E+04   3.5882939E+04   3.5367909E+04   3.4858879E+04   3.4355797E+04   3.3858609E+04   3.3367263E+04   3.2881705E+04   3.2401884E+04   3.1927748E+04   3.1459244E+04   3.0996322E+04   3.0538930E+04   3.0087018E+04   2.9640535E+04   2.9199432E+04   2.8763659E+04   2.8333166E+04   2.7907904E+04   2.7487825E+04   2.7072879E+04   2.6663020E+04
   1.0072618E+05   9.9537140E+04   9.8359487E+04   9.7193141E+04   9.6038017E+04   9.4894033E+04   9.3761106E+04   9.2639156E+04   9.1528099E+04   9.0427855E+04   8.9338344E+04   8.8259485E+04   8.7191198E+04   8.6133404E+04   8.5086024E+04   8.4048979E+04   8.3022191E+04   8.2005583E+04   8.0999076E+04   8.0002594E+04   7.9016061E+04   7.8039400E+04   7.7072535E+04   7.6115392E+04   7.5167895E+04   7.4229970E+04   7.3301542E+04   7.2382538E+04   7.1472885E+04   7.0572509E+04   6.9681339E+04   6.8799301E+04   6.7926324E+04   6.7062338E+04   6.6207270E+04   6.5361050E+04   6.4523608E+04   6.3694874E+04   6.2874780E+04   6.2063254E+04   6.1260230E+04   6.0465639E+04   5.9679413E+04   5.8901484E+04   5.8131785E+04   5.7370249E+04   5.6616811E+04   5.5871404E+04   5.5133962E+04   5.4404420E+04   5.3682714E+04   5.2968778E+04   5.2262549E+04   5.1563963E+04   5.0872956E+04   5.0189466E+04   4.9513429E+04   4.8844783E+04   4.8183467E+04   4.7529418E+04   4.6882576E+04   4.6242880E+04   4.5610268E+04   4.4984681E+04   4.4366060E+04   4.3754344E+04   4.3149475E+04   4.2551393E+04   4.1960040E+04   4.1375359E+04   4.0797292E+04   4.0225780E+04   3.9660768E+04   3.9102198E+04   3.8550014E+04   3.8004161E+04   3.7464581E+04   3.6931222E+04   3.6404026E+04   3.5882939E+04   3.5367909E+04   3.4858879E+04   3.4355797E+04   3.3858609E+04   3.3367263E+04   3.2881705E+04   3.2401884E+04   3.1927748E+04   3.1459244E+04   3.0996322E+04   3.0538930E+04   3.0087018E+04   2.9640535E+04   2.9199432E+04   2.8763659E+04   2.8333166E+04   2.7907904E+04   2.7487825E+04   2.7072879E+04   2.6663020E+04
   1.0072618E+05   9.9537140E+04   9.8359487E+04   9.7193141E+04   9.6038017E+04   9.4894033E+04   9.3761106E+04   9.2639156E+04   9.1528099E+04   9.0427855E+04   8.9338344E+04   8.8259485E+04   8.7191198E+04   8.6133404E+04   8.5086024E+04   8.4048979E+04   8.3022191E+04   8.2005583E+04   8.0999076E+04   8.0002594E+04   7.9016061E+04   7.8039400E+04   7.7072535E+04   7.6115392E+04   7.5167895E+04   7.4229970E+04   7.3301542E+04   7.2382538E+04   7.1472885E+04   7.0572509E+04   6.9681339E+04   6.8799301E+04   6.7926324E+04   6.7062338E+04   6.6207270E+04   6.5361050E+04   6.4523608E+04   6.3694874E+04   6.2874780E+04   6.2063254E+04   6.1260230E+04   6.0465639E+04   5.9679413E+04   5.8901484E+04   5.8131785E+04   5.7370249E+04   5.6616811E+04   5.5871404E+04   5.5133962E+04   5.4404420E+04   5.3682714E+04   5.2968778E+04   5.2262549E+04   5.1563963E+04   5.0872956E+04   5.0189466E+04   4.9513429E+04   4.8844783E+04   4.8183467E+04   4.7529418E+04   4.6882576E+04   4.6242880E+04   4.5610268E+04   4.4984681E+04   4.4366060E+04   4.3754344E+04   4.3149475E+04   4.2551393E+04   4.1960040E+04   4.1375359E+04   4.0797292E+04   4.0225780E+04   3.9660768E+04   3.9102198E+04   3.8550014E+04   3.8004161E+04   3.7464581E+04   3.6931222E+04   3.6404026E+04   3.5882939E+04   3.5367909E+04   3.4858879E+04   3.4355797E+04   3.3858609E+04   3.3367263E+04   3.2881705E+04   3.2401884E+04   3.1927748E+04   3.1459244E+04   3.0996322E+04   3.0538930E+04   3.0087018E+04   2.9640535E+04   2.9199432E+04   2.8763659E+04   2.8333166E+04   2.7907904E+04   2.7487825E+04   2.7072879E+04   2.6663020E+04
   1.0072618E+05   9.9537140E+04   9.8359487E+04   9.7193141E+04   9.6038017E+04   9.4894033E+04   9.3761106E+04   9.2639156E+04   9.1528099E+04   9.0427855E+04   8.9338344E+04   8.8259485E+04   8.7191198E+04   8.6133404E+04   8.5086024E+04   8.4048979E+04   8.3022191E+04   8.2005583E+04   8.0999076E+04   8.0002594E+04   7.9016061E+04   7.8039400E+04   7.7072535E+04   7.6115392E+04   7.5167895E+04   7.4229970E+04   7.3301542E+04   7.2382538E+04   7.1472885E+04   7.0572509E+04   6.9681339E+04   6.8799301E+04   6.7926324E+04   6.7062338E+04   6.6207270E+04   6.5361050E+04   6.4523608E+04   6.3694874E+04   6.2874780E+04   6.2063254E+04   6.1260230E+04   6.0465639E+04   5.9679413E+04   5.8901484E+04   5.8131785E+04   5.7370249E+04   5.6616811E+04   5.5871404E+04   5.5133962E+04   5.4404420E+04   5.3682714E+04   5.2968778E+04   5.2262549E+04   5.1563963E+04   5.0872956E+04   5.0189466E+04   4.9513429E+04   4.8844783E+04   4.8183467E+04   4.7529418E+04   4.6882576E+04   4.6242880E+04   4.5610268E+04   4.4984681E+04   4.4366060E+04   4.3754344E+04   4.3149475E+04   4.2551393E+04   4.1960040E+04   4.1375359E+04   4.0797292E+04   4.0225780E+04   3.9660768E+04   3.9102198E+04   3.8550014E+04   3.8004161E+04   3.7464581E+04   3.6931222E+04   3.6404026E+04   3.5882939E+04   3.5367909E+04   3.4858879E+04   3.4355797E+04   3.3858609E+04   3.3367263E+04   3.2881705E+04   3.2401884E+04   3.1927748E+04   3.1459244E+04   3.0996322E+04   3.0538930E+04   3.0087018E+04   2.9640535E+04   2.9199432E+04   2.8763659E+04   2.8333166E+04   2.7907904E+04   2.7487825E+04   2.7072879E+04   2.6663020E+04
   1.0072618E+05   9.9537140E+04   9.8359487E+04   9.7193141E+04   9.6038017E+04   9.4894033E+04   9.3761106E+04   9.2639156E+04   9.1528099E+04   9.0427855E+04   8.9338344E+04   8.8259485E+04   8.7191198E+04   8.6133404E+04   8.5086024E+04   8.4048979E+04   8.3022191E+04   8.2005583E+04   8.0999076E+04   8.0002594E+04   7.9016061E+04   7.8039400E+04   7.7072535E+04   7.6115392E+04   7.5167895E+04   7.4229970E+04   7.3301542E+04   7.2382538E+04   7.1472885E+04   7.0572509E+04   6.9681339E+04   6.8799301E+04   6.7926324E+04   6.7062338E+04   6.6207270E+04   6.5361050E+04   6.4523608E+04   6.3694874E+04   6.2874780E+04   6.2063254E+04   6.1260230E+04   6.0465639E+04   5.9679413E+04   5.8901484E+04   5.8131785E+04   5.7370249E+04   5.6616811E+04   5.5871404E+04   5.5133962E+04   5.4404420E+04   5.3682714E+04   5.2968778E+04   5.2262549E+04   5.1563963E+04   5.0872956E+04   5.0189466E+04   4.9513429E+04   4.8844783E+04   4.8183467E+04   4.7529418E+04   4.6882576E+04   4.6242880E+04   4.5610268E+04   4.4984681E+04   4.4366060E+04   4.3754344E+04   4.3149475E+04   4.2551393E+04   4.1960040E+04   4.1375359E+04   4.0797292E+04   4.0225780E+04   3.9660768E+04   3.9102198E+04   3.8550014E+04   3.8004161E+04   3.7464581E+04   3.6931222E+04   3.6404026E+04   3.5882939E+04   3.5367909E+04   3.4858879E+04   3.4355797E+04   3.3858609E+04   3.3367263E+04   3.2881705E+04   3.2401884E+04   3.1927748E+04   3.1459244E+04   3.0996322E+04   3.0538930E+04   3.0087018E+04   2.9640535E+04   2.9199432E+04   2.8763659E+04   2.8333166E+04   2.7907904E+04   2.7487825E+04   2.7072879E+04   2.6663020E+04
   1.0072618E+05   9.9537140E+04   9.8359487E+04   9.7193141E+04   9.6038017E+04   9.4894033E+04   9.3761106E+04   9.2639156E+04   9.1528099E+04   9.0427855E+04   8.9338344E+04   8.8259485E+04   8.7191198E+04   8.6133404E+04   8.5086024E+04   8.4048979E+04   8.3022191E+04   8.2005583E+04   8.0999076E+04   8.0002594E+04   7.9016061E+04   7.8039400E+04   7.7072535E+04   7.6115392E+04   7.5167895E+04   7.4229970E+04   7.3301542E+04   7.2382538E+04   7.1472885E+04   7.0572509E+04   6.9681339E+04   6.8799301E+04   6.7926324E+04   6.7062338E+04   6.6207270E+04   6.5361050E+04   6.4523608E+04   6.3694874E+04   6.2874780E+04   6.2063254E+04   6.1260230E+04   6.0465639E+04   5.9679413E+04   5.8901484E+04   5.8131785E+04   5.7370249E+04   5.6616811E+04   5.5871404E+04   5.5133962E+04   5.4404420E+04   5.3682714E+04   5.2968778E+04   5.2262549E+04   5.1563963E+04   5.0872956E+04   5.0189466E+04   4.9513429E+04   4.8844783E+04   4.8183467E+04   4.7529418E+04   4.6882576E+04   4.6242880E+04   4.5610268E+04   4.4984681E+04   4.4366060E+04   4.3754344E+04   4.3149475E+04   4.2551393E+04   4.1960040E+04   4.1375359E+04   4.0797292E+04   4.0225780E+04   3.9660768E+04   3.9102198E+04   3.8550014E+04   3.8004161E+04   3.7464581E+04   3.6931222E+04   3.6404026E+04   3.5882939E+04   3.5367909E+04   3.4858879E+04   3.4355797E+04   3.3858609E+04   3.3367263E+04   3.2881705E+04   3.2401884E+04   3.1927748E+04   3.1459244E+04   3.0996322E+04   3.0538930E+04   3.0087018E+04   2.9640535E+04   2.9199432E+04   2.8763659E+04   2.8333166E+04   2.7907904E+04   2.7487825E+04   2.7072879E+04   2.6663020E+04
   1.0072618E+05   9.9537140E+04   9.8359487E+04   9.7193141E+04   9.6038017E+04   9.4894033E+04   9.3761106E+04   9.2639156E+04   9.1528099E+04   9.0427855E+04   8.9338344E+04   8.8259485E+04   8.7191198E+04   8.6133404E+04   8.5086024E+04   8.4048979E+04   8.3022191E+04   8.2005583E+04   8.0999076E+04   8.0002594E+04   7.9016061E+04   7.8039400E+04   7.7072535E+04   7.6115392E+04   7.5167895E+04   7.4229970E+04   7.3301542E+04   7.2382538E+04   7.1472885E+04   7.0572509E+04   6.9681339E+04   6.8799301E+04   6.7926324E+04   6.7062338E+04   6.6207270E+04   6.5361050E+04   6.4523608E+04   6.3694874E+04   6.2874780E+04   6.2063254E+04   6.1260230E+04   6.0465639E+04   5.9679413E+04   5.8901484E+04   5.8131785E+04   5.7370249E+04   5.6616811E+04   5.5871404E+04   5.5133962E+04   5.4404420E+04   5.3682714E+04   5.2968778E+04   5.2262549E+04   5.1563963E+04   5.0872956E+04   5.0189466E+04   4.9513429E+04   4.8844783E+04   4.8183467E+04   4.7529418E+04   4.6882576E+04   4.6242880E+04   4.5610268E+04   4.4984681E+04   4.4366060E+04   4.3754344E+04   4.3149475E+04   4.2551393E+04   4.1960040E+04   4.1375359E+04   4.0797292E+04   4.0225780E+04   3.9660768E+04   3.9102198E+04   3.8550014E+04   3.8004161E+04   3.7464581E+04   3.6931222E+04   3.6404026E+04   3.5882939E+04   3.5367909E+04   3.4858879E+04   3.4355797E+04   3.3858609E+04   3.3367263E+04   3.2881705E+04   3.2401884E+04   3.1927748E+04   3.1459244E+04   3.0996322E+04   3.0538930E+04   3.0087018E+04   2.9640535E+04   2.9199432E+04   2.8763659E+04   2.8333166E+04   2.7907904E+04   2.7487825E+04   2.7072879E+04   2.6663020E+04
   1.0072618E+05   9.9537140E+04   9.8359487E+04   9.7193141E+04   9.6038017E+04   9.4894033E+04   9.3761106E+04   9.2639156E+04   9.1528099E+04   9.0427855E+04   8.9338344E+04   8.8259485E+04   8.7191198E+04   8.6133404E+04   8.5086024E+04   8.4048979E+04   8.3022191E+04   8.2005583E+04   8.0999076E+04   8.0002594E+04   7.9016061E+04   7.8039400E+04   7.7072535E+04   7.6115392E+04   7.5167895E+04   7.4229970E+04   7.3301542E+04   7.2382538E+04   7.1472885E+04   7.0572509E+04   6.9681339E+04   6.8799301E+04   6.7926324E+04   6.7062338E+04   6.6207270E+04   6.5361050E+04   6.4523608E+04   6.3694874E+04   6.2874780E+04   6.2063254E+04   6.1260230E+04   6.0465639E+04   5.9679413E+04   5.8901484E+04   5.8131785E+04   5.7370249E+04   5.6616811E+04   5.5871404E+04   5.5133962E+04   5.4404420E+04   5.3682714E+04   5.2968778E+04   5.2262549E+04   5.1563963E+04   5.0872956E+04   5.0189466E+04   4.9513429E+04   4.8844783E+04   4.8183467E+04   4.7529418E+04   4.6882576E+04   4.6242880E+04   4.5610268E+04   4.4984681E+04   4.4366060E+04   4.3754344E+04   4.3149475E+04   4.2551393E+04   4.1960040E+04   4.1375359E+04   4.0797292E+04   4.0225780E+04   3.9660768E+04   3.9102198E+04   3.8550014E+04   3.8004161E+04   3.7464581E+04   3.6931222E+04   3.6404026E+04   3.5882939E+04   3.5367909E+04   3.4858879E+04   3.4355797E+04   3.3858609E+04   3.3367263E+04   3.2881705E+04   3.2401884E+04   3.1927748E+04   3.1459244E+04   3.0996322E+04   3.0538930E+04   3.0087018E+04   2.9640535E+04   2.9199432E+04   2.8763659E+04   2.8333166E+04   2.7907904E+04   2.7487825E+04   2.7072879E+04   2.6663020E+04
   1.0072618E+05   9.9537140E+04   9.8359487E+04   9.7193141E+04   9.6038017E+04   9.4894033E+04   9.3761106E+04   9.2639156E+04   9.1528099E+04   9.0427855E+04   8.9338344E+04   8.8259485E+04   8.7191198E+04   8.6133404E+04   8.5086024E+04   8.4048979E+04   8.3022191E+04   8.2005583E+04   8.0999076E+04   8.0002594E+04   7.9016061E+04   7.8039400E+04   7.7072535E+04   7.6115392E+04   7.5167895E+04   7.4229970E+04   7.3301542E+04   7.2382538E+04   7.1472885E+04   7.0572509E+04   6.9681339E+04   6.8799301E+04   6.7926324E+04   6.7062338E+04   6.6207270E+04   6.5361050E+04   6.4523608E+04   6.3694874E+04   6.2874780E+04   6.2063254E+04   6.1260230E+04   6.0465639E+04   5.9679413E+04   5.8901484E+04   5.8131785E+04   5.7370249E+04   5.6616811E+04   5.5871404E+04   5.5133962E+04   5.4404420E+04   5.3682714E+04   5.2968778E+04   5.2262549E+04   5.1563963E+04   5.0872956E+04   5.0189466E+04   4.9513429E+04   4.8844783E+04   4.8183467E+04   4.7529418E+04   4.6882576E+04   4.6242880E+04   4.5610268E+04   4.4984681E+04   4.4366060E+04   4.3754344E+04   4.3149475E+04   4.2551393E+04   4.1960040E+04   4.1375359E+04   4.0797292E+04   4.0225780E+04   3.9660768E+04   3.9102198E+04   3.8550014E+04   3.8004161E+04   3.7464581E+04   3.6931222E+04   3.6404026E+04   3.5882939E+04   3.5367909E+04   3.4858879E+04   3.4355797E+04   3.3858609E+04   3.3367263E+04   3.2881705E+04   3.2401884E+04   3.1927748E+04   3.1459244E+04   3.0996322E+04   3.0538930E+04   3.0087018E+04   2.9640535E+04   2.9199432E+04   2.8763659E+04   2.8333166E+04   2.7907904E+04   2.7487825E+04   2.7072879E+04   2.6663020E+04
   1.0072618E+05   9.9537140E+04   9.8359487E+04   9.7193141E+04   9.6038017E+04   9.4894033E+04   9.3761106E+04   9.2639156E+04   9.1528099E+04   9.0427855E+04   8.9338344E+04   8.8259485E+04   8.7191198E+04   8.6133404E+04   8.5086024E+04   8.4048979E+04   8.3022191E+04   8.2005583E+04   8.0999076E+04   8.0002594E+04   7.9016061E+04   7.8039400E+04   7.7072535E+04   7.6115392E+04   7.5167895E+04   7.4229970E+04   7.3301542E+04   7.2382538E+04   7.1472885E+04   7.0572509E+04   6.9681339E+04   6.8799301E+04   6.7926324E+04   6.7062338E+04   6.6207270E+04   6.5361050E+04   6.4523608E+04   6.3694874E+04   6.2874780E+04   6.2063254E+04   6.1260230E+04   6.0465639E+04   5.9679413E+04   5.8901484E+04   5.8131785E+04   5.7370249E+04   5.6616811E+04   5.5871404E+04   5.5133962E+04   5.4404420E+04   5.3682714E+04   5.2968778E+04   5.2262549E+04   5.1563963E+04   5.0872956E+04   5.0189466E+04   4.9513429E+04   4.8844783E+04   4.8183467E+04   4.7529418E+04   4.6882576E+04   4.6242880E+04   4.5610268E+04   4.4984681E+04   4.4366060E+04   4.3754344E+04   4.3149475E+04   4.2551393E+04   4.1960040E+04   4.1375359E+04   4.0797292E+04   4.0225780E+04   3.9660768E+04   3.9102198E+04   3.8550014E+04   3.8004161E+04   3.7464581E+04   3.6931222E+04   3.6404026E+04   3.5882939E+04   3.5367909E+04   3.4858879E+04   3.4355797E+04   3.3858609E+04   3.3367263E+04   3.2881705E+04   3.2401884E+04   3.1927748E+04   3.1459244E+04   3.0996322E+04   3.0538930E+04   3.0087018E+04   2.9640535E+04   2.9199432E+04   2.8763659E+04   2.8333166E+04   2.7907904E+04   2.7487825E+04   2.7072879E+04   2.6663020E+04
   1.0072618E+05   9.9537140E+04   9.8359487E+04   9.7193141E+04   9.6038017E+04   9.4894033E+04   9.3761106E+04   9.2639156E+04   9.1528099E+04   9.0427855E+04   8.9338344E+04   8.8259485E+04   8.7191198E+04   8.6133404E+04   8.5086024E+04   8.4048979E+04   8.3022191E+04   8.2005583E+04   8.0999076E+04   8.0002594E+04   7.9016061E+04   7.8039400E+04   7.7072535E+04   7.6115392E+04   7.5167895E+04   7.4229970E+04   7.3301542E+04   7.2382538E+04   7.1472885E+04   7.0572509E+04   6.9681339E+04   6.8799301E+04   6.7926324E+04   6.7062338E+04   6.6207270E+04   6.5361050E+04   6.4523608E+04   6.3694874E+04   6.2874780E+04   6.2063254E+04   6.1260230E+04   6.0465639E+04   5.9679413E+04   5.8901484E+04   5.8131785E+04   5.7370249E+04   5.6616811E+04   5.5871404E+04   5.5133962E+04   5.4404420E+04   5.3682714E+04   5.2968778E+04   5.2262549E+04   5.1563963E+04   5.0872956E+04   5.0189466E+04   4.9513429E+04   4.8844783E+04   4.8183467E+04   4.7529418E+04   4.6882576E+04   4.6242880E+04   4.5610268E+04   4.4984681E+04   4.4366060E+04   4.3754344E+04   4.3149475E+04   4.2551393E+04   4.1960040E+04   4.1375359E+04   4.0797292E+04   4.0225780E+04   3.9660768E+04   3.9102198E+04   3.8550014E+04   3.8004161E+04   3.7464581E+04   3.6931222E+04   3.6404026E+04   3.5882939E+04   3.5367909E+04   3.4858879E+04   3.4355797E+04   3.3858609E+04   3.3367263E+04   3.2881705E+04   3.2401884E+04   3.1927748E+04   3.1459244E+04   3.0996322E+04   3.0538930E+04   3.0087018E+04   2.9640535E+04   2.9199432E+04   2.8763659E+04   2.8333166E+04   2.7907904E+04   2.7487825E+04   2.7072879E+04   2.6663020E+04
   1.0072618E+05   9.9537140E+04   9.8359487E+04   9.7193141E+04   9.6038017E+04   9.4894033E+04   9.3761106E+04   9.2639156E+04   9.1528099E+04   9.0427855E+04   8.9338344E+04   8.8259485E+04   8.7191198E+04   8.6133404E+04   8.5086024E+04   8.4048979E+04   8.3022191E+04   8.2005583E+04   8.0999076E+04   8.0002594E+04   7.9016061E+04   7.8039400E+04   7.7072535E+04   7.6115392E+04   7.5167895E+04   7.4229970E+04   7.3301542E+04   7.2382538E+04   7.1472885E+04   7.0572509E+04   6.9681339E+04   6.8799301E+04   6.7926324E+04   6.7062338E+04   6.6207270E+04   6.5361050E+04   6.4523608E+04   6.3694874E+04   6.2874780E+04   6.2063254E+04   6.1260230E+04   6.0465639E+04   5.9679413E+04   5.8901484E+04   5.8131785E+04   5.7370249E+04   5.6616811E+04   5.5871404E+04   5.5133962E+04   5.4404420E+04   5.3682714E+04   5.2968778E+04   5.2262549E+04   5.1563963E+04   5.0872956E+04   5.0189466E+04   4.9513429E+04   4.8844783E+04   4.8183467E+04   4.7529418E+04   4.6882576E+04   4.6242880E+04   4.5610268E+04   4.4984681E+04   4.4366060E+04   4.3754344E+04   4.3149475E+04   4.2551393E+04   4.1960040E+04   4.1375359E+04   4.0797292E+04   4.0225780E+04   3.9660768E+04   3.9102198E+04   3.8550014E+04   3.8004161E+04   3.7464581E+04   3.6931222E+04   3.6404026E+04   3.5882939E+04   3.5367909E+04   3.4858879E+04   3.4355797E+04   3.3858609E+04   3.3367263E+04   3.2881705E+04   3.2401884E+04   3.1927748E+04   3.1459244E+04   3.0996322E+04   3.0538930E+04   3.0087018E+04   2.9640535E+04   2.9199432E+04   2.8763659E+04   2.8333166E+04   2.7907904E+04   2.7487825E+04   2.7072879E+04   2.6663020E+04
   1.0072618E+05   9.9537140E+04   9.8359487E+04   9.7193141E+04   9.6038017E+04   9.4894033E+04   9.3761106E+04   9.2639156E+04   9.1528099E+04   9.0427855E+04   8.9338344E+04   8.8259485E+04   8.7191198E+04   8.6133404E+04   8.5086024E+04   8.4048979E+04   8.3022191E+04   8.2005583E+04   8.0999076E+04   8.0002594E+04   7.9016061E+04   7.8039400E+04   7.7072535E+04   7.6115392E+04   7.5167895E+04   7.4229970E+04   7.3301542E+04   7.2382538E+04   7.1472885E+04   7.0572509E+04   6.9681339E+04   6.8799301E+04   6.7926324E+04   6.7062338E+04   6.6207270E+04   6.5361050E+04   6.4523608E+04   6.3694874E+04   6.2874780E+04   6.2063254E+04   6.1260230E+04   6.0465639E+04   5.9679413E+04   5.8901484E+04   5.8131785E+04   5.7370249E+04   5.6616811E+04   5.5871404E+04   5.5133962E+04   5.4404420E+04   5.3682714E+04   5.2968778E+04   5.2262549E+04   5.1563963E+04   5.0872956E+04   5.0189466E+04   4.9513429E+04   4.8844783E+04   4.8183467E+04   4.7529418E+04   4.6882576E+04   4.6242880E+04   4.5610268E+04   4.4984681E+04   4.4366060E+04   4.3754344E+04   4.3149475E+04   4.2551393E+04   4.1960040E+04   4.1375359E+04   4.0797292E+04   4.0225780E+04   3.9660768E+04   3.9102198E+04   3.8550014E+04   3.8004161E+04   3.7464581E+04   3.6931222E+04   3.6404026E+04   3.5882939E+04   3.5367909E+04   3.4858879E+04   3.4355797E+04   3.3858609E+04   3.3367263E+04   3.2881705E+04   3.2401884E+04   3.1927748E+04   3.1459244E+04   3.0996322E+04   3.0538930E+04   3.0087018E+04   2.9640535E+04   2.9199432E+04   2.8763659E+04   2.8333166E+04   2.7907904E+04   2.7487825E+04   2.7072879E+04   2.6663020E+04
   1.0072618E+05   9.9537140E+04   9.8359487E+04   9.7193141E+04   9.6038017E+04   9.4894033E+04   9.3761106E+04   9.2639156E+04   9.1528099E+04   9.0427855E+04   8.9338344E+04   8.8259485E+04   8.7191198E+04   8.6133404E+04   8.5086024E+04   8.4048979E+04   8.3022191E+04   8.2005583E+04   8.0999076E+04   8.0002594E+04   7.9016061E+04   7.8039400E+04   7.7072535E+04   7.6115392E+04   7.5167895E+04   7.4229970E+04   7.3301542E+04   7.2382538E+04   7.1472885E+04   7.0572509E+04   6.9681339E+04   6.8799301E+04   6.7926324E+04   6.7062338E+04   6.6207270E+04   6.5361050E+04   6.4523608E+04   6.3694874E+04   6.2874780E+04   6.2063254E+04   6.1260230E+04   6.0465639E+04   5.9679413E+04   5.8901484E+04   5.8131785E+04   5.7370249E+04   5.6616811E+04   5.5871404E+04   5.5133962E+04   5.4404420E+04   5.3682714E+04   5.2968778E+04   5.2262549E+04   5.1563963E+04   5.0872956E+04   5.0189466E+04   4.9513429E+04   4.8844783E+04   4.8183467E+04   4.7529418E+04   4.6882576E+04   4.6242880E+04   4.5610268E+04   4.4984681E+04   4.4366060E+04   4.3754344E+04   4.3149475E+04   4.2551393E+04   4.1960040E+04   4.1375359E+04   4.0797292E+04   4.0225780E+04   3.9660768E+04   3.9102198E+04   3.8550014E+04   3.8004161E+04   3.7464581E+04   3.6931222E+04   3.6404026E+04   3.5882939E+04   3.5367909E+04   3.4858879E+04   3.4355797E+04   3.3858609E+04   3.3367263E+04   3.2881705E+04   3.2401884E+04   3.1927748E+04   3.1459244E+04   3.0996322E+04   3.0538930E+04   3.0087018E+04   2.9640535E+04   2.9199432E+04   2.8763659E+04   2.8333166E+04   2.7907904E+04   2.7487825E+04   2.7072879E+04   2.6663020E+04
