   0.0000000E+00   0.0000000E+00   0.0000000E+00   0.0000000E+00   0.0000000E+00   0.0000000E+00   0.0000000E+00   0.0000000E+00   0.0000000E+00   0.0000000E+00   0.0000000E+00   0.0000000E+00   0.0000000E+00   0.0000000E+00   0.0000000E+00   0.0000000E+00   0.0000000E+00   0.0000000E+00   0.0000000E+00   0.0000000E+00   0.0000000E+00   0.0000000E+00   0.0000000E+00   0.0000000E+00   0.0000000E+00   0.0000000E+00   0.0000000E+00   0.0000000E+00   0.0000000E+00   0.0000000E+00   0.0000000E+00   0.0000000E+00   0.0000000E+00   0.0000000E+00   0.0000000E+00   0.0000000E+00   0.0000000E+00   0.0000000E+00   0.0000000E+00   0.0000000E+00   0.0000000E+00   0.0000000E+00   0.0000000E+00   0.0000000E+00   0.0000000E+00   0.0000000E+00   0.0000000E+00   0.0000000E+00   0.0000000E+00   0.0000000E+00   0.0000000E+00   0.0000000E+00   0.0000000E+00   0.0000000E+00   0.0000000E+00   0.0000000E+00   0.0000000E+00   0.0000000E+00   0.0000000E+00   0.0000000E+00   0.0000000E+00   0.0000000E+00   0.0000000E+00   0.0000000E+00   0.0000000E+00   0.0000000E+00   0.0000000E+00   0.0000000E+00   0.0000000E+00   0.0000000E+00   0.0000000E+00   0.0000000E+00   0.0000000E+00   0.0000000E+00   0.0000000E+00   0.0000000E+00   0.0000000E+00   0.0000000E+00   0.0000000E+00   0.0000000E+00   0.0000000E+00   0.0000000E+00   0.0000000E+00   0.0000000E+00   0.0000000E+00   0.0000000E+00   0.0000000E+00   0.0000000E+00   0.0000000E+00   0.0000000E+00   0.0000000E+00   0.0000000E+00   0.0000000E+00   0.0000000E+00   0.0000000E+00   0.0000000E+00   0.0000000E+00   0.0000000E+00   0.0000000E+00   0.0000000E+00
   0.0000000E+00   0.0000000E+00   0.0000000E+00   0.0000000E+00   0.0000000E+00   0.0000000E+00   0.0000000E+00   0.0000000E+00   0.0000000E+00   0.0000000E+00   0.0000000E+00   0.0000000E+00   0.0000000E+00   0.0000000E+00   0.0000000E+00   0.0000000E+00   0.0000000E+00   0.0000000E+00   0.0000000E+00   0.0000000E+00   0.0000000E+00   0.0000000E+00   0.0000000E+00   0.0000000E+00   0.0000000E+00   0.0000000E+00   0.0000000E+00   0.0000000E+00   0.0000000E+00   0.0000000E+00   0.0000000E+00   0.0000000E+00   0.0000000E+00   0.0000000E+00   0.0000000E+00   0.0000000E+00   0.0000000E+00   0.0000000E+00   0.0000000E+00   0.0000000E+00   0.0000000E+00   0.0000000E+00   0.0000000E+00   0.0000000E+00   0.0000000E+00   0.0000000E+00   0.0000000E+00   0.0000000E+00   0.0000000E+00   0.0000000E+00   0.0000000E+00   0.0000000E+00   0.0000000E+00   0.0000000E+00   0.0000000E+00   0.0000000E+00   0.0000000E+00   0.0000000E+00   0.0000000E+00   0.0000000E+00   0.0000000E+00   0.0000000E+00   0.0000000E+00   0.0000000E+00   0.0000000E+00   0.0000000E+00   0.0000000E+00   0.0000000E+00   0.0000000E+00   0.0000000E+00   0.0000000E+00   0.0000000E+00   0.0000000E+00   0.0000000E+00   0.0000000E+00   0.0000000E+00   0.0000000E+00   0.0000000E+00   0.0000000E+00   0.0000000E+00   0.0000000E+00   0.0000000E+00   0.0000000E+00   0.0000000E+00   0.0000000E+00   0.0000000E+00   0.0000000E+00   0.0000000E+00   0.0000000E+00   0.0000000E+00   0.0000000E+00   0.0000000E+00   0.0000000E+00   0.0000000E+00   0.0000000E+00   0.0000000E+00   0.0000000E+00   0.0000000E+00   0.0000000E+00   0.0000000E+00
   0.0000000E+00   0.0000000E+00   0.0000000E+00   0.0000000E+00   0.0000000E+00   0.0000000E+00   0.0000000E+00   3.9228770E-11   7.1127874E-11   1.0425938E-10   1.2766069E-10   1.6787287E-10   2.1317210E-10   2.6363131E-10   3.1933356E-10   3.8036380E-10   4.4680284E-10   5.1872240E-10   5.9618099E-10   6.7922007E-10   7.6786089E-10   8.6210084E-10   9.6191044E-10   1.0672303E-09   1.1779678E-09   1.2939948E-09   1.4151437E-09   1.5412056E-09   1.6719273E-09   1.8070082E-09   1.9460988E-09   2.0887985E-09   2.2346514E-09   2.3831481E-09   2.5337215E-09   2.6857458E-09   2.8385374E-09   2.9913527E-09   3.1433884E-09   3.2937824E-09   3.4416134E-09   3.5859036E-09   3.7256207E-09   3.8596770E-09   3.9869374E-09   4.1062185E-09   4.2162953E-09   4.3159041E-09   4.4037489E-09   4.4785082E-09   4.5388391E-09   4.5833848E-09   4.6107851E-09   4.6196824E-09   4.6087294E-09   4.5766031E-09   4.5220099E-09   4.4437001E-09   4.3404760E-09   4.2112069E-09   4.0548382E-09   3.8704080E-09   3.6570567E-09   3.4140426E-09   3.1407568E-09   2.8367375E-09   2.5016853E-09   2.1354796E-09   1.7381937E-09   1.3101135E-09   8.5175395E-10   3.6387712E-10  -1.5248944E-10  -6.9603362E-10  -1.2651394E-09  -1.8578673E-09  -2.4719340E-09  -3.1046912E-09  -3.7531072E-09  -4.4137431E-09  -5.0827360E-09  -5.7557763E-09  -6.4280892E-09  -7.0944193E-09  -7.7490094E-09  -8.3855953E-09  -8.9973895E-09  -9.5770778E-09  -1.0116825E-08  -1.0608280E-08  -1.1042596E-08  -1.1410478E-08  -1.1702569E-08  -1.1935978E-08  -1.3197174E-08  -1.2239518E-08  -1.2224880E-08  -1.4507309E-08  -6.5124347E-08   0.0000000E+00
   0.0000000E+00   0.0000000E+00   0.0000000E+00   0.0000000E+00   0.0000000E+00   0.0000000E+00   9.5948995E-12   7.0584066E-11   1.4047660E-10   2.0361926E-10   2.4864305E-10   3.2541400E-10   4.1158543E-10   5.0733423E-10   6.1287941E-10   7.2846618E-10   8.5435292E-10   9.9080288E-10   1.1380750E-09   1.2964165E-09   1.4660558E-09   1.6471958E-09   1.8400049E-09   2.0446123E-09   2.2610975E-09   2.4894848E-09   2.7297340E-09   2.9817318E-09   3.2452836E-09   3.5201060E-09   3.8058152E-09   4.1019206E-09   4.4078154E-09   4.7227675E-09   5.0459086E-09   5.3762310E-09   5.7125775E-09   6.0536309E-09   6.3979129E-09   6.7437766E-09   7.0893997E-09   7.4327846E-09   7.7717521E-09   8.1039468E-09   8.4268308E-09   8.7376950E-09   9.0336538E-09   9.3116608E-09   9.5685140E-09   9.8008686E-09   1.0005246E-08   1.0178056E-08   1.0315615E-08   1.0414166E-08   1.0469899E-08   1.0478989E-08   1.0437615E-08   1.0341999E-08   1.0188439E-08   9.9733475E-09   9.6932959E-09   9.3450510E-09   8.9256309E-09   8.4323419E-09   7.8628384E-09   7.2151698E-09   6.4878316E-09   5.6798206E-09   4.7906821E-09   3.8205532E-09   2.7701992E-09   1.6410274E-09   4.3507428E-10  -8.4506252E-10  -2.1963784E-09  -3.6157681E-09  -5.1005853E-09  -6.6496364E-09  -8.2649247E-09  -9.9546806E-09  -1.1738617E-08  -1.3657076E-08  -1.5786958E-08  -1.8269535E-08  -2.1359174E-08  -2.5508863E-08  -3.1520429E-08  -4.0807894E-08  -5.5830281E-08  -7.8984080E-08  -3.7664048E-08  -1.7183682E-08  -2.2033493E-08  -8.0332768E-08  -4.2393943E-08   0.0000000E+00   0.0000000E+00   0.0000000E+00   0.0000000E+00   0.0000000E+00
   0.0000000E+00   0.0000000E+00   0.0000000E+00   0.0000000E+00   0.0000000E+00   0.0000000E+00   2.4948104E-11   9.9200141E-11   2.1201690E-10   3.0600733E-10   3.7466524E-10   4.9047327E-10   6.2087357E-10   7.6631834E-10   9.2734503E-10   1.1045536E-09   1.2985877E-09   1.5101220E-09   1.7398489E-09   1.9884674E-09   2.2566711E-09   2.5451372E-09   2.8545142E-09   3.1854079E-09   3.5383676E-09   3.9138719E-09   4.3123110E-09   4.7339714E-09   5.1790146E-09   5.6474612E-09   6.1391665E-09   6.6538011E-09   7.1908284E-09   7.7494793E-09   8.3287324E-09   8.9272847E-09   9.5435322E-09   1.0175543E-08   1.0821037E-08   1.1477359E-08   1.2141464E-08   1.2809895E-08   1.3478766E-08   1.4143750E-08   1.4800067E-08   1.5442485E-08   1.6065304E-08   1.6662382E-08   1.7227121E-08   1.7752505E-08   1.8231058E-08   1.8652882E-08   1.9015875E-08   1.9305928E-08   1.9516179E-08   1.9637818E-08   1.9661949E-08   1.9579671E-08   1.9382174E-08   1.9060851E-08   1.8607404E-08   1.8013971E-08   1.7273246E-08   1.6378628E-08   1.5324348E-08   1.4105614E-08   1.2718751E-08   1.1161323E-08   9.4322470E-09   7.5318765E-09   5.4620219E-09   3.2258969E-09   8.2792506E-10  -1.7266836E-09  -4.4327177E-09  -7.2863591E-09  -1.0287586E-08  -1.3444257E-08  -1.6779031E-08  -2.0341030E-08  -2.4225516E-08  -2.8606784E-08  -3.3792546E-08  -4.0311161E-08  -4.9042473E-08  -6.1382359E-08  -7.9331151E-08  -1.0500941E-07  -1.3752684E-07  -1.5242054E-07  -2.4230925E-08  -1.8729946E-08  -3.3970139E-08  -1.0382106E-07   0.0000000E+00   0.0000000E+00   0.0000000E+00   0.0000000E+00   0.0000000E+00   0.0000000E+00
   0.0000000E+00   0.0000000E+00   0.0000000E+00   0.0000000E+00   0.0000000E+00   0.0000000E+00   3.5862490E-11   1.3552708E-10   2.8590155E-10   4.1175985E-10   5.0627952E-10   6.6396011E-10   8.4246465E-10   1.0427408E-09   1.2658873E-09   1.5131238E-09   1.7857703E-09   2.0852291E-09   2.4129696E-09   2.7705138E-09   3.1594216E-09   3.5812733E-09   4.0376524E-09   4.5301256E-09   5.0602216E-09   5.6294032E-09   6.2390431E-09   6.8903896E-09   7.5845374E-09   8.3223819E-09   9.1045891E-09   9.9315409E-09   1.0803294E-08   1.1719527E-08   1.2679487E-08   1.3681932E-08   1.4725074E-08   1.5806521E-08   1.6923208E-08   1.8071347E-08   1.9246356E-08   2.0442812E-08   2.1654389E-08   2.2873808E-08   2.4092801E-08   2.5302063E-08   2.6491243E-08   2.7648909E-08   2.8762566E-08   2.9818580E-08   3.0798969E-08   3.1694164E-08   3.2488888E-08   3.3159157E-08   3.3690018E-08   3.4063017E-08   3.4259863E-08   3.4260093E-08   3.4046138E-08   3.3599004E-08   3.2900719E-08   3.1934224E-08   3.0683704E-08   2.9134926E-08   2.7275572E-08   2.5095613E-08   2.2587587E-08   1.9746999E-08   1.6572383E-08   1.3065583E-08   9.2316528E-09   5.0785665E-09   6.1653244E-10  -4.1433492E-09  -9.1914494E-09  -1.4523629E-08  -2.0147946E-08  -2.6095764E-08  -3.2440049E-08  -3.9325325E-08  -4.7016265E-08  -5.5974603E-08  -6.6975282E-08  -8.1262691E-08  -1.0069683E-07  -1.2761991E-07  -1.6379200E-07  -2.0591627E-07  -2.3239723E-07  -1.7669706E-07  -1.8596111E-08  -1.0364654E-08  -5.8068188E-08  -7.8742239E-08  -7.5460971E-09   0.0000000E+00   0.0000000E+00   0.0000000E+00   0.0000000E+00   0.0000000E+00
   0.0000000E+00   0.0000000E+00   0.0000000E+00   0.0000000E+00   0.0000000E+00   0.0000000E+00   4.8340425E-11   1.7366193E-10   3.6227532E-10   5.2118532E-10   6.4399513E-10   8.4671425E-10   1.0776849E-09   1.3386244E-09   1.6315000E-09   1.9584592E-09   2.3217039E-09   2.7241576E-09   3.1697458E-09   3.6579326E-09   4.1913379E-09   4.7858353E-09   5.4236589E-09   6.1131726E-09   6.8792412E-09   7.7026181E-09   8.6134175E-09   9.5579633E-09   1.0592724E-08   1.1703830E-08   1.2893837E-08   1.4164939E-08   1.5518872E-08   1.6956822E-08   1.8479312E-08   2.0086087E-08   2.1775991E-08   2.3546821E-08   2.5395211E-08   2.7316466E-08   2.9304180E-08   3.1337493E-08   3.3081331E-08   3.5532036E-08   3.7685741E-08   3.9848096E-08   4.2001290E-08   4.4125191E-08   4.6198167E-08   4.8234707E-08   5.1019835E-08   5.1932691E-08   5.3534738E-08   5.4934631E-08   5.6100077E-08   5.6994324E-08   5.7580543E-08   5.7816820E-08   5.7667616E-08   5.7093803E-08   5.6058393E-08   5.4526268E-08   5.2464962E-08   4.9845458E-08   4.6642967E-08   4.2837868E-08   3.8416168E-08   3.3370640E-08   2.7700654E-08   2.1412909E-08   1.4520952E-08   7.0443393E-09  -9.9325392E-10  -9.5674704E-09  -1.8659124E-08  -2.8263875E-08  -3.8407940E-08  -4.9173433E-08  -6.0738849E-08  -7.3442898E-08  -8.7882569E-08  -1.0505529E-07  -1.2653923E-07  -1.5463800E-07  -1.9219381E-07  -2.4113393E-07  -2.9762970E-07  -3.4025408E-07  -3.1529848E-07  -1.7623903E-07  -1.7139563E-08  -2.4456584E-08  -5.6948647E-08  -7.2213730E-08   0.0000000E+00   0.0000000E+00   0.0000000E+00   0.0000000E+00   0.0000000E+00   0.0000000E+00
   0.0000000E+00   0.0000000E+00   0.0000000E+00   0.0000000E+00   0.0000000E+00   0.0000000E+00   6.2487231E-11   2.1366420E-10   4.4128565E-10   6.3459138E-10   7.8832552E-10   1.0395883E-09   1.3278949E-09   1.6560688E-09   2.0273314E-09   2.4451576E-09   2.9131764E-09   3.4365082E-09   4.0224886E-09   4.6680233E-09   5.3781331E-09   6.1874976E-09   7.0526038E-09   7.9925861E-09   9.0641157E-09   1.0221495E-08   1.1532938E-08   1.2870583E-08   1.4369419E-08   1.5995679E-08   1.7753301E-08   1.9574191E-08   2.1786727E-08   2.3897112E-08   2.6246884E-08   2.8753353E-08   3.1409648E-08   3.4007410E-08   3.7465089E-08   4.0349622E-08   4.3621242E-08   4.6960945E-08   4.9586259E-08   5.4051373E-08   5.7753283E-08   6.1512971E-08   6.5301030E-08   6.9083548E-08   7.2830161E-08   7.6694818E-08   8.2571951E-08   8.3584432E-08   8.6670731E-08   8.9440121E-08   9.1825186E-08   9.3754771E-08   9.5157148E-08   9.5947954E-08   9.6058052E-08   9.5405944E-08   9.3829179E-08   9.1509413E-08   8.8146827E-08   8.3756703E-08   7.8290576E-08   7.1710964E-08   6.3992601E-08   5.5125042E-08   4.5111857E-08   3.3972444E-08   2.1740535E-08   8.4632710E-09  -5.7382459E-09  -1.9002684E-08  -3.6768661E-08  -5.3735253E-08  -7.1661653E-08  -9.0732982E-08  -1.1133557E-07  -1.3417741E-07  -1.6045838E-07  -1.9208015E-07  -2.3181018E-07  -2.8308423E-07  -3.4852542E-07  -4.2498399E-07  -4.9192471E-07  -4.9609406E-07  -3.7123425E-07  -1.6997006E-07  -1.6183499E-08  -3.2542069E-08  -6.0308963E-08  -6.0518040E-08  -1.0794558E-10   0.0000000E+00   0.0000000E+00   0.0000000E+00   0.0000000E+00   0.0000000E+00
   0.0000000E+00   0.0000000E+00   0.0000000E+00   0.0000000E+00   0.0000000E+00   0.0000000E+00   7.8412263E-11   2.5559807E-10   5.2308641E-10   7.5229423E-10   9.3980335E-10   1.2434731E-09   1.5945298E-09   1.9973136E-09   2.4567774E-09   2.9782337E-09   3.5674697E-09   4.2326613E-09   4.9857563E-09   5.8207070E-09   6.7468271E-09   7.8228206E-09   8.9723731E-09   1.0230658E-08   1.1696371E-08   1.3291482E-08   1.5133219E-08   1.6997692E-08   1.9127025E-08   2.1461965E-08   2.4005109E-08   2.6611069E-08   3.0048696E-08   3.3132274E-08   3.6694789E-08   4.0535500E-08   4.4624215E-08   4.8502891E-08   5.4070021E-08   5.9179090E-08   6.3625500E-08   7.0003388E-08   7.3612306E-08   8.1317722E-08   8.7574200E-08   9.3999901E-08   1.0054806E-07   1.0716431E-07   1.1382345E-07   1.2103467E-07   1.3202269E-07   1.3344990E-07   1.3924480E-07   1.4454326E-07   1.4922122E-07   1.5314377E-07   1.5616857E-07   1.5814055E-07   1.5891526E-07   1.5832842E-07   1.5614012E-07   1.5252714E-07   1.4705093E-07   1.3969789E-07   1.3037449E-07   1.1901049E-07   1.0556150E-07   9.0014744E-08   7.2386783E-08   5.2727483E-08   3.1116819E-08   7.6767543E-09  -1.7157781E-08  -4.1382055E-08  -7.1965424E-08  -1.0168094E-07  -1.3301882E-07  -1.6634687E-07  -2.0252234E-07  -2.4317282E-07  -2.8993830E-07  -3.4627382E-07  -4.1625304E-07  -5.0250895E-07  -5.8119662E-07  -7.1041671E-07  -7.5442654E-07  -6.5689642E-07  -3.9972468E-07  -1.6544531E-07  -1.4262302E-08  -4.3764818E-08  -6.0883202E-08  -5.0295146E-08   0.0000000E+00   0.0000000E+00   0.0000000E+00   0.0000000E+00   0.0000000E+00   0.0000000E+00
   0.0000000E+00   0.0000000E+00   0.0000000E+00   0.0000000E+00   0.0000000E+00   0.0000000E+00   9.6229281E-11   2.9953323E-10   6.0784033E-10   8.7462382E-10   1.0989901E-09   1.4593148E-09   1.8791271E-09   2.3647808E-09   2.9235512E-09   3.5632324E-09   4.2927293E-09   5.1243667E-09   6.0762151E-09   7.1390600E-09   8.3291063E-09   9.7351540E-09   1.1240430E-08   1.2903086E-08   1.4876271E-08   1.7043872E-08   1.9584965E-08   2.2155275E-08   2.5139519E-08   2.8447136E-08   3.2076617E-08   3.5805122E-08   4.0976492E-08   4.5472188E-08   5.0809316E-08   5.6624014E-08   6.2836214E-08   6.8699904E-08   7.7505291E-08   8.5997044E-08   9.2417558E-08   1.0347486E-07   1.0886269E-07   1.2172903E-07   1.3219324E-07   1.4305974E-07   1.5425707E-07   1.6570391E-07   1.7742811E-07   1.9067961E-07   2.0988216E-07   2.1263243E-07   2.2330676E-07   2.3322302E-07   2.4215171E-07   2.4983490E-07   2.5599809E-07   2.6035065E-07   2.6260361E-07   2.6243754E-07   2.5949316E-07   2.5383542E-07   2.4485993E-07   2.3246575E-07   2.1647503E-07   1.9676686E-07   1.7340545E-07   1.4596083E-07   1.1488400E-07   8.0169457E-08   4.2001950E-08   6.8463679E-10  -4.2899519E-08  -8.7147612E-08  -1.3963137E-07  -1.9166018E-07  -2.4643145E-07  -3.0464187E-07  -3.6762205E-07  -4.3800961E-07  -5.2268678E-07  -6.1702997E-07  -7.3232042E-07  -8.2274943E-07  -1.0263965E-06  -1.1127723E-06  -1.0640825E-06  -7.8710764E-07  -3.9064767E-07  -1.6502294E-07  -2.4385491E-08  -4.3434156E-08  -6.0496035E-08  -4.1308553E-08   0.0000000E+00   0.0000000E+00   0.0000000E+00   0.0000000E+00   0.0000000E+00   0.0000000E+00
   0.0000000E+00   0.0000000E+00   0.0000000E+00   0.0000000E+00   0.0000000E+00   0.0000000E+00   1.1605680E-10   3.4554529E-10   6.9572059E-10   1.0019282E-09   1.2664831E-09   1.6881269E-09   2.1833491E-09   2.7611158E-09   3.4317467E-09   4.2063339E-09   5.0981352E-09   6.1250147E-09   7.3130693E-09   8.6499856E-09   1.0162360E-08   1.1976201E-08   1.3926121E-08   1.6102398E-08   1.8727826E-08   2.1643071E-08   2.5104244E-08   2.8620228E-08   3.2762358E-08   3.7403318E-08   4.2535543E-08   4.7870508E-08   5.5483081E-08   6.2032470E-08   6.9964891E-08   7.8697404E-08   8.8067431E-08   9.7126794E-08   1.1066030E-07   1.2437904E-07   1.3416573E-07   1.5234066E-07   1.6099945E-07   1.8204116E-07   1.9943401E-07   2.1769347E-07   2.3671525E-07   2.5639099E-07   2.7692568E-07   3.0095242E-07   3.3307168E-07   3.3930468E-07   3.5870553E-07   3.7696944E-07   3.9366958E-07   4.0831671E-07   4.2038926E-07   4.2936824E-07   4.3460611E-07   4.3557583E-07   4.3166565E-07   4.2266791E-07   4.0773739E-07   3.8658436E-07   3.5887928E-07   3.2444945E-07   2.8365349E-07   2.3489865E-07   1.7989717E-07   1.1842500E-07   5.0898628E-08  -2.2003775E-08  -9.8893594E-08  -1.7883430E-07  -2.6919000E-07  -3.6012932E-07  -4.5558448E-07  -5.5673928E-07  -6.6544942E-07  -7.8635082E-07  -9.3609435E-07  -1.0865397E-06  -1.2633169E-06  -1.4095228E-06  -1.5972148E-06  -1.6481704E-06  -1.3986046E-06  -8.8400714E-07  -3.9701672E-07  -1.5911003E-07  -2.0226677E-08  -4.5790443E-08  -6.2964261E-08  -3.3396624E-08   0.0000000E+00   0.0000000E+00   0.0000000E+00   0.0000000E+00   0.0000000E+00   0.0000000E+00
   0.0000000E+00   0.0000000E+00   0.0000000E+00   0.0000000E+00   0.0000000E+00   0.0000000E+00   1.3801861E-10   3.9371648E-10   7.8691254E-10   1.1345767E-09   1.4429222E-09   1.9310031E-09   2.5090041E-09   3.1892227E-09   3.9859054E-09   4.9144662E-09   5.9940883E-09   7.2499424E-09   8.7185539E-09   1.0384996E-08   1.2290909E-08   1.4607908E-08   1.7113535E-08   1.9942235E-08   2.3405189E-08   2.7295973E-08   3.1965957E-08   3.6749430E-08   4.2459273E-08   4.8927319E-08   5.6140667E-08   6.3776383E-08   7.4817095E-08   8.4359989E-08   9.6089707E-08   1.0913692E-07   1.2322440E-07   1.3734500E-07   1.5790641E-07   1.7960885E-07   1.9516008E-07   2.2407693E-07   2.3875094E-07   2.7270886E-07   3.0151699E-07   3.3208613E-07   3.6427366E-07   3.9796691E-07   4.3382875E-07   4.7687047E-07   5.2882979E-07   5.4328927E-07   5.7818028E-07   6.1135103E-07   6.4204323E-07   6.6932466E-07   6.9221454E-07   7.0978217E-07   7.2062983E-07   7.2393698E-07   7.1856311E-07   7.0376734E-07   6.7830553E-07   6.4153187E-07   5.9286447E-07   5.3213421E-07   4.6029191E-07   3.7314484E-07   2.7538610E-07   1.6622889E-07   4.6580418E-08  -8.2187185E-08  -2.1816777E-07  -3.6081974E-07  -5.1688374E-07  -6.7530510E-07  -8.4085667E-07  -1.0153243E-06  -1.2013568E-06  -1.4077334E-06  -1.6630722E-06  -1.8885720E-06  -2.1332837E-06  -2.2274580E-06  -2.5760278E-06  -2.2848476E-06  -1.6812262E-06  -9.0219447E-07  -3.6183110E-07  -1.5637472E-07  -2.8145937E-08  -5.1446360E-08  -5.3591773E-08  -2.6778149E-08   0.0000000E+00   0.0000000E+00   0.0000000E+00   0.0000000E+00   0.0000000E+00   0.0000000E+00
   0.0000000E+00   0.0000000E+00   0.0000000E+00   0.0000000E+00   0.0000000E+00   0.0000000E+00   1.6224416E-10   4.4413595E-10   8.8161478E-10   1.2729632E-09   1.6289953E-09   2.1891287E-09   2.8580689E-09   3.6523051E-09   4.5910840E-09   5.6954246E-09   6.9924191E-09   8.5167899E-09   1.0318517E-08   1.2381152E-08   1.4767509E-08   1.7704801E-08   2.0905084E-08   2.4562805E-08   2.9100857E-08   3.4264179E-08   4.0521567E-08   4.7005262E-08   5.4838505E-08   6.3811498E-08   7.3912403E-08   8.4846249E-08   1.0069700E-07   1.1461386E-07   1.3190720E-07   1.5134458E-07   1.7251091E-07   1.9458396E-07   2.2589748E-07   2.5939187E-07   2.8517695E-07   3.2977150E-07   3.5567422E-07   4.1001542E-07   4.5764432E-07   5.0871239E-07   5.6304344E-07   6.2060485E-07   6.8309669E-07   7.5929950E-07   8.4081535E-07   8.7338162E-07   9.3541962E-07   9.9479792E-07   1.0501592E-06   1.0997428E-06   1.1417204E-06   1.1744007E-06   1.1949123E-06   1.2020188E-06   1.1935392E-06   1.1677204E-06   1.1227124E-06   1.0572362E-06   9.7035070E-07   8.6213305E-07   7.3470164E-07   5.7814373E-07   4.0406312E-07   2.1026223E-07  -1.3634895E-09  -2.2827513E-07  -4.6813622E-07  -7.1979872E-07  -9.8832516E-07  -1.2620825E-06  -1.5462401E-06  -1.8429740E-06  -2.1558421E-06  -2.5003503E-06  -2.9141856E-06  -3.2154048E-06  -3.5011992E-06  -3.5606492E-06  -3.6338267E-06  -2.9654802E-06  -1.8785676E-06  -8.8194145E-07  -3.4923050E-07  -1.5228444E-07  -2.2495266E-08  -5.4184444E-08  -4.2604334E-08  -3.1152581E-08   0.0000000E+00   0.0000000E+00   0.0000000E+00   0.0000000E+00   0.0000000E+00   0.0000000E+00
   0.0000000E+00   0.0000000E+00   0.0000000E+00   0.0000000E+00   0.0000000E+00   0.0000000E+00   1.8886911E-10   4.9690063E-10   9.8004094E-10   1.4175096E-09   1.8254459E-09   2.4637927E-09   3.2327123E-09   4.1539092E-09   5.2529359E-09   6.5580146E-09   8.1066318E-09   9.9459090E-09   1.2143111E-08   1.4682203E-08   1.7655186E-08   2.1356888E-08   2.5425992E-08   3.0137862E-08   3.6056338E-08   4.2880060E-08   5.1222727E-08   5.9989993E-08   7.0702342E-08   8.3113946E-08   9.7231727E-08   1.1289929E-07   1.3550327E-07   1.5582829E-07   1.8129067E-07   2.1021492E-07   2.4205238E-07   2.7657211E-07   3.2434539E-07   3.7552147E-07   4.1881069E-07   4.8665555E-07   5.3296117E-07   6.1944633E-07   6.9810790E-07   7.8328168E-07   8.7478924E-07   9.7290263E-07   1.0814624E-06   1.2146171E-06   1.3380915E-06   1.4085040E-06   1.5171653E-06   1.6214440E-06   1.7188881E-06   1.8061870E-06   1.8799689E-06   1.9371605E-06   1.9720521E-06   1.9829545E-06   1.9657402E-06   1.9167824E-06   1.8335272E-06   1.7136734E-06   1.5559622E-06   1.3615127E-06   1.1347371E-06   8.5307897E-07   5.4415204E-07   2.0219012E-07  -1.6905062E-07  -5.6529950E-07  -9.8409578E-07  -1.4209244E-06  -1.8762876E-06  -2.3410864E-06  -2.8184068E-06  -3.3093472E-06  -3.8171238E-06  -4.3646687E-06  -4.9825803E-06  -5.2945625E-06  -5.5148753E-06  -5.2780342E-06  -4.9661076E-06  -3.4867946E-06  -1.8964701E-06  -7.9822661E-07  -3.1162793E-07  -1.5091648E-07  -3.0617656E-08  -5.4168140E-08  -4.7101373E-08  -1.3129973E-08   0.0000000E+00   0.0000000E+00   0.0000000E+00   0.0000000E+00   0.0000000E+00   0.0000000E+00
   0.0000000E+00   0.0000000E+00   0.0000000E+00   0.0000000E+00   0.0000000E+00   0.0000000E+00   2.1803588E-10   5.5211569E-10   1.0824209E-09   1.5686689E-09   2.0330786E-09   2.7564029E-09   3.6353200E-09   4.6979745E-09   5.9777996E-09   7.5122113E-09   9.3521910E-09   1.1560867E-08   1.4227634E-08   1.7339969E-08   2.1029514E-08   2.5673298E-08   3.0830048E-08   3.6883687E-08   4.4576055E-08   5.3568012E-08   6.4652824E-08   7.6492434E-08   9.1115133E-08   1.0825634E-07   1.2797992E-07   1.5045259E-07   1.8255550E-07   2.1229668E-07   2.4978692E-07   2.9283947E-07   3.4083860E-07   3.9479650E-07   4.6780502E-07   5.4584046E-07   6.1836255E-07   7.2121310E-07   8.0388759E-07   9.4098237E-07   1.0707267E-06   1.2124613E-06   1.3660876E-06   1.5327224E-06   1.7206415E-06   1.9458607E-06   2.1295482E-06   2.2729573E-06   2.4590013E-06   2.6369005E-06   2.8021984E-06   2.9487103E-06   3.0703245E-06   3.1615762E-06   3.2114058E-06   3.2181667E-06   3.1742911E-06   3.0729229E-06   2.9113512E-06   2.6859313E-06   2.3957928E-06   2.0454077E-06   1.6436663E-06   1.1394051E-06   5.9781621E-07   3.8651766E-09  -6.3547657E-07  -1.3138341E-06  -2.0291568E-06  -2.7659548E-06  -3.5140522E-06  -4.2752604E-06  -5.0424451E-06  -5.8105320E-06  -6.5768177E-06  -7.3658962E-06  -8.1606067E-06  -8.2571651E-06  -8.1521330E-06  -7.4763652E-06  -5.8915107E-06  -3.6761578E-06  -1.7585203E-06  -7.1117438E-07  -2.9852430E-07  -1.4473773E-07  -2.6073106E-08  -5.2407458E-08  -3.0252245E-08  -2.4766925E-08   0.0000000E+00   0.0000000E+00   0.0000000E+00   0.0000000E+00   0.0000000E+00   0.0000000E+00
   0.0000000E+00   0.0000000E+00   0.0000000E+00   0.0000000E+00   0.0000000E+00   0.0000000E+00   2.4989430E-10   6.0989513E-10   1.1890026E-09   1.7269289E-09   2.2527671E-09   3.0684972E-09   4.0685251E-09   5.2888840E-09   6.7728014E-09   8.5693506E-09   1.0746860E-08   1.3389029E-08   1.6613535E-08   2.0416056E-08   2.4981462E-08   3.0786875E-08   3.7306915E-08   4.5070745E-08   5.5045657E-08   6.6872680E-08   8.1569603E-08   9.7551776E-08   1.1749747E-07   1.4116122E-07   1.6873747E-07   2.0101301E-07   2.4651459E-07   2.9013691E-07   3.4539460E-07   4.0956397E-07   4.8215259E-07   5.6643222E-07   6.7820150E-07   7.9746900E-07   9.1799291E-07   1.0742574E-06   1.2207790E-06   1.4372293E-06   1.6506400E-06   1.8854670E-06   2.1418498E-06   2.4229134E-06   2.7450060E-06   3.1075531E-06   3.3787283E-06   3.6524198E-06   3.9593742E-06   4.2488023E-06   4.5126462E-06   4.7395347E-06   4.9187920E-06   5.0412341E-06   5.0860076E-06   5.0540484E-06   4.9321393E-06   4.7085000E-06   4.3829659E-06   3.9508973E-06   3.4145226E-06   2.7878546E-06   2.0881403E-06   1.1969228E-06   2.6994942E-07  -7.3249737E-07  -1.7982015E-06  -2.9187809E-06  -4.0919886E-06  -5.2705923E-06  -6.4230339E-06  -7.5797916E-06  -8.7022499E-06  -9.7671636E-06  -1.0754180E-05  -1.1677761E-05  -1.2409565E-05  -1.1792722E-05  -1.0952096E-05  -9.3825547E-06  -6.3158154E-06  -3.4037269E-06  -1.4835704E-06  -6.0494074E-07  -2.6568389E-07  -1.3871657E-07  -3.2901056E-08  -5.2800019E-08  -3.6760962E-08  -3.4778538E-09   0.0000000E+00   0.0000000E+00   0.0000000E+00   0.0000000E+00   0.0000000E+00   0.0000000E+00
   0.0000000E+00   0.0000000E+00   0.0000000E+00   0.0000000E+00   0.0000000E+00   0.0000000E+00   2.8460226E-10   6.7036293E-10   1.3000532E-09   1.8928159E-09   2.4854616E-09   3.4017638E-09   4.5352389E-09   5.9315339E-09   7.6459754E-09   9.7423447E-09   1.2311098E-08   1.5462280E-08   1.9349656E-08   2.3983960E-08   2.9620923E-08   3.6859976E-08   4.5091568E-08   5.5038928E-08   6.7956158E-08   8.3496886E-08   1.0296282E-07   1.2454525E-07   1.5175752E-07   1.8444575E-07   2.2306914E-07   2.6950079E-07   3.3397060E-07   3.9812750E-07   4.7972571E-07   5.7557997E-07   6.8574053E-07   8.1728132E-07   9.8867713E-07   1.1717160E-06   1.3699942E-06   1.6086078E-06   1.8656311E-06   2.2053819E-06   2.5543527E-06   2.9401244E-06   3.3633576E-06   3.8321455E-06   4.3569621E-06   4.9270948E-06   5.3100016E-06   5.7962607E-06   6.2718905E-06   6.7056458E-06   7.0835008E-06   7.3853867E-06   7.5941252E-06   7.6961851E-06   7.6532588E-06   7.4778927E-06   7.1481977E-06   6.6457919E-06   5.9813706E-06   5.1511711E-06   4.1680269E-06   3.0711369E-06   1.8908859E-06   3.4396962E-07  -1.1868647E-06  -2.8072698E-06  -4.4946369E-06  -6.2365107E-06  -8.0207956E-06  -9.7143366E-06  -1.1249491E-05  -1.2721805E-05  -1.4020116E-05  -1.5094021E-05  -1.5910644E-05  -1.6495625E-05  -1.6582588E-05  -1.4584180E-05  -1.2724223E-05  -1.0372858E-05  -5.5299829E-06  -2.8213283E-06  -1.1658977E-06  -5.1253096E-07  -2.5075050E-07  -1.2889232E-07  -2.7584802E-08  -4.4476824E-08  -2.6330815E-08  -1.3514130E-08   0.0000000E+00   0.0000000E+00   0.0000000E+00   0.0000000E+00   0.0000000E+00   0.0000000E+00
   0.0000000E+00   0.0000000E+00   0.0000000E+00   0.0000000E+00   0.0000000E+00   0.0000000E+00   3.2232630E-10   7.3365325E-10   1.4158621E-09   2.0668991E-09   2.7321994E-09   3.7580565E-09   5.0386890E-09   6.6314012E-09   8.6064000E-09   1.1045949E-08   1.4068542E-08   1.7817873E-08   2.2493738E-08   2.8131687E-08   3.5081200E-08   4.4091916E-08   5.4476484E-08   6.7217520E-08   8.3936200E-08   1.0435269E-07   1.3013333E-07   1.5930993E-07   1.9647553E-07   2.4169810E-07   2.9593593E-07   3.6286909E-07   4.5430633E-07   5.4895048E-07   6.6974491E-07   8.1332399E-07   9.8109808E-07   1.1862184E-06   1.4493714E-06   1.7313984E-06   2.0539774E-06   2.4202350E-06   2.8654720E-06   3.3933784E-06   3.9575298E-06   4.5814572E-06   5.2666160E-06   6.0294137E-06   6.8222844E-06   7.6840379E-06   8.1764729E-06   8.9667710E-06   9.6258937E-06   1.0182900E-05   1.0616150E-05   1.0893418E-05   1.0991886E-05   1.0897173E-05   1.0539171E-05   9.9685967E-06   9.1484171E-06   8.0499194E-06   6.7144606E-06   5.1416805E-06   3.3733145E-06   1.5135279E-06  -3.9777723E-07  -3.0510864E-06  -5.4697257E-06  -7.9293977E-06  -1.0373316E-05  -1.2764488E-05  -1.5037247E-05  -1.6854716E-05  -1.8123357E-05  -1.9103776E-05  -1.9595438E-05  -1.9601475E-05  -1.9207562E-05  -1.8612747E-05  -1.7519586E-05  -1.4159959E-05  -1.1902923E-05  -9.3679346E-06  -4.1680228E-06  -2.0645418E-06  -8.6324269E-07  -4.2336401E-07  -2.1593209E-07  -1.1851932E-07  -3.2630027E-08  -4.8588952E-08  -2.0739808E-08   0.0000000E+00   0.0000000E+00   0.0000000E+00   0.0000000E+00   0.0000000E+00   0.0000000E+00   0.0000000E+00
   0.0000000E+00   0.0000000E+00   0.0000000E+00   0.0000000E+00   0.0000000E+00   0.0000000E+00   3.6324266E-10   7.9991186E-10   1.5367418E-09   2.2497952E-09   2.9941121E-09   4.1394181E-09   5.5824612E-09   7.3946285E-09   9.6643662E-09   1.2497068E-08   1.6046583E-08   2.0499490E-08   2.6114302E-08   3.2965026E-08   4.1524640E-08   5.2728453E-08   6.5827543E-08   8.2151665E-08   1.0379524E-07   1.3063099E-07   1.6480172E-07   2.0431284E-07   2.5516513E-07   3.1787391E-07   3.9429452E-07   4.9101527E-07   6.2097257E-07   7.6104442E-07   9.4037421E-07   1.1560820E-06   1.4124075E-06   1.7318055E-06   2.1358755E-06   2.5713027E-06   3.0895355E-06   3.6531792E-06   4.4123035E-06   5.2177829E-06   6.1111336E-06   7.0929982E-06   8.1646103E-06   9.3482286E-06   1.0406099E-05   1.1619820E-05   1.2125608E-05   1.3258779E-05   1.3989731E-05   1.4486287E-05   1.4725254E-05   1.4663736E-05   1.4284274E-05   1.3584111E-05   1.2424055E-05   1.0959178E-05   9.1039192E-06   6.7599140E-06   4.0999321E-06   1.1625007E-06  -1.9686033E-06  -5.0135950E-06  -7.9733700E-06  -1.2460649E-05  -1.5941552E-05  -1.9102918E-05  -2.1772963E-05  -2.3834738E-05  -2.5103142E-05  -2.4969640E-05  -2.3570754E-05  -2.1669173E-05  -1.9203453E-05  -1.6554406E-05  -1.4198638E-05  -1.2660040E-05  -1.1508553E-05  -8.8878833E-06  -8.0792242E-06  -6.8603208E-06  -2.5232225E-06  -1.4031255E-06  -6.2105380E-07  -3.4463173E-07  -1.9725276E-07  -1.0269746E-07  -2.6064312E-08  -2.9255181E-08  -2.8315650E-08  -2.9875451E-09   0.0000000E+00   0.0000000E+00   0.0000000E+00   0.0000000E+00   0.0000000E+00   0.0000000E+00
   0.0000000E+00   0.0000000E+00   0.0000000E+00   0.0000000E+00   0.0000000E+00   2.0368970E-11   3.8696985E-10   8.6929680E-10   1.6630307E-09   2.4421742E-09   3.2724390E-09   4.5481028E-09   6.1705481E-09   8.2281231E-09   1.0831562E-08   1.4115123E-08   1.8277058E-08   2.3558512E-08   3.0292934E-08   3.8611663E-08   4.9149861E-08   6.3074090E-08   7.9604860E-08   1.0053764E-07   1.2858196E-07   1.6389662E-07   2.0925938E-07   2.6289044E-07   3.3264627E-07   4.1986988E-07   5.2797532E-07   6.6812851E-07   8.5337706E-07   1.0613672E-06   1.3283800E-06   1.6533552E-06   2.0458174E-06   2.5418260E-06   3.1609743E-06   3.8319808E-06   4.6516525E-06   5.5161540E-06   6.7828628E-06   7.9728306E-06   9.3383678E-06   1.0816802E-05   1.2329298E-05   1.4050208E-05   1.5262840E-05   1.6683525E-05   1.6876704E-05   1.8212437E-05   1.8624303E-05   1.8558483E-05   1.8018667E-05   1.6952978E-05   1.5317166E-05   1.3206009E-05   1.0338556E-05   7.0705883E-06   3.1590278E-06  -1.5386212E-06  -6.6362309E-06  -1.2050691E-05  -1.7367225E-05  -2.1826425E-05  -2.5661357E-05  -3.1984160E-05  -3.4809531E-05  -3.5839937E-05  -3.4881930E-05  -3.2039396E-05  -2.7514934E-05  -2.1303214E-05  -1.4648863E-05  -9.0407229E-06  -4.6513333E-06  -1.7578272E-06  -3.7536384E-07  -4.7910680E-07  -1.6093626E-06  -1.9651957E-06  -3.4412390E-06  -3.9778397E-06  -1.3724355E-06  -8.8917591E-07  -4.3529698E-07  -2.7486377E-07  -1.6112044E-07  -8.3616868E-08  -2.7402400E-08  -3.4450306E-08  -1.0738075E-08   0.0000000E+00   0.0000000E+00   0.0000000E+00   0.0000000E+00   0.0000000E+00   0.0000000E+00   0.0000000E+00
   0.0000000E+00   0.0000000E+00   0.0000000E+00   0.0000000E+00   0.0000000E+00   5.1540029E-11   4.0336620E-10   9.4197994E-10   1.7950962E-09   2.6447635E-09   3.5685392E-09   4.9866009E-09   6.8074062E-09   9.1396695E-09   1.2121304E-08   1.5922497E-08   2.0797094E-08   2.7055600E-08   3.5127190E-08   4.5226368E-08   5.8200950E-08   7.5508083E-08   9.6390409E-08   1.2327013E-07   1.5966384E-07   2.0622001E-07   2.6657989E-07   3.3958918E-07   4.3558180E-07   5.5736012E-07   7.1097793E-07   9.1469116E-07   1.1796826E-06   1.4894996E-06   1.8881115E-06   2.3786836E-06   2.9798007E-06   3.7462007E-06   4.6893342E-06   5.7149305E-06   6.9841076E-06   8.2920224E-06   1.0341294E-05   1.2001939E-05   1.3967149E-05   1.6014232E-05   1.8035207E-05   1.9864243E-05   2.0996275E-05   2.2081469E-05   2.1211968E-05   2.2304885E-05   2.1564978E-05   1.9879793E-05   1.7531800E-05   1.4331318E-05   1.0325505E-05   5.5818432E-06  -7.0989086E-07  -7.4834315E-06  -1.5279380E-05  -2.4096587E-05  -3.2700886E-05  -4.0447921E-05  -4.5884248E-05  -4.7503756E-05  -4.6318120E-05  -4.6250101E-05  -3.8608930E-05  -2.8779403E-05   1.2707249E-05  -6.7608025E-06  -2.9304776E-06  -1.4820073E-06  -7.3145515E-07  -3.4050885E-07  -1.2569382E-07  -6.3065926E-09   1.1410413E-07   1.4353014E-06   1.3664162E-06   8.5013932E-07  -7.1277231E-07  -1.9590127E-06  -6.4892021E-07  -5.4752388E-07  -3.0201031E-07  -2.1231459E-07  -1.3489581E-07  -6.7605320E-08  -1.7880254E-08  -1.6489645E-08  -2.0704210E-08   0.0000000E+00   0.0000000E+00   0.0000000E+00   0.0000000E+00   0.0000000E+00   0.0000000E+00   0.0000000E+00
   0.0000000E+00   0.0000000E+00   0.0000000E+00   0.0000000E+00   0.0000000E+00   7.4694702E-11   4.3164441E-10   1.0181473E-09   1.9333366E-09   2.8583567E-09   3.8839056E-09   5.4576752E-09   7.4980191E-09   1.0138063E-08   1.3548804E-08   1.7945057E-08   2.3650122E-08   3.1062616E-08   4.0734175E-08   5.2997585E-08   6.8979375E-08   9.0505317E-08   1.1692464E-07   1.5150636E-07   1.9883647E-07   2.6036054E-07   3.4091778E-07   4.4065266E-07   5.7325661E-07   7.4402448E-07   9.6338988E-07   1.2604546E-06   1.6409388E-06   2.1036735E-06   2.6997880E-06   3.4406139E-06   4.3588789E-06   5.5323612E-06   6.9516859E-06   8.4914427E-06   1.0396519E-05   1.2316433E-05   1.5483303E-05   1.7575090E-05   2.0138245E-05   2.2465027E-05   2.4757666E-05   2.6005197E-05   2.6232987E-05   2.5828920E-05   2.2325596E-05   2.2505208E-05   1.9402352E-05   1.4759466E-05   8.9245341E-06   1.6537527E-06  -6.8031477E-06  -1.6442926E-05  -2.8646524E-05  -4.0042622E-05  -5.0919520E-05  -5.9757760E-05  -6.3119354E-05  -5.9588088E-05  -4.7379654E-05  -1.9939484E-05   0.0000000E+00   1.0475586E-06  -8.6760429E-07  -1.8078498E-07  -1.3385813E-08   3.1360996E-09   1.2605380E-08   6.8437807E-09   8.2128988E-09   9.3710334E-08   3.0001942E-08   1.3278052E-09   1.1491348E-08   5.7159127E-07   4.8130846E-07   6.8318064E-07   7.8853716E-08  -8.9400544E-07  -3.0402572E-07  -3.3280199E-07  -2.0823221E-07  -1.6104163E-07  -1.0080793E-07  -5.0021018E-08  -2.4686615E-08  -2.4387015E-08  -5.2283627E-10   0.0000000E+00   0.0000000E+00   0.0000000E+00   0.0000000E+00   0.0000000E+00   0.0000000E+00   0.0000000E+00
   0.0000000E+00   0.0000000E+00   0.0000000E+00   0.0000000E+00   0.0000000E+00   9.9453737E-11   4.6231358E-10   1.0980018E-09   2.0781847E-09   3.0838190E-09   4.2201815E-09   5.9643908E-09   8.2479730E-09   1.1233268E-08   1.5131484E-08   2.0212799E-08   2.6887145E-08   3.5665060E-08   4.7255089E-08   6.2155870E-08   8.1859433E-08   1.0866400E-07   1.4215584E-07   1.8675357E-07   2.4847515E-07   3.3002425E-07   4.3793403E-07   5.7472681E-07   7.5871583E-07   9.9936290E-07   1.3142395E-06   1.7488547E-06   2.2971101E-06   2.9894270E-06   3.8809626E-06   4.9968990E-06   6.3892298E-06   8.1580647E-06   1.0247362E-05   1.2484875E-05   1.5212539E-05   1.7878119E-05   2.2450786E-05   2.4603998E-05   2.7194434E-05   2.9707278E-05   3.0666946E-05   3.0526178E-05   2.8437895E-05   2.4476802E-05   1.5971391E-05   1.4833304E-05   7.4572235E-06  -2.8168718E-06  -1.5358977E-05  -3.1906344E-05  -4.4461034E-05  -5.7979447E-05  -7.0314549E-05  -7.3071933E-05  -6.5800101E-05  -4.3992368E-05   0.0000000E+00   0.0000000E+00   2.4372122E-08  -2.4521201E-08   4.0209801E-11   4.3239119E-09   6.6652262E-08  -6.7240769E-08  -4.7299036E-09   1.0542802E-09   9.6405746E-09   6.3106445E-09   1.2708046E-08   5.7345751E-08   2.5157389E-08   1.4005724E-08   3.0009975E-08   2.1536887E-07   1.9655096E-07   3.6131598E-07   1.7754076E-07  -4.1600910E-07  -1.3481750E-07  -2.0634558E-07  -1.4500347E-07  -1.1932326E-07  -7.9769649E-08  -3.9402966E-08  -1.4799375E-08  -8.9719991E-09  -1.2765971E-08   0.0000000E+00   0.0000000E+00   0.0000000E+00   0.0000000E+00   0.0000000E+00   0.0000000E+00   0.0000000E+00
   0.0000000E+00   0.0000000E+00   0.0000000E+00   0.0000000E+00   0.0000000E+00   1.2598318E-10   4.9544463E-10   1.1817629E-09   2.2301119E-09   3.3220970E-09   4.5791793E-09   6.5101595E-09   9.0635481E-09   1.2436599E-08   1.6889368E-08   2.2760617E-08   3.0568263E-08   4.0965041E-08   5.4860966E-08   7.2984761E-08   9.7308465E-08   1.3074235E-07   1.7330690E-07   2.3098963E-07   3.1174690E-07   4.2022987E-07   5.6540870E-07   7.5388635E-07   1.0104430E-06   1.3513900E-06   1.8057325E-06   2.4435078E-06   3.2356791E-06   4.2714919E-06   5.6010704E-06   7.2698908E-06   9.3497274E-06   1.1947085E-05   1.4908757E-05   1.7985885E-05   2.1615730E-05   2.4980198E-05   3.0951407E-05   3.2188273E-05   3.3651158E-05   3.5480858E-05   3.3744345E-05   3.0823216E-05   2.4690467E-05   1.3615197E-05  -6.0314983E-06  -7.8900684E-06  -2.2879951E-05  -4.2235675E-05  -6.3917410E-05  -8.9349589E-05  -9.1958027E-05  -7.6528748E-05  -1.9030320E-05   0.0000000E+00   0.0000000E+00   0.0000000E+00   0.0000000E+00   0.0000000E+00   0.0000000E+00   2.1300779E-11   9.6849730E-11   2.3163380E-09   2.4984216E-08  -2.6132675E-08  -1.5766003E-09   5.0152993E-10   6.2592820E-09   4.6671973E-09   1.1259277E-08   3.4299145E-08   1.8928134E-08   1.7852267E-08   2.9812607E-08   9.4623047E-08   9.7555436E-08   1.9656275E-07   1.4183234E-07  -2.0258094E-07  -6.1280687E-08  -1.3008466E-07  -1.0138765E-07  -8.8331994E-08  -5.7771764E-08  -2.8834599E-08  -1.8563636E-08  -9.7914636E-09   0.0000000E+00   0.0000000E+00   0.0000000E+00   0.0000000E+00   0.0000000E+00   0.0000000E+00   0.0000000E+00   0.0000000E+00
   0.0000000E+00   0.0000000E+00   0.0000000E+00   0.0000000E+00   0.0000000E+00   1.5469091E-10   5.3088056E-10   1.2696704E-09   2.3896312E-09   3.5742271E-09   4.9629012E-09   7.0987856E-09   9.9518154E-09   1.3760946E-08   1.8845530E-08   2.5629252E-08   3.4764586E-08   4.7085063E-08   6.3760005E-08   8.5834849E-08   1.1591354E-07   1.5770797E-07   2.1196662E-07   2.8683093E-07   3.9291052E-07   5.3783384E-07   7.3413042E-07   9.9514511E-07   1.3548475E-06   1.8406434E-06   2.4995115E-06   3.4375864E-06   4.5833654E-06   6.1287187E-06   8.0965447E-06   1.0555420E-05   1.3580929E-05   1.7235678E-05   2.1180400E-05   2.5046398E-05   2.9352877E-05   3.2974185E-05   3.9723698E-05   3.8167032E-05   3.7530877E-05   3.7484329E-05   3.1953256E-05   2.5082036E-05   1.1313844E-05  -1.7167567E-05  -5.8699396E-05  -6.2175983E-05  -8.8361907E-05  -1.0675348E-04  -9.7764423E-05  -2.2938213E-05   0.0000000E+00   0.0000000E+00   0.0000000E+00   0.0000000E+00   0.0000000E+00   0.0000000E+00   0.0000000E+00   0.0000000E+00   0.0000000E+00   0.0000000E+00   6.4880316E-11   1.3883347E-09   9.4675698E-09  -1.0505876E-08  -5.0732940E-10   3.4676395E-10   3.9012775E-09   3.4595369E-09   8.8416376E-09   2.0354332E-08   1.3949888E-08   1.4998449E-08   2.2044556E-08   4.5033016E-08   5.5885973E-08   1.1569559E-07   9.9627762E-08  -1.0554463E-07  -2.4898979E-08  -8.3939575E-08  -7.1224285E-08  -6.4683235E-08  -4.3333014E-08  -2.0590470E-08  -7.1886777E-09  -9.4338155E-09  -2.4542994E-09   0.0000000E+00   0.0000000E+00   0.0000000E+00   0.0000000E+00   0.0000000E+00   0.0000000E+00   0.0000000E+00
   0.0000000E+00   0.0000000E+00   0.0000000E+00   0.0000000E+00   0.0000000E+00   1.8570505E-10   5.6876448E-10   1.3619845E-09   2.5573021E-09   3.8413468E-09   5.3735643E-09   7.7345215E-09   1.0920763E-08   1.5221030E-08   2.1026658E-08   2.8866445E-08   3.9560597E-08   5.4172787E-08   7.4207001E-08   1.0114219E-07   1.3841694E-07   1.9080481E-07   2.6021596E-07   3.5776850E-07   4.9774502E-07   6.9229100E-07   9.5920120E-07   1.3226926E-06   1.8299672E-06   2.5261309E-06   3.4857537E-06   4.8668412E-06   6.5206850E-06   8.8092484E-06   1.1677784E-05   1.5205292E-05   1.9415436E-05   2.4217668E-05   2.8962500E-05   3.3135027E-05   3.7341902E-05   4.1271789E-05   4.5358531E-05   4.0567022E-05   3.7134429E-05   3.4667453E-05   2.4580186E-05   9.4790576E-06  -2.8105143E-05  -1.0239906E-04  -1.6848520E-04  -1.2728949E-04  -5.9041682E-05   0.0000000E+00   0.0000000E+00   0.0000000E+00   0.0000000E+00   0.0000000E+00   0.0000000E+00   0.0000000E+00   0.0000000E+00   0.0000000E+00   0.0000000E+00   0.0000000E+00   0.0000000E+00   0.0000000E+00   2.1182577E-11   7.6011264E-10   3.7374464E-09  -4.3917106E-09  -1.4371483E-10   2.8847466E-10   2.3814404E-09   2.5455791E-09   6.4760255E-09   1.2089075E-08   9.8677111E-09   1.2613723E-08   1.3687269E-08   2.0420778E-08   3.3999392E-08   7.2610760E-08   6.8830005E-08  -5.7280964E-08  -8.7445180E-09  -5.4836558E-08  -5.0525475E-08  -4.7245067E-08  -3.0159420E-08  -1.4062703E-08  -1.1957040E-08   0.0000000E+00   0.0000000E+00   0.0000000E+00   0.0000000E+00   0.0000000E+00   0.0000000E+00   0.0000000E+00   0.0000000E+00   0.0000000E+00
   0.0000000E+00   0.0000000E+00   0.0000000E+00   0.0000000E+00   0.0000000E+00   2.1917243E-10   6.0923988E-10   1.4589894E-09   2.7337375E-09   4.1247055E-09   5.8136282E-09   8.4221305E-09   1.1979435E-08   1.6833717E-08   2.3463713E-08   3.2528359E-08   4.5057114E-08   6.2407103E-08   8.6515541E-08   1.1945262E-07   1.6576381E-07   2.3164461E-07   3.2080430E-07   4.4850407E-07   6.3416888E-07   8.9676882E-07   1.2619684E-06   1.7712293E-06   2.4909873E-06   3.4940631E-06   4.8959810E-06   6.9263292E-06   9.2963974E-06   1.2636597E-05   1.6706312E-05   2.1543763E-05   2.6995274E-05   3.2647895E-05   3.7455764E-05   4.0877847E-05   4.3804077E-05   4.7218859E-05   4.6337336E-05   3.8488412E-05   3.2628777E-05   2.6919161E-05   7.2260955E-06  -3.7769980E-05  -1.3923734E-04  -2.3664712E-04  -1.0182449E-04   0.0000000E+00   0.0000000E+00   0.0000000E+00   0.0000000E+00   0.0000000E+00   0.0000000E+00   0.0000000E+00   0.0000000E+00   0.0000000E+00   0.0000000E+00   0.0000000E+00   0.0000000E+00   0.0000000E+00   0.0000000E+00   0.0000000E+00   0.0000000E+00   4.2493506E-10   1.5117139E-09  -1.9015063E-09  -2.3658074E-11   2.4425317E-10   1.4402746E-09   1.8505414E-09   4.5103188E-09   7.2620989E-09   6.9065211E-09   9.3836023E-09   8.0541236E-09   9.6347748E-09   2.0309626E-08   4.6470731E-08   4.7670792E-08  -3.2005957E-08  -4.8890147E-10  -3.6305735E-08  -3.6221209E-08  -3.4519484E-08  -2.1733594E-08  -8.2827549E-09  -5.2996518E-10  -6.1540257E-09   0.0000000E+00   0.0000000E+00   0.0000000E+00   0.0000000E+00   0.0000000E+00   0.0000000E+00   0.0000000E+00   0.0000000E+00
   0.0000000E+00   0.0000000E+00   0.0000000E+00   0.0000000E+00   0.0000000E+00   2.5525418E-10   6.5245703E-10   1.5609941E-09   2.9196057E-09   4.4256807E-09   6.2858283E-09   9.1669641E-09   1.3138106E-08   1.8618396E-08   2.6192762E-08   3.6681346E-08   5.1375022E-08   7.2005875E-08   1.0107390E-07   1.4145404E-07   1.9916689E-07   2.8233396E-07   3.9739876E-07   5.6543382E-07   8.1314607E-07   1.1697980E-06   1.6729075E-06   2.3909602E-06   3.4184188E-06   4.8703687E-06   6.9199295E-06   9.8884166E-06   1.3232280E-05   1.7983873E-05   2.3500435E-05   2.9663499E-05   3.5948320E-05   4.1482010E-05   4.4920158E-05   4.6126199E-05   4.7202855E-05   4.9330261E-05   4.2495652E-05   3.2958880E-05   2.4562058E-05   8.1547369E-06  -4.7653732E-05  -1.6991190E-04  -2.7173077E-04  -5.3884411E-05   0.0000000E+00   0.0000000E+00   0.0000000E+00   0.0000000E+00   0.0000000E+00   0.0000000E+00   0.0000000E+00   0.0000000E+00   0.0000000E+00   0.0000000E+00   0.0000000E+00   0.0000000E+00   0.0000000E+00   0.0000000E+00   0.0000000E+00   0.0000000E+00   0.0000000E+00   2.2352634E-10   6.3322053E-10  -8.6911173E-10   2.2185335E-11   1.9808141E-10   8.8241653E-10   1.3266394E-09   3.0442713E-09   4.4256869E-09   4.8162079E-09   6.7387123E-09   4.4410005E-09   3.1606848E-09   1.3853534E-08   3.0597270E-08   3.3340502E-08  -1.7813436E-08   2.8804084E-09  -2.4361153E-08  -2.6695089E-08  -2.6026951E-08  -1.5386846E-08  -5.1483409E-09  -2.4503481E-09   0.0000000E+00   0.0000000E+00   0.0000000E+00   0.0000000E+00   0.0000000E+00   0.0000000E+00   0.0000000E+00   0.0000000E+00   0.0000000E+00
   0.0000000E+00   0.0000000E+00   0.0000000E+00   0.0000000E+00   0.0000000E+00   2.9412461E-10   6.9857642E-10   1.6683370E-09   3.1156402E-09   4.7457922E-09   6.7932122E-09   9.9750457E-09   1.4408469E-08   2.0597424E-08   2.9255975E-08   4.1404135E-08   5.8660003E-08   8.3235989E-08   1.1836605E-07   1.6801978E-07   2.4019525E-07   3.4565201E-07   4.9494099E-07   7.1735451E-07   1.0500273E-06   1.5377425E-06   2.2359607E-06   3.2550638E-06   4.7300232E-06   6.8377226E-06   9.8247228E-06   1.4112999E-05   1.8695173E-05   2.5173069E-05   3.2115699E-05   3.9085418E-05   4.5032659E-05   4.8677492E-05   4.9192589E-05   4.7839902E-05   4.8899969E-05   4.5698926E-05   3.5604393E-05   2.4397761E-05   4.8071097E-06  -5.5498353E-05  -1.9917040E-04  -2.9396737E-04  -1.6486167E-05   0.0000000E+00   0.0000000E+00   0.0000000E+00   0.0000000E+00   0.0000000E+00   0.0000000E+00   0.0000000E+00   0.0000000E+00   0.0000000E+00   0.0000000E+00   0.0000000E+00   0.0000000E+00   0.0000000E+00   0.0000000E+00   0.0000000E+00   0.0000000E+00   0.0000000E+00   0.0000000E+00   1.1387526E-10   2.7597671E-10  -3.9561859E-10   0.0000000E+00   1.6297701E-10   5.4899774E-10   9.3871377E-10   2.0152888E-09   2.7413680E-09   3.3497425E-09   4.7312381E-09   2.2841575E-09   7.8589424E-10   8.6150092E-09   2.0362629E-08   2.3803677E-08  -8.8743430E-09   3.9817429E-09  -1.6701174E-08  -1.9679936E-08  -1.9426501E-08  -1.1450033E-08  -2.9929732E-09  -3.9619577E-10  -2.4934477E-10   0.0000000E+00   0.0000000E+00   0.0000000E+00   0.0000000E+00   0.0000000E+00   0.0000000E+00   0.0000000E+00   0.0000000E+00
   0.0000000E+00   0.0000000E+00   0.0000000E+00   0.0000000E+00   0.0000000E+00   3.3597131E-10   7.4777040E-10   1.7813873E-09   3.3226464E-09   5.0867204E-09   7.3391830E-09   1.0853177E-08   1.5803897E-08   2.2796685E-08   3.2702861E-08   4.6790593E-08   6.7088592E-08   9.6426461E-08   1.3899955E-07   2.0026772E-07   2.9089753E-07   4.2530314E-07   6.2016534E-07   9.1650747E-07   1.3665616E-06   2.0385355E-06   3.0150823E-06   4.4707740E-06   6.5975696E-06   9.6562771E-06   1.3968674E-05   2.0026762E-05   2.5993077E-05   3.4245815E-05   4.1994288E-05   4.8414950E-05   5.2002357E-05   5.2228021E-05   4.9631628E-05   4.8502134E-05   4.5765926E-05   3.9318387E-05   2.5698777E-05   2.4746384E-06  -6.7383720E-05  -2.2626184E-04  -2.9176110E-04   0.0000000E+00   0.0000000E+00   0.0000000E+00   0.0000000E+00   0.0000000E+00   0.0000000E+00   0.0000000E+00   0.0000000E+00   0.0000000E+00   0.0000000E+00   0.0000000E+00   0.0000000E+00   0.0000000E+00   0.0000000E+00   0.0000000E+00   0.0000000E+00   0.0000000E+00   0.0000000E+00   0.0000000E+00   0.0000000E+00   3.8163122E-11   1.4433245E-10  -1.8502050E-10   0.0000000E+00   1.1696576E-10   3.4727027E-10   6.5693589E-10   1.3188609E-09   1.7271299E-09   2.3264544E-09   3.2772594E-09   1.1134191E-09  -2.6253433E-11   5.5404934E-09   1.3869867E-08   1.7068142E-08  -4.1802402E-09   4.0760950E-09  -1.1601027E-08  -1.4603205E-08  -1.4497082E-08  -8.2918525E-09  -1.8333400E-09  -1.2681875E-10   0.0000000E+00   0.0000000E+00   0.0000000E+00   0.0000000E+00   0.0000000E+00   0.0000000E+00   0.0000000E+00   0.0000000E+00   0.0000000E+00
   0.0000000E+00   0.0000000E+00   0.0000000E+00   0.0000000E+00   0.0000000E+00   3.8099582E-10   8.0022566E-10   1.9005488E-09   3.5415100E-09   5.4503282E-09   7.9275555E-09   1.1809060E-08   1.7339705E-08   2.5246248E-08   3.6591807E-08   5.2953226E-08   7.6875956E-08   1.1198558E-07   1.6374304E-07   2.3964125E-07   3.5397534E-07   5.2628081E-07   7.8236195E-07   1.1801450E-06   1.7939520E-06   2.7273725E-06   4.1041030E-06   6.1954261E-06   9.2685614E-06   1.3682362E-05   1.9788667E-05   2.8025526E-05   3.5142450E-05   4.4604330E-05   5.1632967E-05   5.5281307E-05   5.5047385E-05   5.1804003E-05   4.9265542E-05   4.5313958E-05   4.0606832E-05   2.9209024E-05   7.8914377E-09  -8.0529790E-05  -2.5230862E-04  -2.7020418E-04   0.0000000E+00   0.0000000E+00   0.0000000E+00   0.0000000E+00   0.0000000E+00   0.0000000E+00   0.0000000E+00   0.0000000E+00   0.0000000E+00   0.0000000E+00   0.0000000E+00   0.0000000E+00   0.0000000E+00   0.0000000E+00   0.0000000E+00   0.0000000E+00   0.0000000E+00   0.0000000E+00   0.0000000E+00   0.0000000E+00   0.0000000E+00   0.0000000E+00   8.6409026E-11  -8.7396285E-11   0.0000000E+00   8.2543125E-11   2.2334187E-10   4.5572440E-10   8.5796220E-10   1.1065743E-09   1.6154380E-09   2.2555424E-09   5.2583260E-10  -2.5759006E-10   3.6721159E-09   9.6269623E-09   1.2317286E-08  -1.7318859E-09   3.7348467E-09  -8.1622389E-09  -1.0914115E-08  -1.0883794E-08  -5.9587979E-09  -1.1014015E-09  -5.5542425E-11   0.0000000E+00   0.0000000E+00   0.0000000E+00   0.0000000E+00   0.0000000E+00   0.0000000E+00   0.0000000E+00   0.0000000E+00   0.0000000E+00
   0.0000000E+00   0.0000000E+00   0.0000000E+00   0.0000000E+00   0.0000000E+00   4.2941456E-10   8.5614466E-10   2.0262645E-09   3.7732057E-09   5.8386851E-09   8.5626057E-09   1.2851440E-08   1.9033516E-08   2.7981191E-08   4.0991996E-08   6.0027588E-08   8.8286022E-08   1.3042384E-07   1.9357721E-07   2.8802222E-07   4.3303103E-07   6.5540064E-07   9.9451984E-07   1.5329176E-06   2.3775524E-06   3.6854335E-06   5.6414069E-06   8.6584723E-06   1.3089427E-05   1.9367473E-05   2.7717138E-05   3.8237376E-05   4.5507368E-05   5.4676166E-05   5.8586280E-05   5.8033504E-05   5.4094784E-05   5.0732386E-05   4.5643035E-05   4.0887448E-05   3.1215372E-05  -6.0792627E-07  -9.7095231E-05  -2.8083302E-04  -2.4039585E-04   0.0000000E+00   0.0000000E+00   0.0000000E+00   0.0000000E+00   0.0000000E+00   0.0000000E+00   0.0000000E+00   0.0000000E+00   0.0000000E+00   0.0000000E+00   0.0000000E+00   0.0000000E+00   0.0000000E+00   0.0000000E+00   0.0000000E+00   0.0000000E+00   0.0000000E+00   0.0000000E+00   0.0000000E+00   0.0000000E+00   0.0000000E+00   0.0000000E+00   0.0000000E+00   4.1097847E-11  -4.1567406E-11   0.0000000E+00   5.7746995E-11   1.4590391E-10   3.1406336E-10   5.5699156E-10   7.2041845E-10   1.1229715E-09   1.5506590E-09   2.5096339E-10  -2.8763864E-10   2.4981313E-09   6.7918799E-09   8.9560093E-09  -4.7543858E-10   3.2400767E-09  -5.8174607E-09  -8.2168290E-09  -8.2185307E-09  -4.3093240E-09  -6.8623057E-10  -2.8045321E-11   0.0000000E+00   0.0000000E+00   0.0000000E+00   0.0000000E+00   0.0000000E+00   0.0000000E+00   0.0000000E+00   0.0000000E+00   0.0000000E+00
   0.0000000E+00   0.0000000E+00   0.0000000E+00   0.0000000E+00   0.0000000E+00   4.8146021E-10   9.1574764E-10   2.1590203E-09   4.0188102E-09   6.2540941E-09   9.2491543E-09   1.3990280E-08   2.0905679E-08   3.1042624E-08   4.5985821E-08   6.8177997E-08   1.0164481E-07   1.5238464E-07   2.2976499E-07   3.4789045E-07   5.3292672E-07   8.2209328E-07   1.2750679E-06   2.0105663E-06   3.1841632E-06   5.0332023E-06   7.8310486E-06   1.2188141E-05   1.8516681E-05   2.7197075E-05   3.7963728E-05   5.0127197E-05   5.5474386E-05   6.1965817E-05   6.1277184E-05   5.6784505E-05   5.2614418E-05   4.6718873E-05   4.1289586E-05   3.1831263E-05  -2.4855181E-06  -1.1488902E-04  -3.1382343E-04  -2.0059134E-04   0.0000000E+00   0.0000000E+00   0.0000000E+00   0.0000000E+00   0.0000000E+00   0.0000000E+00   0.0000000E+00   0.0000000E+00   0.0000000E+00   0.0000000E+00   0.0000000E+00   0.0000000E+00   0.0000000E+00   0.0000000E+00   0.0000000E+00   0.0000000E+00   0.0000000E+00   0.0000000E+00   0.0000000E+00   0.0000000E+00   0.0000000E+00   0.0000000E+00   0.0000000E+00   0.0000000E+00   0.0000000E+00   0.0000000E+00   0.0000000E+00   4.0268632E-11   9.6668860E-11   2.1543929E-10   3.6188932E-10   4.7604037E-10   7.8247647E-10   1.0690452E-09   1.3042638E-10  -2.5556449E-10   1.7380800E-09   4.8620414E-09   6.5646635E-09   1.4581709E-10   2.7241565E-09  -4.1981454E-09  -6.2308323E-09  -6.2422467E-09  -3.1407776E-09  -4.4049611E-10  -1.5325626E-11   0.0000000E+00   0.0000000E+00   0.0000000E+00   0.0000000E+00   0.0000000E+00   0.0000000E+00   0.0000000E+00   0.0000000E+00   0.0000000E+00
   0.0000000E+00   0.0000000E+00   0.0000000E+00   0.0000000E+00   0.0000000E+00   5.3738297E-10   9.7927511E-10   2.2993505E-09   4.2795145E-09   6.6991284E-09   9.9926369E-09   1.5236969E-08   2.2979771E-08   3.4478933E-08   5.1671943E-08   7.7604916E-08   1.1735801E-07   1.7868595E-07   2.7394955E-07   4.2255289E-07   6.6031487E-07   1.0396086E-06   1.6505752E-06   2.6657215E-06   4.3134255E-06   6.9504899E-06   1.0970823E-05   1.7233895E-05   2.6081390E-05   3.7501923E-05   5.0126411E-05   6.2085441E-05   6.2529623E-05   6.4875378E-05   5.9928116E-05   5.5047152E-05   4.8373458E-05   4.2150012E-05   3.1679745E-05  -6.6543626E-06  -1.3539326E-04  -3.4780626E-04  -1.5270319E-04   0.0000000E+00   0.0000000E+00   0.0000000E+00   0.0000000E+00   0.0000000E+00   0.0000000E+00   0.0000000E+00   0.0000000E+00   0.0000000E+00   0.0000000E+00   0.0000000E+00   0.0000000E+00   0.0000000E+00   0.0000000E+00   0.0000000E+00   0.0000000E+00   0.0000000E+00   0.0000000E+00   0.0000000E+00   0.0000000E+00   0.0000000E+00   0.0000000E+00   0.0000000E+00   0.0000000E+00   0.0000000E+00   0.0000000E+00   0.0000000E+00   0.0000000E+00   0.0000000E+00   9.3255570E-11   1.4735918E-10   2.3580746E-10   3.1887365E-10   5.4710714E-10   7.4105422E-10   8.0004670E-11  -2.0960764E-10   1.2329886E-09   3.5267613E-09   4.8514566E-09   4.2848602E-10   2.2462849E-09  -3.0657112E-09  -4.7576201E-09  -4.7681019E-09  -2.3071216E-09  -2.9811104E-10   0.0000000E+00   0.0000000E+00   0.0000000E+00   0.0000000E+00   0.0000000E+00   0.0000000E+00   0.0000000E+00   0.0000000E+00   0.0000000E+00   0.0000000E+00
   0.0000000E+00   0.0000000E+00   0.0000000E+00   0.0000000E+00   0.0000000E+00   5.9745231E-10   1.0469898E-09   2.4478428E-09   4.5566382E-09   7.1766646E-09   1.0799212E-08   1.6604568E-08   2.5283242E-08   3.8347363E-08   5.8169217E-08   8.8554621E-08   1.3593473E-07   2.1037806E-07   3.2829345E-07   5.1647794E-07   8.2443722E-07   1.3268792E-06   2.1600190E-06   3.5771247E-06   5.9155723E-06   9.7052189E-06   1.5482923E-05   2.4357625E-05   3.6241010E-05   5.0085491E-05   6.2768027E-05   7.1551083E-05   6.4893735E-05   6.3632571E-05   5.8036640E-05   5.0640054E-05   4.3513741E-05   3.1238385E-05  -1.3310731E-05  -1.5975078E-04  -3.7859054E-04  -1.0015371E-04   0.0000000E+00   0.0000000E+00   0.0000000E+00   0.0000000E+00   0.0000000E+00   0.0000000E+00   0.0000000E+00   0.0000000E+00   0.0000000E+00   0.0000000E+00   0.0000000E+00   0.0000000E+00   0.0000000E+00   0.0000000E+00   0.0000000E+00   0.0000000E+00   0.0000000E+00   0.0000000E+00   0.0000000E+00   0.0000000E+00   0.0000000E+00   0.0000000E+00   0.0000000E+00   0.0000000E+00   0.0000000E+00   0.0000000E+00   0.0000000E+00   0.0000000E+00   0.0000000E+00   0.0000000E+00   6.3828387E-11   1.0065228E-10   1.5433531E-10   2.1626595E-10   3.8420434E-10   5.1738247E-10   5.9181215E-11  -1.6596538E-10   8.8961083E-10   2.5890987E-09   3.6144854E-09   5.3197702E-10   1.8294299E-09  -2.2640456E-09  -3.6565639E-09  -3.6617018E-09  -1.7072413E-09  -1.9887995E-10   0.0000000E+00   0.0000000E+00   0.0000000E+00   0.0000000E+00   0.0000000E+00   0.0000000E+00   0.0000000E+00   0.0000000E+00   0.0000000E+00   0.0000000E+00
   0.0000000E+00   0.0000000E+00   0.0000000E+00   0.0000000E+00   7.9941904E-12   6.5388678E-10   1.1191795E-09   2.6051454E-09   4.8516471E-09   7.6899322E-09   1.1675874E-08   1.8108123E-08   2.7848184E-08   4.2716014E-08   6.5621734E-08   1.0133198E-07   1.5801957E-07   2.4882405E-07   3.9567897E-07   6.3579444E-07   1.0383538E-06   1.7114696E-06   2.8616578E-06   4.8644179E-06   8.2185234E-06   1.3690626E-05   2.1928641E-05   3.4133911E-05   4.9042064E-05   6.3741223E-05   7.3326570E-05   7.6292017E-05   6.2894527E-05   6.1675499E-05   5.3481130E-05   4.5391615E-05   3.0715382E-05  -2.2194046E-05  -1.8854901E-04  -4.0463338E-04  -4.4311208E-05   0.0000000E+00   0.0000000E+00   0.0000000E+00   0.0000000E+00   0.0000000E+00   0.0000000E+00   0.0000000E+00   0.0000000E+00   0.0000000E+00   0.0000000E+00   0.0000000E+00   0.0000000E+00   0.0000000E+00   0.0000000E+00   0.0000000E+00   0.0000000E+00   0.0000000E+00   0.0000000E+00   0.0000000E+00   0.0000000E+00   0.0000000E+00   0.0000000E+00   0.0000000E+00   0.0000000E+00   0.0000000E+00   0.0000000E+00   0.0000000E+00   0.0000000E+00   0.0000000E+00   0.0000000E+00   0.0000000E+00   4.4021536E-11   6.8741929E-11   1.0157709E-10   1.4834801E-10   2.7117203E-10   3.6416928E-10   4.9784999E-11  -1.2923436E-10   6.5148659E-10   1.9216693E-09   2.7140339E-09   5.4299221E-10   1.4781311E-09  -1.6898178E-09  -2.8275853E-09  -2.8262033E-09  -1.2717520E-09  -1.3486860E-10   0.0000000E+00   0.0000000E+00   0.0000000E+00   0.0000000E+00   0.0000000E+00   0.0000000E+00   0.0000000E+00   0.0000000E+00   0.0000000E+00   0.0000000E+00
   0.0000000E+00   0.0000000E+00   0.0000000E+00   0.0000000E+00   8.8538378E-12   7.2227668E-10   1.1961602E-09   2.7719751E-09   5.1661728E-09   8.2425649E-09   1.2630596E-08   1.9765025E-08   3.0712307E-08   4.7666340E-08   7.4205396E-08   1.1631764E-07   1.8443711E-07   2.9581435E-07   4.8000362E-07   7.8905151E-07   1.3208806E-06   2.2343550E-06   3.8442799E-06   6.7117894E-06   1.1566984E-05   1.9461067E-05   3.0958447E-05   4.6869718E-05   6.3603606E-05   7.6014032E-05   7.9384634E-05   7.5930111E-05   6.0167240E-05   5.6962603E-05   4.7720696E-05   3.0112156E-05  -3.2943753E-05  -2.1957286E-04  -4.1372277E-04   0.0000000E+00   0.0000000E+00   0.0000000E+00   0.0000000E+00   0.0000000E+00   0.0000000E+00   0.0000000E+00   0.0000000E+00   0.0000000E+00   0.0000000E+00   0.0000000E+00   0.0000000E+00   0.0000000E+00   0.0000000E+00   0.0000000E+00   0.0000000E+00   0.0000000E+00   0.0000000E+00   0.0000000E+00   0.0000000E+00   0.0000000E+00   0.0000000E+00   0.0000000E+00   0.0000000E+00   0.0000000E+00   0.0000000E+00   0.0000000E+00   0.0000000E+00   0.0000000E+00   0.0000000E+00   0.0000000E+00   0.0000000E+00   0.0000000E+00   1.9342373E-11   5.8069723E-11   6.7571157E-11   1.0282337E-10   1.9246196E-10   2.5854063E-10   4.4240833E-11  -9.9859787E-11   4.8343990E-10   1.4406287E-09   2.0531163E-09   5.0893717E-10   1.1882346E-09  -1.2738350E-09  -2.1990223E-09  -2.1915323E-09  -9.5306962E-10  -9.2698411E-11   0.0000000E+00   0.0000000E+00   0.0000000E+00   0.0000000E+00   0.0000000E+00   0.0000000E+00   0.0000000E+00   0.0000000E+00   0.0000000E+00   0.0000000E+00
   0.0000000E+00   0.0000000E+00   0.0000000E+00   0.0000000E+00   9.7818628E-12   7.9568852E-10   1.2782786E-09   2.9491249E-09   5.5020388E-09   8.8386658E-09   1.3672496E-08   2.1595465E-08   3.3920148E-08   5.3296450E-08   8.4136659E-08   1.3399116E-07   2.1625391E-07   3.5373304E-07   5.8662397E-07   9.8840610E-07   1.6997249E-06   2.9578348E-06   5.2458108E-06   9.4049001E-06   1.6471464E-05   2.7731741E-05   4.3106680E-05   6.2096282E-05   7.7733050E-05   8.4120918E-05   8.0231075E-05   7.2219344E-05   5.6434892E-05   5.0485382E-05   2.9348535E-05  -4.5046982E-05  -2.4703273E-04  -3.7957801E-04   0.0000000E+00   0.0000000E+00   0.0000000E+00   0.0000000E+00   0.0000000E+00   0.0000000E+00   0.0000000E+00   0.0000000E+00   0.0000000E+00   0.0000000E+00   0.0000000E+00   0.0000000E+00   0.0000000E+00   0.0000000E+00   0.0000000E+00   0.0000000E+00   0.0000000E+00   0.0000000E+00   0.0000000E+00   0.0000000E+00   0.0000000E+00   0.0000000E+00   0.0000000E+00   0.0000000E+00   0.0000000E+00   0.0000000E+00   0.0000000E+00   0.0000000E+00   0.0000000E+00   0.0000000E+00   0.0000000E+00   0.0000000E+00   0.0000000E+00   0.0000000E+00   0.0000000E+00   5.3256156E-11   4.5433660E-11   7.1957121E-11   1.3741014E-10   1.8515896E-10   3.9709409E-11  -7.6935631E-11   3.6299266E-10   1.0899126E-09   1.5640548E-09   4.5559273E-10   9.5214303E-10  -9.6922415E-10  -1.7192039E-09  -1.7066984E-09  -7.1813006E-10  -6.4433625E-11   0.0000000E+00   0.0000000E+00   0.0000000E+00   0.0000000E+00   0.0000000E+00   0.0000000E+00   0.0000000E+00   0.0000000E+00   0.0000000E+00   0.0000000E+00
   0.0000000E+00   0.0000000E+00   0.0000000E+00   0.0000000E+00   8.4678868E-11   7.9986939E-10   1.3659176E-09   3.1374745E-09   5.8612839E-09   9.4828785E-09   1.4812046E-08   2.3623002E-08   3.7524554E-08   5.9725309E-08   9.5684051E-08   1.5496315E-07   2.5486727E-07   4.2580416E-07   7.2304118E-07   1.2515319E-06   2.2167008E-06   3.9789279E-06   7.2840276E-06   1.3384740E-05   2.3648203E-05   3.9261231E-05   5.8338363E-05   7.8035569E-05   8.8349814E-05   8.6840577E-05   7.8295168E-05   6.5641972E-05   5.0622559E-05   2.8140181E-05  -5.8769649E-05  -2.7524479E-04  -3.4121811E-04   0.0000000E+00   0.0000000E+00   0.0000000E+00   0.0000000E+00   0.0000000E+00   0.0000000E+00   0.0000000E+00   0.0000000E+00   0.0000000E+00   0.0000000E+00   0.0000000E+00   0.0000000E+00   0.0000000E+00   0.0000000E+00   0.0000000E+00   0.0000000E+00   0.0000000E+00   0.0000000E+00   0.0000000E+00   0.0000000E+00   0.0000000E+00   0.0000000E+00   0.0000000E+00   0.0000000E+00   0.0000000E+00   0.0000000E+00   0.0000000E+00   0.0000000E+00   0.0000000E+00   0.0000000E+00   0.0000000E+00   0.0000000E+00   0.0000000E+00   0.0000000E+00   0.0000000E+00   0.0000000E+00   3.6598346E-11   3.0872322E-11   5.0808920E-11   9.8711275E-11   1.3375520E-10   3.5330391E-11  -5.9257467E-11   2.7545602E-10   8.3148327E-10   1.1993067E-09   3.9671585E-10   7.6147355E-10  -7.4387124E-10  -1.3505974E-09  -1.3343640E-09  -5.4374771E-10  -4.5214797E-11   0.0000000E+00   0.0000000E+00   0.0000000E+00   0.0000000E+00   0.0000000E+00   0.0000000E+00   0.0000000E+00   0.0000000E+00   0.0000000E+00   0.0000000E+00
   0.0000000E+00   0.0000000E+00   0.0000000E+00   0.0000000E+00   1.4543371E-10   8.2418905E-10   1.4594994E-09   3.3380028E-09   6.2461973E-09   1.0180482E-08   1.6061321E-08   2.5875256E-08   4.1588649E-08   6.7098341E-08   1.0918393E-07   1.8002004E-07   3.0213408E-07   5.1646526E-07   8.9998935E-07   1.6047826E-06   2.9366572E-06   5.4523416E-06   1.0305850E-05   1.9313709E-05   3.3989927E-05   5.4492739E-05   7.5408279E-05   9.1583825E-05   9.3580740E-05   8.6300228E-05   7.2267954E-05   5.6885063E-05   2.7803206E-05  -7.8182726E-05  -3.0552127E-04  -2.9652950E-04   0.0000000E+00   0.0000000E+00   0.0000000E+00   0.0000000E+00   0.0000000E+00   0.0000000E+00   0.0000000E+00   0.0000000E+00   0.0000000E+00   0.0000000E+00   0.0000000E+00   0.0000000E+00   0.0000000E+00   0.0000000E+00   0.0000000E+00   0.0000000E+00   0.0000000E+00   0.0000000E+00   0.0000000E+00   0.0000000E+00   0.0000000E+00   0.0000000E+00   0.0000000E+00   0.0000000E+00   0.0000000E+00   0.0000000E+00   0.0000000E+00   0.0000000E+00   0.0000000E+00   0.0000000E+00   0.0000000E+00   0.0000000E+00   0.0000000E+00   0.0000000E+00   0.0000000E+00   0.0000000E+00   0.0000000E+00   0.0000000E+00   4.6701285E-11   3.6178508E-11   7.1357913E-11   9.7412980E-11   3.0134763E-11  -4.4808594E-11   2.1103765E-10   6.3918176E-10   9.2522384E-10   3.3935593E-10   6.0829997E-10  -5.7552818E-10  -1.0657356E-09  -1.0470087E-09  -4.1351109E-10  -3.1987305E-11   0.0000000E+00   0.0000000E+00   0.0000000E+00   0.0000000E+00   0.0000000E+00   0.0000000E+00   0.0000000E+00   0.0000000E+00   0.0000000E+00   0.0000000E+00
   0.0000000E+00   0.0000000E+00   0.0000000E+00   0.0000000E+00   2.0755604E-10   8.5342150E-10   1.5594909E-09   3.5518002E-09   6.6593562E-09   1.0937495E-08   1.7434308E-08   2.8384775E-08   4.6188511E-08   7.5594578E-08   1.2506200E-07   2.1018822E-07   3.6056332E-07   6.3195216E-07   1.1332210E-06   2.0886193E-06   3.9631559E-06   7.6297965E-06   1.4860330E-05   2.8120729E-05   4.8342867E-05   7.2890762E-05   9.1529335E-05   1.0005788E-04   9.4841424E-05   8.0952123E-05   6.3164189E-05   3.3926866E-05  -6.1829640E-05  -3.8214849E-04  -2.4537521E-04   0.0000000E+00   0.0000000E+00   0.0000000E+00   0.0000000E+00   0.0000000E+00   0.0000000E+00   0.0000000E+00   0.0000000E+00   0.0000000E+00   0.0000000E+00   0.0000000E+00   0.0000000E+00   0.0000000E+00   0.0000000E+00   0.0000000E+00   0.0000000E+00   0.0000000E+00   0.0000000E+00   0.0000000E+00   0.0000000E+00   0.0000000E+00   0.0000000E+00   0.0000000E+00   0.0000000E+00   0.0000000E+00   0.0000000E+00   0.0000000E+00   0.0000000E+00   0.0000000E+00   0.0000000E+00   0.0000000E+00   0.0000000E+00   0.0000000E+00   0.0000000E+00   0.0000000E+00   0.0000000E+00   0.0000000E+00   0.0000000E+00   0.0000000E+00   2.0275993E-11   3.8153983E-11   5.1909369E-11   7.1467395E-11   2.4985163E-11  -3.3391262E-11   1.6309257E-10   4.9478771E-10   7.1780143E-10   2.8683597E-10   4.8565035E-10  -4.4861490E-10  -8.4436774E-10  -8.2421758E-10  -3.1569725E-10  -2.2788556E-11   0.0000000E+00   0.0000000E+00   0.0000000E+00   0.0000000E+00   0.0000000E+00   0.0000000E+00   0.0000000E+00   0.0000000E+00   0.0000000E+00   0.0000000E+00
   0.0000000E+00   0.0000000E+00   0.0000000E+00   0.0000000E+00   2.7148547E-10   8.8759650E-10   1.6664098E-09   3.7800860E-09   7.1036714E-09   1.1760813E-08   1.8947281E-08   3.1190176E-08   5.1416372E-08   8.5436660E-08   1.4386353E-07   2.4682748E-07   4.3361041E-07   7.8124168E-07   1.4465487E-06   2.7672399E-06   5.4664797E-06   1.0925236E-05   2.1786707E-05   4.0928659E-05   6.6943969E-05   9.2282760E-05   1.0329053E-04   1.0280200E-04   9.1694768E-05   7.2003982E-05   4.2860323E-05  -2.3192426E-05  -1.6675811E-04  -3.2006070E-04  -1.9492595E-04   0.0000000E+00   0.0000000E+00   0.0000000E+00   0.0000000E+00   0.0000000E+00   0.0000000E+00   0.0000000E+00   0.0000000E+00   0.0000000E+00   0.0000000E+00   0.0000000E+00   0.0000000E+00   0.0000000E+00   0.0000000E+00   0.0000000E+00   0.0000000E+00   0.0000000E+00   0.0000000E+00   0.0000000E+00   0.0000000E+00   0.0000000E+00   0.0000000E+00   0.0000000E+00   0.0000000E+00   0.0000000E+00   0.0000000E+00   0.0000000E+00   0.0000000E+00   0.0000000E+00   0.0000000E+00   0.0000000E+00   0.0000000E+00   0.0000000E+00   0.0000000E+00   0.0000000E+00   0.0000000E+00   0.0000000E+00   0.0000000E+00   0.0000000E+00   0.0000000E+00   4.1553649E-11   3.7995905E-11   5.2782390E-11   2.0372339E-11  -2.4640052E-11   1.2703860E-10   3.8545864E-10   5.5977512E-10   2.4043789E-10   3.8763096E-10  -3.5210632E-10  -6.7145300E-10  -6.5074962E-10  -2.4186042E-10  -1.6334115E-11   0.0000000E+00   0.0000000E+00   0.0000000E+00   0.0000000E+00   0.0000000E+00   0.0000000E+00   0.0000000E+00   0.0000000E+00   0.0000000E+00   0.0000000E+00
   0.0000000E+00   0.0000000E+00   0.0000000E+00   0.0000000E+00   3.3766159E-10   9.2678770E-10   1.7808317E-09   4.0242254E-09   7.5824422E-09   1.2658356E-08   2.0619279E-08   3.4337550E-08   5.7384998E-08   9.6904394E-08   1.6629639E-07   2.9177104E-07   5.2614331E-07   9.7763541E-07   1.8772369E-06   3.7462123E-06   7.7336299E-06   1.6013508E-05   3.2264059E-05   5.8688580E-05   8.8580164E-05   1.0902665E-04   1.0870083E-04   1.0176357E-04   8.3175306E-05   5.4988581E-05   3.7975517E-06  -8.9913046E-05  -2.1120152E-04  -2.6686778E-04  -1.5614608E-04   0.0000000E+00   0.0000000E+00   0.0000000E+00   0.0000000E+00   0.0000000E+00   0.0000000E+00   0.0000000E+00   0.0000000E+00   0.0000000E+00   0.0000000E+00   0.0000000E+00   0.0000000E+00   0.0000000E+00   0.0000000E+00   0.0000000E+00   0.0000000E+00   0.0000000E+00   0.0000000E+00   0.0000000E+00   0.0000000E+00   0.0000000E+00   0.0000000E+00   0.0000000E+00   0.0000000E+00   0.0000000E+00   0.0000000E+00   0.0000000E+00   0.0000000E+00   0.0000000E+00   0.0000000E+00   0.0000000E+00   0.0000000E+00   0.0000000E+00   0.0000000E+00   0.0000000E+00   0.0000000E+00   0.0000000E+00   0.0000000E+00   0.0000000E+00   0.0000000E+00   0.0000000E+00   5.7968387E-11   3.9222393E-11   1.6445135E-11  -1.8057961E-11   9.9670064E-11   3.0204056E-10   4.3862694E-10   2.0035765E-10   3.0937636E-10  -2.7812128E-10  -5.3574256E-10  -5.1531407E-10  -1.9733541E-10   0.0000000E+00   0.0000000E+00   0.0000000E+00   0.0000000E+00   0.0000000E+00   0.0000000E+00   0.0000000E+00   0.0000000E+00   0.0000000E+00   0.0000000E+00   0.0000000E+00
   0.0000000E+00   0.0000000E+00   0.0000000E+00   0.0000000E+00   4.0652656E-10   9.7111474E-10   1.9033974E-09   4.2857544E-09   8.0994198E-09   1.3639278E-08   2.2472703E-08   3.7882320E-08   6.4233490E-08   1.1035366E-07   1.9329397E-07   3.4754189E-07   6.4520810E-07   1.2415344E-06   2.4859653E-06   5.2054479E-06   1.1254501E-05   2.3949286E-05   4.7678452E-05   8.1380298E-05   1.1007125E-04   1.1971781E-04   1.0926372E-04   9.4772833E-05   6.8483256E-05   2.5174706E-05  -4.7165351E-05  -1.4131333E-04  -2.1913348E-04  -2.2359448E-04  -1.2622288E-04   0.0000000E+00   0.0000000E+00   0.0000000E+00   0.0000000E+00   0.0000000E+00   0.0000000E+00   0.0000000E+00   0.0000000E+00   0.0000000E+00   0.0000000E+00   0.0000000E+00   0.0000000E+00   0.0000000E+00   0.0000000E+00   0.0000000E+00   0.0000000E+00   0.0000000E+00   0.0000000E+00   0.0000000E+00   0.0000000E+00   0.0000000E+00   0.0000000E+00   0.0000000E+00   0.0000000E+00   0.0000000E+00   0.0000000E+00   0.0000000E+00   0.0000000E+00   0.0000000E+00   0.0000000E+00   0.0000000E+00   0.0000000E+00   0.0000000E+00   0.0000000E+00   0.0000000E+00   0.0000000E+00   0.0000000E+00   0.0000000E+00   0.0000000E+00   0.0000000E+00   0.0000000E+00   4.2268678E-11   2.9313437E-11   1.3196039E-11  -1.3167373E-11   7.8714341E-11   2.3793978E-10   3.4520850E-10   1.6624489E-10   2.4692853E-10  -2.2097101E-10  -4.2876935E-10  -4.0918313E-10  -1.5123645E-10   0.0000000E+00   0.0000000E+00   0.0000000E+00   0.0000000E+00   0.0000000E+00   0.0000000E+00   0.0000000E+00   0.0000000E+00   0.0000000E+00   0.0000000E+00   0.0000000E+00
   0.0000000E+00   0.0000000E+00   0.0000000E+00   0.0000000E+00   4.7853027E-10   1.0207445E-09   2.0348223E-09   4.5664041E-09   8.6588896E-09   1.4714204E-08   2.4534073E-08   4.1891660E-08   7.2135265E-08   1.2624335E-07   2.2610992E-07   4.1769891E-07   8.0134549E-07   1.6055467E-06   3.3759436E-06   7.4608579E-06   1.6856600E-05   3.6226731E-05   6.9077716E-05   1.0702278E-04   1.2710116E-04   1.2304987E-04   1.0448457E-04   8.2345934E-05   4.4086657E-05  -1.6508138E-05  -9.6833101E-05  -1.6979146E-04  -2.0818655E-04  -1.8925428E-04  -1.0294537E-04   0.0000000E+00   0.0000000E+00   0.0000000E+00   0.0000000E+00   0.0000000E+00   0.0000000E+00   0.0000000E+00   0.0000000E+00   0.0000000E+00   0.0000000E+00   0.0000000E+00   0.0000000E+00   0.0000000E+00   0.0000000E+00   0.0000000E+00   0.0000000E+00   0.0000000E+00   0.0000000E+00   0.0000000E+00   0.0000000E+00   0.0000000E+00   0.0000000E+00   0.0000000E+00   0.0000000E+00   0.0000000E+00   0.0000000E+00   0.0000000E+00   0.0000000E+00   0.0000000E+00   0.0000000E+00   0.0000000E+00   0.0000000E+00   0.0000000E+00   0.0000000E+00   0.0000000E+00   0.0000000E+00   0.0000000E+00   0.0000000E+00   0.0000000E+00   0.0000000E+00   0.0000000E+00   3.1022448E-11   2.2026544E-11   1.0553490E-11  -9.5628149E-12   6.2540778E-11   1.8835994E-10   2.7278163E-10   1.3750504E-10   1.9709763E-10  -1.7651058E-10  -3.4410597E-10  -3.2555231E-10  -1.1624746E-10   0.0000000E+00   0.0000000E+00   0.0000000E+00   0.0000000E+00   0.0000000E+00   0.0000000E+00   0.0000000E+00   0.0000000E+00   0.0000000E+00   0.0000000E+00   0.0000000E+00
   0.0000000E+00   0.0000000E+00   0.0000000E+00   0.0000000E+00   5.5413535E-10   1.0758926E-09   2.1759081E-09   4.8681321E-09   9.2657642E-09   1.5895528E-08   2.6835000E-08   4.6447713E-08   8.1309061E-08   1.4517465E-07   2.6646507E-07   5.0741636E-07   1.0109733E-06   2.1243568E-06   4.7305148E-06   1.1075453E-05   2.5871692E-05   5.4575714E-05   9.6105949E-05   1.3137946E-04   1.3621424E-04   1.1962352E-04   9.4635907E-05   6.1939980E-05   8.6289920E-06  -6.3109597E-05  -1.3460522E-04  -1.7784764E-04  -1.8948749E-04  -1.6224031E-04  -8.4648302E-05   0.0000000E+00   0.0000000E+00   0.0000000E+00   0.0000000E+00   0.0000000E+00   0.0000000E+00   0.0000000E+00   0.0000000E+00   0.0000000E+00   0.0000000E+00   0.0000000E+00   0.0000000E+00   0.0000000E+00   0.0000000E+00   0.0000000E+00   0.0000000E+00   0.0000000E+00   0.0000000E+00   0.0000000E+00   0.0000000E+00   0.0000000E+00   0.0000000E+00   0.0000000E+00   0.0000000E+00   0.0000000E+00   0.0000000E+00   0.0000000E+00   0.0000000E+00   0.0000000E+00   0.0000000E+00   0.0000000E+00   0.0000000E+00   0.0000000E+00   0.0000000E+00   0.0000000E+00   0.0000000E+00   0.0000000E+00   0.0000000E+00   0.0000000E+00   0.0000000E+00   0.0000000E+00   0.0000000E+00   3.9816917E-11   8.4265407E-12  -6.9205258E-12   4.9966229E-11   1.4977961E-10   2.1634691E-10   1.1346449E-10   1.5732768E-10  -1.4169249E-10  -2.7684804E-10  -2.5947086E-10  -8.9583355E-11   0.0000000E+00   0.0000000E+00   0.0000000E+00   0.0000000E+00   0.0000000E+00   0.0000000E+00   0.0000000E+00   0.0000000E+00   0.0000000E+00   0.0000000E+00   0.0000000E+00
   0.0000000E+00   0.0000000E+00   0.0000000E+00   1.0138805E-11   6.2358496E-10   1.1368261E-09   2.3275546E-09   5.1931615E-09   9.9257047E-09   1.7197802E-08   2.9413448E-08   5.1651959E-08   9.2034647E-08   1.6795036E-07   3.1678587E-07   6.2450584E-07   1.3009566E-06   2.8946743E-06   6.8872487E-06   1.7040356E-05   4.0223666E-05   8.0196631E-05   1.2586650E-04   1.4928805E-04   1.3654160E-04   1.1060441E-04   7.8044133E-05   3.1297524E-05  -3.4744935E-05  -1.0547321E-04  -1.5603787E-04  -1.7174489E-04  -1.6923565E-04  -1.4095570E-04  -7.0096939E-05   0.0000000E+00   0.0000000E+00   0.0000000E+00   0.0000000E+00   0.0000000E+00   0.0000000E+00   0.0000000E+00   0.0000000E+00   0.0000000E+00   0.0000000E+00   0.0000000E+00   0.0000000E+00   0.0000000E+00   0.0000000E+00   0.0000000E+00   0.0000000E+00   0.0000000E+00   0.0000000E+00   0.0000000E+00   0.0000000E+00   0.0000000E+00   0.0000000E+00   0.0000000E+00   0.0000000E+00   0.0000000E+00   0.0000000E+00   0.0000000E+00   0.0000000E+00   0.0000000E+00   0.0000000E+00   0.0000000E+00   0.0000000E+00   0.0000000E+00   0.0000000E+00   0.0000000E+00   0.0000000E+00   0.0000000E+00   0.0000000E+00   0.0000000E+00   0.0000000E+00   0.0000000E+00   0.0000000E+00   2.9853658E-11   6.7253889E-12  -4.9908641E-12   4.0123394E-11   1.1959100E-10   1.7216827E-10   9.3457783E-11   1.2557788E-10  -1.1425670E-10  -2.2323435E-10  -2.0712529E-10  -6.9190272E-11   0.0000000E+00   0.0000000E+00   0.0000000E+00   0.0000000E+00   0.0000000E+00   0.0000000E+00   0.0000000E+00   0.0000000E+00   0.0000000E+00   0.0000000E+00   0.0000000E+00
   0.0000000E+00   0.0000000E+00   0.0000000E+00   1.1479209E-11   7.0650497E-10   1.2038673E-09   2.4907758E-09   5.5440266E-09   1.0645263E-08   1.8638215E-08   3.2315416E-08   5.7631208E-08   1.0467557E-07   1.9566745E-07   3.8061094E-07   7.8133394E-07   1.7179026E-06   4.0967802E-06   1.0478615E-05   2.7008271E-05   6.2152474E-05   1.1234132E-04   1.5283331E-04   1.5730492E-04   1.2932724E-04   9.5613999E-05   5.2092990E-05  -8.8705774E-06  -7.9145924E-05  -1.3653775E-04  -1.6208753E-04  -1.5772955E-04  -1.5045056E-04  -1.2403610E-04  -5.8386544E-05   0.0000000E+00   0.0000000E+00   0.0000000E+00   0.0000000E+00   0.0000000E+00   0.0000000E+00   0.0000000E+00   0.0000000E+00   0.0000000E+00   0.0000000E+00   0.0000000E+00   0.0000000E+00   0.0000000E+00   0.0000000E+00   0.0000000E+00   0.0000000E+00   0.0000000E+00   0.0000000E+00   0.0000000E+00   0.0000000E+00   0.0000000E+00   0.0000000E+00   0.0000000E+00   0.0000000E+00   0.0000000E+00   0.0000000E+00   0.0000000E+00   0.0000000E+00   0.0000000E+00   0.0000000E+00   0.0000000E+00   0.0000000E+00   0.0000000E+00   0.0000000E+00   0.0000000E+00   0.0000000E+00   0.0000000E+00   0.0000000E+00   0.0000000E+00   0.0000000E+00   0.0000000E+00   0.0000000E+00   0.0000000E+00   2.7526164E-11  -2.7849344E-11   5.7549462E-11   9.5847191E-11   1.3743508E-10   7.6870101E-11   1.0022210E-10  -9.2513511E-11  -1.8036361E-10  -1.6556573E-10  -5.3543548E-11   0.0000000E+00   0.0000000E+00   0.0000000E+00   0.0000000E+00   0.0000000E+00   0.0000000E+00   0.0000000E+00   0.0000000E+00   0.0000000E+00   0.0000000E+00   0.0000000E+00
   0.0000000E+00   0.0000000E+00   0.0000000E+00   1.2902362E-11   7.9446166E-10   1.2773983E-09   2.6667177E-09   5.9236291E-09   1.1432070E-08   2.0237222E-08   3.5597161E-08   6.4546079E-08   1.1971355E-07   2.2986889E-07   4.6332855E-07   9.9867759E-07   2.3480843E-06   6.0814459E-06   1.6673337E-05   4.3430005E-05   9.3168317E-05   1.4696042E-04   1.7100951E-04   1.5509776E-04   1.1551065E-04   7.2448573E-05   1.5736476E-05  -5.3886626E-05  -1.1699477E-04  -1.5346773E-04  -1.5659488E-04  -1.4051350E-04  -1.3431687E-04  -1.1039601E-04  -4.8856768E-05   0.0000000E+00   0.0000000E+00   0.0000000E+00   0.0000000E+00   0.0000000E+00   0.0000000E+00   0.0000000E+00   0.0000000E+00   0.0000000E+00   0.0000000E+00   0.0000000E+00   0.0000000E+00   0.0000000E+00   0.0000000E+00   0.0000000E+00   0.0000000E+00   0.0000000E+00   0.0000000E+00   0.0000000E+00   0.0000000E+00   0.0000000E+00   0.0000000E+00   0.0000000E+00   0.0000000E+00   0.0000000E+00   0.0000000E+00   0.0000000E+00   0.0000000E+00   0.0000000E+00   0.0000000E+00   0.0000000E+00   0.0000000E+00   0.0000000E+00   0.0000000E+00   0.0000000E+00   0.0000000E+00   0.0000000E+00   0.0000000E+00   0.0000000E+00   0.0000000E+00   0.0000000E+00   0.0000000E+00   0.0000000E+00   0.0000000E+00   0.0000000E+00   4.5695347E-11   7.7083534E-11   1.1001924E-10   6.3154988E-11   7.9965812E-11  -7.5189660E-11  -1.4598597E-10  -1.3250165E-10  -4.1504584E-11   0.0000000E+00   0.0000000E+00   0.0000000E+00   0.0000000E+00   0.0000000E+00   0.0000000E+00   0.0000000E+00   0.0000000E+00   0.0000000E+00   0.0000000E+00   0.0000000E+00
   0.0000000E+00   0.0000000E+00   0.0000000E+00   2.4845600E-11   8.7748614E-10   1.3578672E-09   2.8566807E-09   6.3353047E-09   1.2295064E-08   2.2019355E-08   3.9328267E-08   7.2603285E-08   1.3780246E-07   2.7280785E-07   5.7361910E-07   1.3140337E-06   3.3617255E-06   9.5453634E-06   2.7505917E-05   6.9196554E-05   1.3216029E-04   1.7695922E-04   1.7718619E-04   1.4388915E-04   9.4002571E-05   3.9018047E-05  -2.8466462E-05  -9.6636788E-05  -1.4307232E-04  -1.5727733E-04  -1.4400136E-04  -1.2308369E-04  -1.2103915E-04  -9.9098754E-05  -4.1155654E-05   0.0000000E+00   0.0000000E+00   0.0000000E+00   0.0000000E+00   0.0000000E+00   0.0000000E+00   0.0000000E+00   0.0000000E+00   0.0000000E+00   0.0000000E+00   0.0000000E+00   0.0000000E+00   0.0000000E+00   0.0000000E+00   0.0000000E+00   0.0000000E+00   0.0000000E+00   0.0000000E+00   0.0000000E+00   0.0000000E+00   0.0000000E+00   0.0000000E+00   0.0000000E+00   0.0000000E+00   0.0000000E+00   0.0000000E+00   0.0000000E+00   0.0000000E+00   0.0000000E+00   0.0000000E+00   0.0000000E+00   0.0000000E+00   0.0000000E+00   0.0000000E+00   0.0000000E+00   0.0000000E+00   0.0000000E+00   0.0000000E+00   0.0000000E+00   0.0000000E+00   0.0000000E+00   0.0000000E+00   0.0000000E+00   0.0000000E+00   0.0000000E+00   3.6468460E-11   6.2190385E-11   8.8299729E-11   5.1838263E-11   6.3778691E-11  -6.1318520E-11  -1.1834793E-10  -1.0614772E-10  -3.2218443E-11   0.0000000E+00   0.0000000E+00   0.0000000E+00   0.0000000E+00   0.0000000E+00   0.0000000E+00   0.0000000E+00   0.0000000E+00   0.0000000E+00   0.0000000E+00   0.0000000E+00
   0.0000000E+00   0.0000000E+00   0.0000000E+00   2.7643637E-11   9.7604813E-10   1.4457959E-09   3.0621452E-09   6.7829102E-09   1.3244775E-08   2.4014316E-08   4.3595929E-08   8.2074116E-08   1.5985781E-07   3.2794318E-07   7.2651676E-07   1.8006764E-06   5.1122765E-06   1.5851361E-05   4.6098947E-05   1.0623234E-04   1.7373398E-04   1.9534641E-04   1.7154402E-04   1.2380662E-04   6.2516403E-05  -4.0453128E-06  -7.4453077E-05  -1.3050719E-04  -1.5581639E-04  -1.5115926E-04  -1.2804649E-04  -1.0704903E-04  -1.1037568E-04  -8.9626905E-05  -3.4860834E-05   0.0000000E+00   0.0000000E+00   0.0000000E+00   0.0000000E+00   0.0000000E+00   0.0000000E+00   0.0000000E+00   0.0000000E+00   0.0000000E+00   0.0000000E+00   0.0000000E+00   0.0000000E+00   0.0000000E+00   0.0000000E+00   0.0000000E+00   0.0000000E+00   0.0000000E+00   0.0000000E+00   0.0000000E+00   0.0000000E+00   0.0000000E+00   0.0000000E+00   0.0000000E+00   0.0000000E+00   0.0000000E+00   0.0000000E+00   0.0000000E+00   0.0000000E+00   0.0000000E+00   0.0000000E+00   0.0000000E+00   0.0000000E+00   0.0000000E+00   0.0000000E+00   0.0000000E+00   0.0000000E+00   0.0000000E+00   0.0000000E+00   0.0000000E+00   0.0000000E+00   0.0000000E+00   0.0000000E+00   0.0000000E+00   0.0000000E+00   0.0000000E+00   2.9243618E-11   5.0321376E-11   7.1034754E-11   4.2515040E-11   5.0840582E-11  -5.0161091E-11  -9.6076452E-11  -8.5107525E-11  -2.5040027E-11   0.0000000E+00   0.0000000E+00   0.0000000E+00   0.0000000E+00   0.0000000E+00   0.0000000E+00   0.0000000E+00   0.0000000E+00   0.0000000E+00   0.0000000E+00   0.0000000E+00
