   0.0000000E+00   0.0000000E+00   0.0000000E+00   0.0000000E+00   0.0000000E+00   0.0000000E+00   0.0000000E+00   0.0000000E+00   0.0000000E+00   0.0000000E+00   0.0000000E+00   0.0000000E+00   0.0000000E+00   0.0000000E+00   0.0000000E+00   0.0000000E+00   0.0000000E+00   0.0000000E+00   0.0000000E+00   0.0000000E+00   0.0000000E+00   0.0000000E+00   0.0000000E+00   0.0000000E+00   0.0000000E+00   0.0000000E+00   0.0000000E+00   0.0000000E+00   0.0000000E+00   0.0000000E+00   0.0000000E+00   0.0000000E+00   0.0000000E+00   0.0000000E+00   0.0000000E+00   0.0000000E+00   0.0000000E+00   0.0000000E+00   0.0000000E+00   0.0000000E+00   0.0000000E+00   0.0000000E+00   0.0000000E+00   0.0000000E+00   0.0000000E+00   0.0000000E+00   0.0000000E+00   0.0000000E+00   0.0000000E+00   0.0000000E+00   0.0000000E+00   0.0000000E+00   0.0000000E+00   0.0000000E+00   0.0000000E+00   0.0000000E+00   0.0000000E+00   0.0000000E+00   0.0000000E+00   0.0000000E+00   0.0000000E+00   0.0000000E+00   0.0000000E+00   0.0000000E+00   0.0000000E+00   0.0000000E+00   0.0000000E+00   0.0000000E+00   0.0000000E+00   0.0000000E+00   0.0000000E+00   0.0000000E+00   0.0000000E+00   0.0000000E+00   0.0000000E+00   0.0000000E+00   0.0000000E+00   0.0000000E+00   0.0000000E+00   0.0000000E+00   0.0000000E+00   0.0000000E+00   0.0000000E+00   0.0000000E+00   0.0000000E+00   0.0000000E+00   0.0000000E+00   0.0000000E+00   0.0000000E+00   0.0000000E+00   0.0000000E+00   0.0000000E+00   0.0000000E+00   0.0000000E+00   0.0000000E+00   0.0000000E+00   0.0000000E+00   0.0000000E+00   0.0000000E+00   0.0000000E+00
   0.0000000E+00   0.0000000E+00   0.0000000E+00   0.0000000E+00   0.0000000E+00   0.0000000E+00   0.0000000E+00   0.0000000E+00   0.0000000E+00   0.0000000E+00   0.0000000E+00   0.0000000E+00   0.0000000E+00   0.0000000E+00   0.0000000E+00   0.0000000E+00   0.0000000E+00   0.0000000E+00   0.0000000E+00   0.0000000E+00   0.0000000E+00   0.0000000E+00   0.0000000E+00   0.0000000E+00   0.0000000E+00   0.0000000E+00   0.0000000E+00   0.0000000E+00   0.0000000E+00   0.0000000E+00   0.0000000E+00   0.0000000E+00   0.0000000E+00   0.0000000E+00   0.0000000E+00   0.0000000E+00   0.0000000E+00   0.0000000E+00   0.0000000E+00   0.0000000E+00   0.0000000E+00   0.0000000E+00   0.0000000E+00   0.0000000E+00   0.0000000E+00   0.0000000E+00   0.0000000E+00   0.0000000E+00   0.0000000E+00   0.0000000E+00   0.0000000E+00   0.0000000E+00   0.0000000E+00   0.0000000E+00   0.0000000E+00   0.0000000E+00   0.0000000E+00   0.0000000E+00   0.0000000E+00   0.0000000E+00   0.0000000E+00   0.0000000E+00   0.0000000E+00   0.0000000E+00   0.0000000E+00   0.0000000E+00   0.0000000E+00   0.0000000E+00   0.0000000E+00   0.0000000E+00   0.0000000E+00   0.0000000E+00   0.0000000E+00   0.0000000E+00   0.0000000E+00   0.0000000E+00   0.0000000E+00   0.0000000E+00   0.0000000E+00   0.0000000E+00   0.0000000E+00   0.0000000E+00   0.0000000E+00   0.0000000E+00   0.0000000E+00   0.0000000E+00   0.0000000E+00   0.0000000E+00   0.0000000E+00   0.0000000E+00   0.0000000E+00   0.0000000E+00   0.0000000E+00   0.0000000E+00   0.0000000E+00   0.0000000E+00   0.0000000E+00   0.0000000E+00   0.0000000E+00   0.0000000E+00
   0.0000000E+00   0.0000000E+00   0.0000000E+00   0.0000000E+00   0.0000000E+00   0.0000000E+00   0.0000000E+00   0.0000000E+00   0.0000000E+00   0.0000000E+00   0.0000000E+00   0.0000000E+00   0.0000000E+00   0.0000000E+00   0.0000000E+00   0.0000000E+00   0.0000000E+00   0.0000000E+00   0.0000000E+00   0.0000000E+00   0.0000000E+00   0.0000000E+00   0.0000000E+00   0.0000000E+00   0.0000000E+00   0.0000000E+00   0.0000000E+00   0.0000000E+00   0.0000000E+00   0.0000000E+00   0.0000000E+00   0.0000000E+00   0.0000000E+00   0.0000000E+00   0.0000000E+00   0.0000000E+00   0.0000000E+00   0.0000000E+00   0.0000000E+00   0.0000000E+00   0.0000000E+00   0.0000000E+00   0.0000000E+00   0.0000000E+00   0.0000000E+00   0.0000000E+00   0.0000000E+00   0.0000000E+00   0.0000000E+00   0.0000000E+00   0.0000000E+00   0.0000000E+00   0.0000000E+00   0.0000000E+00   0.0000000E+00   0.0000000E+00   0.0000000E+00   0.0000000E+00   0.0000000E+00   0.0000000E+00   0.0000000E+00   0.0000000E+00   0.0000000E+00   0.0000000E+00   0.0000000E+00   0.0000000E+00   0.0000000E+00   0.0000000E+00   0.0000000E+00   0.0000000E+00   0.0000000E+00   0.0000000E+00   0.0000000E+00   0.0000000E+00   0.0000000E+00   0.0000000E+00   0.0000000E+00   0.0000000E+00   0.0000000E+00   0.0000000E+00   0.0000000E+00   0.0000000E+00   0.0000000E+00   0.0000000E+00   0.0000000E+00   0.0000000E+00   0.0000000E+00   0.0000000E+00   0.0000000E+00   0.0000000E+00   0.0000000E+00   0.0000000E+00   0.0000000E+00   0.0000000E+00   0.0000000E+00   0.0000000E+00   0.0000000E+00   0.0000000E+00   0.0000000E+00   0.0000000E+00
   0.0000000E+00   0.0000000E+00   0.0000000E+00   0.0000000E+00   0.0000000E+00   0.0000000E+00   0.0000000E+00   0.0000000E+00   0.0000000E+00   0.0000000E+00   0.0000000E+00   0.0000000E+00   0.0000000E+00   0.0000000E+00   0.0000000E+00   0.0000000E+00   0.0000000E+00   0.0000000E+00   0.0000000E+00   0.0000000E+00   0.0000000E+00   0.0000000E+00   0.0000000E+00   0.0000000E+00   0.0000000E+00   0.0000000E+00   0.0000000E+00   0.0000000E+00   0.0000000E+00   0.0000000E+00   0.0000000E+00   0.0000000E+00   0.0000000E+00   0.0000000E+00   0.0000000E+00   0.0000000E+00   0.0000000E+00   0.0000000E+00   0.0000000E+00   0.0000000E+00   0.0000000E+00   0.0000000E+00   0.0000000E+00   0.0000000E+00   0.0000000E+00   0.0000000E+00   0.0000000E+00   0.0000000E+00   0.0000000E+00   0.0000000E+00   0.0000000E+00   0.0000000E+00   0.0000000E+00   0.0000000E+00   0.0000000E+00   0.0000000E+00   0.0000000E+00   0.0000000E+00   0.0000000E+00   0.0000000E+00   0.0000000E+00   0.0000000E+00   0.0000000E+00   0.0000000E+00   0.0000000E+00   0.0000000E+00   0.0000000E+00   3.4111698E-12   1.8277183E-12   2.8631960E-12   4.5061463E-12   7.1256664E-12   1.1323050E-11   1.8082917E-11   2.9025986E-11   4.6834054E-11   7.5968072E-11   1.2388769E-10   2.0313266E-10   3.3489228E-10   5.5515537E-10   9.2535357E-10   1.5508577E-09   2.6132421E-09   4.4267581E-09   7.5374542E-09   1.2897513E-08   2.2172090E-08   3.8251112E-08   6.3842180E-08   3.6472281E-09  -1.3379077E-08  -1.3700175E-08  -1.4648442E-08  -4.1194699E-08  -1.7985895E-08  -1.8738893E-08  -1.9783117E-08  -3.4666868E-08   0.0000000E+00
   0.0000000E+00   0.0000000E+00   0.0000000E+00   0.0000000E+00   0.0000000E+00   0.0000000E+00   0.0000000E+00   0.0000000E+00   0.0000000E+00   0.0000000E+00   0.0000000E+00   0.0000000E+00   0.0000000E+00   0.0000000E+00   0.0000000E+00   0.0000000E+00   0.0000000E+00   0.0000000E+00   0.0000000E+00   0.0000000E+00   0.0000000E+00   0.0000000E+00   0.0000000E+00   0.0000000E+00   0.0000000E+00   0.0000000E+00   0.0000000E+00   0.0000000E+00   0.0000000E+00   0.0000000E+00   0.0000000E+00   0.0000000E+00   0.0000000E+00   0.0000000E+00   0.0000000E+00   0.0000000E+00   0.0000000E+00   0.0000000E+00   0.0000000E+00   0.0000000E+00   0.0000000E+00   0.0000000E+00   0.0000000E+00   0.0000000E+00   0.0000000E+00   0.0000000E+00   0.0000000E+00   0.0000000E+00   0.0000000E+00   0.0000000E+00   0.0000000E+00   0.0000000E+00   0.0000000E+00   0.0000000E+00   0.0000000E+00   0.0000000E+00   0.0000000E+00   0.0000000E+00   0.0000000E+00   0.0000000E+00   0.0000000E+00   0.0000000E+00   0.0000000E+00   0.0000000E+00   0.0000000E+00   3.5776343E-12   6.0517611E-12   4.8465715E-12   7.8715099E-12   1.2336319E-11   1.9416097E-11   3.0692834E-11   4.8736928E-11   7.7744436E-11   1.2459768E-10   2.0063812E-10   3.2464215E-10   5.2783466E-10   8.6236079E-10   1.4156263E-09   2.3345645E-09   3.8665324E-09   6.4274612E-09   1.0712603E-08   1.7866627E-08   2.9710442E-08   4.8917155E-08   7.8606575E-08   1.1894556E-07   1.4019210E-07  -3.9224897E-08  -4.4346482E-08  -5.6264756E-08  -1.7936452E-07  -8.7030202E-08  -1.7994509E-08  -1.8824611E-08  -2.0506498E-08  -3.3158312E-08   0.0000000E+00
   0.0000000E+00   0.0000000E+00   0.0000000E+00   0.0000000E+00   0.0000000E+00   0.0000000E+00   0.0000000E+00   0.0000000E+00   0.0000000E+00   0.0000000E+00   0.0000000E+00   0.0000000E+00   0.0000000E+00   0.0000000E+00   0.0000000E+00   0.0000000E+00   0.0000000E+00   0.0000000E+00   0.0000000E+00   0.0000000E+00   0.0000000E+00   0.0000000E+00   0.0000000E+00   0.0000000E+00   0.0000000E+00   0.0000000E+00   0.0000000E+00   0.0000000E+00   0.0000000E+00   0.0000000E+00   0.0000000E+00   0.0000000E+00   0.0000000E+00   0.0000000E+00   0.0000000E+00   0.0000000E+00   0.0000000E+00   0.0000000E+00   0.0000000E+00   0.0000000E+00   0.0000000E+00   0.0000000E+00   0.0000000E+00   0.0000000E+00   0.0000000E+00   0.0000000E+00   0.0000000E+00   0.0000000E+00   0.0000000E+00   0.0000000E+00   0.0000000E+00   0.0000000E+00   0.0000000E+00   0.0000000E+00   0.0000000E+00   0.0000000E+00   0.0000000E+00   0.0000000E+00   0.0000000E+00   0.0000000E+00   0.0000000E+00   0.0000000E+00   0.0000000E+00   3.0312497E-12   5.8217723E-12   4.8852758E-12   1.4161655E-11   1.4608287E-11   2.3303980E-11   3.6533582E-11   5.7494121E-11   9.0837934E-11   1.4409983E-10   2.2953404E-10   3.6715236E-10   5.8976596E-10   9.5137587E-10   1.5411602E-09   2.5067954E-09   4.0932320E-09   6.7066570E-09   1.1018161E-08   1.8125581E-08   2.9786072E-08   4.8683393E-08   7.8499312E-08   1.2291940E-07   1.8088386E-07   2.3074307E-07   1.8080731E-07  -9.8048154E-08  -1.0172780E-07  -1.5743072E-07  -4.4756038E-07  -9.4033311E-08  -1.8022076E-08  -1.8931505E-08  -2.1078129E-08  -3.1617390E-08   0.0000000E+00
   0.0000000E+00   0.0000000E+00   0.0000000E+00   0.0000000E+00   0.0000000E+00   0.0000000E+00   0.0000000E+00   0.0000000E+00   0.0000000E+00   0.0000000E+00   0.0000000E+00   0.0000000E+00   0.0000000E+00   0.0000000E+00   0.0000000E+00   0.0000000E+00   0.0000000E+00   0.0000000E+00   0.0000000E+00   0.0000000E+00   0.0000000E+00   0.0000000E+00   0.0000000E+00   0.0000000E+00   0.0000000E+00   0.0000000E+00   0.0000000E+00   0.0000000E+00   0.0000000E+00   0.0000000E+00   0.0000000E+00   0.0000000E+00   0.0000000E+00   0.0000000E+00   0.0000000E+00   0.0000000E+00   0.0000000E+00   0.0000000E+00   0.0000000E+00   0.0000000E+00   0.0000000E+00   0.0000000E+00   0.0000000E+00   0.0000000E+00   0.0000000E+00   0.0000000E+00   0.0000000E+00   0.0000000E+00   0.0000000E+00   0.0000000E+00   0.0000000E+00   0.0000000E+00   0.0000000E+00   0.0000000E+00   0.0000000E+00   0.0000000E+00   0.0000000E+00   0.0000000E+00   0.0000000E+00   0.0000000E+00   0.0000000E+00   0.0000000E+00   3.6745385E-12   7.6053963E-12   1.2852812E-11   1.3846049E-11   3.1229446E-11   3.6955154E-11   5.8505999E-11   9.1734800E-11   1.4432723E-10   2.2786550E-10   3.6104050E-10   5.7412203E-10   9.1629992E-10   1.4677650E-09   2.3596081E-09   3.8065777E-09   6.1607928E-09   9.9990221E-09   1.6261808E-08   2.6466738E-08   4.3008757E-08   6.9498668E-08   1.1086185E-07   1.7223078E-07   2.5393720E-07   3.3717794E-07   3.5761190E-07   1.9490696E-07  -1.8986789E-07  -1.9646954E-07  -3.6837699E-07  -7.8720984E-07  -1.0306842E-07  -1.8059911E-08  -1.9049187E-08  -2.1515648E-08  -3.0096228E-08   0.0000000E+00
   0.0000000E+00   0.0000000E+00   0.0000000E+00   0.0000000E+00   0.0000000E+00   0.0000000E+00   0.0000000E+00   0.0000000E+00   0.0000000E+00   0.0000000E+00   0.0000000E+00   0.0000000E+00   0.0000000E+00   0.0000000E+00   0.0000000E+00   0.0000000E+00   0.0000000E+00   0.0000000E+00   0.0000000E+00   0.0000000E+00   0.0000000E+00   0.0000000E+00   0.0000000E+00   0.0000000E+00   0.0000000E+00   0.0000000E+00   0.0000000E+00   0.0000000E+00   0.0000000E+00   0.0000000E+00   0.0000000E+00   0.0000000E+00   0.0000000E+00   0.0000000E+00   0.0000000E+00   0.0000000E+00   0.0000000E+00   0.0000000E+00   0.0000000E+00   0.0000000E+00   0.0000000E+00   0.0000000E+00   0.0000000E+00   0.0000000E+00   0.0000000E+00   0.0000000E+00   0.0000000E+00   0.0000000E+00   0.0000000E+00   0.0000000E+00   0.0000000E+00   0.0000000E+00   0.0000000E+00   0.0000000E+00   0.0000000E+00   0.0000000E+00   0.0000000E+00   0.0000000E+00   0.0000000E+00   0.0000000E+00   2.7216551E-12   1.5751439E-12   9.1459314E-12   1.6869716E-11   2.7107610E-11   3.3477162E-11   6.5859859E-11   8.4822316E-11   1.3375556E-10   2.0973032E-10   3.2983330E-10   5.2028232E-10   8.2321905E-10   1.3065764E-09   2.0801527E-09   3.3218099E-09   5.3201208E-09   8.5435099E-09   1.3751324E-08   2.2169029E-08   3.5754734E-08   5.7575075E-08   9.2245443E-08   1.4615956E-07   2.2655976E-07   3.3689801E-07   4.6342063E-07   5.4996161E-07   4.8645393E-07   1.8164801E-07  -3.3922242E-07  -3.8021551E-07  -7.2646878E-07  -1.2101268E-06  -1.0567710E-07  -1.8103886E-08  -1.9171063E-08  -2.1835922E-08  -2.8619692E-08   0.0000000E+00
   0.0000000E+00   0.0000000E+00   0.0000000E+00   0.0000000E+00   0.0000000E+00   0.0000000E+00   0.0000000E+00   0.0000000E+00   0.0000000E+00   0.0000000E+00   0.0000000E+00   0.0000000E+00   0.0000000E+00   0.0000000E+00   0.0000000E+00   0.0000000E+00   0.0000000E+00   0.0000000E+00   0.0000000E+00   0.0000000E+00   0.0000000E+00   0.0000000E+00   0.0000000E+00   0.0000000E+00   0.0000000E+00   0.0000000E+00   0.0000000E+00   0.0000000E+00   0.0000000E+00   0.0000000E+00   0.0000000E+00   0.0000000E+00   0.0000000E+00   0.0000000E+00   0.0000000E+00   0.0000000E+00   0.0000000E+00   0.0000000E+00   0.0000000E+00   0.0000000E+00   0.0000000E+00   0.0000000E+00   0.0000000E+00   0.0000000E+00   0.0000000E+00   0.0000000E+00   0.0000000E+00   0.0000000E+00   0.0000000E+00   0.0000000E+00   0.0000000E+00   0.0000000E+00   0.0000000E+00   0.0000000E+00   0.0000000E+00   0.0000000E+00   0.0000000E+00   0.0000000E+00   0.0000000E+00   3.2720168E-12   6.3464191E-12   6.0201909E-12   2.0166865E-11   3.5349213E-11   5.5727537E-11   1.0346039E-10   1.0953850E-09   4.3538831E-10   6.0630434E-10   8.5271001E-10   1.2150331E-09   1.7528050E-09   2.5190017E-09   3.5743397E-09   5.4949805E-09   8.3400939E-09   1.2801820E-08   1.9846215E-08   3.1172736E-08   4.8950060E-08   5.7266664E-08   1.1724721E-07   1.8480110E-07   2.8615898E-07   4.2892066E-07   6.0631169E-07   7.7190526E-07   8.1538855E-07   6.0725176E-07   1.2363097E-07  -5.8008675E-07  -7.0385693E-07  -1.3084870E-06  -1.7057230E-06  -1.0553157E-07  -1.8151821E-08  -1.9292294E-08  -2.2053777E-08  -2.7199958E-08   0.0000000E+00
   0.0000000E+00   0.0000000E+00   0.0000000E+00   0.0000000E+00   0.0000000E+00   0.0000000E+00   0.0000000E+00   0.0000000E+00   0.0000000E+00   0.0000000E+00   0.0000000E+00   0.0000000E+00   0.0000000E+00   0.0000000E+00   0.0000000E+00   0.0000000E+00   0.0000000E+00   0.0000000E+00   0.0000000E+00   0.0000000E+00   0.0000000E+00   0.0000000E+00   0.0000000E+00   0.0000000E+00   0.0000000E+00   0.0000000E+00   0.0000000E+00   0.0000000E+00   0.0000000E+00   0.0000000E+00   0.0000000E+00   0.0000000E+00   0.0000000E+00   0.0000000E+00   0.0000000E+00   0.0000000E+00   0.0000000E+00   0.0000000E+00   0.0000000E+00   0.0000000E+00   0.0000000E+00   0.0000000E+00   0.0000000E+00   0.0000000E+00   0.0000000E+00   0.0000000E+00   0.0000000E+00   0.0000000E+00   0.0000000E+00   0.0000000E+00   0.0000000E+00   0.0000000E+00   0.0000000E+00   0.0000000E+00   0.0000000E+00   0.0000000E+00   7.3405405E-12   1.9019677E-10   5.5892072E-11   7.6623388E-11   8.8968069E-11   1.2437611E-10   1.7895846E-10   2.4654537E-10   3.4134798E-10   6.0854044E-10   2.0817188E-09   1.2461114E-09   1.6861074E-09   2.3029034E-09   3.1825282E-09   4.4439905E-09   6.1843486E-09   8.9276364E-09   1.2927429E-08   1.9089301E-08   2.8556521E-08   4.3222752E-08   6.6066434E-08   9.9038083E-08   1.2753883E-07   2.3441896E-07   3.5735363E-07   4.9356095E-07   7.4872679E-07   1.0197455E-06   1.1937624E-06   1.1224932E-06   7.0539119E-07  -1.3839601E-08  -9.6314841E-07  -1.2524976E-06  -2.1992969E-06  -2.2534402E-06  -1.0304853E-07  -1.8202410E-08  -1.9409057E-08  -2.2182029E-08  -2.5842608E-08   0.0000000E+00
   0.0000000E+00   0.0000000E+00   0.0000000E+00   0.0000000E+00   0.0000000E+00   0.0000000E+00   0.0000000E+00   0.0000000E+00   0.0000000E+00   0.0000000E+00   0.0000000E+00   0.0000000E+00   0.0000000E+00   0.0000000E+00   0.0000000E+00   0.0000000E+00   0.0000000E+00   0.0000000E+00   0.0000000E+00   0.0000000E+00   0.0000000E+00   0.0000000E+00   0.0000000E+00   0.0000000E+00   0.0000000E+00   0.0000000E+00   0.0000000E+00   0.0000000E+00   0.0000000E+00   0.0000000E+00   0.0000000E+00   0.0000000E+00   0.0000000E+00   0.0000000E+00   0.0000000E+00   0.0000000E+00   0.0000000E+00   0.0000000E+00   0.0000000E+00   0.0000000E+00   0.0000000E+00   0.0000000E+00   0.0000000E+00   0.0000000E+00   0.0000000E+00   0.0000000E+00   0.0000000E+00   0.0000000E+00   0.0000000E+00   0.0000000E+00   0.0000000E+00   2.2868014E-12   8.9086259E-11   2.8437048E-11   3.5630967E-11   4.6716513E-11   9.4280021E-11   3.4795031E-10   1.8776337E-10   2.5053640E-10   2.9203795E-10   4.1115661E-10   5.6036431E-10   7.4889062E-10   1.0283128E-09   1.7293670E-09   3.8630321E-09   2.9769034E-09   3.9757744E-09   5.3537357E-09   7.2825830E-09   9.9929940E-09   1.3767827E-08   1.9910697E-08   2.7945861E-08   4.0538385E-08   5.9570116E-08   8.8525866E-08   1.3214763E-07   1.9220344E-07   2.6004278E-07   4.4326131E-07   6.5125772E-07   8.8587183E-07   1.2163180E-06   1.5744855E-06   1.7305310E-06   1.4550393E-06   7.6029653E-07  -2.8660671E-07  -1.5716842E-06  -2.1335286E-06  -3.4869781E-06  -2.8203724E-06  -9.9379363E-08  -1.8254749E-08  -1.9518236E-08  -2.2231749E-08  -2.4549507E-08   0.0000000E+00
   0.0000000E+00   0.0000000E+00   0.0000000E+00   0.0000000E+00   0.0000000E+00   0.0000000E+00   0.0000000E+00   0.0000000E+00   0.0000000E+00   0.0000000E+00   0.0000000E+00   0.0000000E+00   0.0000000E+00   0.0000000E+00   0.0000000E+00   0.0000000E+00   0.0000000E+00   0.0000000E+00   0.0000000E+00   0.0000000E+00   0.0000000E+00   0.0000000E+00   0.0000000E+00   0.0000000E+00   0.0000000E+00   0.0000000E+00   0.0000000E+00   0.0000000E+00   0.0000000E+00   0.0000000E+00   0.0000000E+00   0.0000000E+00   0.0000000E+00   0.0000000E+00   0.0000000E+00   0.0000000E+00   0.0000000E+00   0.0000000E+00   0.0000000E+00   0.0000000E+00   0.0000000E+00   0.0000000E+00   0.0000000E+00   0.0000000E+00   0.0000000E+00   0.0000000E+00   0.0000000E+00   0.0000000E+00   0.0000000E+00   2.2890995E-12   8.6922178E-11   4.2629376E-11   1.5953068E-10   9.3052586E-11   1.1848802E-10   1.6012501E-10   2.8221744E-10   6.3854555E-10   4.7418242E-10   6.2383554E-10   7.5598461E-10   1.0429899E-09   1.3950749E-09   1.8481077E-09   2.5365079E-09   4.0355888E-09   7.1557702E-09   6.5205867E-09   8.6371639E-09   1.1523200E-08   1.5508244E-08   2.1042529E-08   2.8850465E-08   4.1140868E-08   5.7003092E-08   8.1567109E-08   1.1815496E-07   1.7282250E-07   2.5279647E-07   3.6042724E-07   4.9859318E-07   8.0046919E-07   1.1317543E-06   1.4133434E-06   2.0372811E-06   2.2436029E-06   2.3694836E-06   1.7819119E-06   7.1044400E-07  -7.7012521E-07  -2.4985736E-06  -3.5029616E-06  -5.2429077E-06  -3.3659685E-06  -9.5181328E-08  -1.8308084E-08  -1.9617259E-08  -2.2212570E-08  -2.3320414E-08   0.0000000E+00
   0.0000000E+00   0.0000000E+00   0.0000000E+00   0.0000000E+00   0.0000000E+00   0.0000000E+00   0.0000000E+00   0.0000000E+00   0.0000000E+00   0.0000000E+00   0.0000000E+00   0.0000000E+00   0.0000000E+00   0.0000000E+00   0.0000000E+00   0.0000000E+00   0.0000000E+00   0.0000000E+00   0.0000000E+00   0.0000000E+00   0.0000000E+00   0.0000000E+00   0.0000000E+00   0.0000000E+00   0.0000000E+00   0.0000000E+00   0.0000000E+00   0.0000000E+00   0.0000000E+00   0.0000000E+00   0.0000000E+00   0.0000000E+00   0.0000000E+00   0.0000000E+00   0.0000000E+00   0.0000000E+00   0.0000000E+00   0.0000000E+00   0.0000000E+00   0.0000000E+00   0.0000000E+00   0.0000000E+00   0.0000000E+00   0.0000000E+00   0.0000000E+00   0.0000000E+00   0.0000000E+00   0.0000000E+00   0.0000000E+00   2.2117199E-11   2.6403216E-10   1.2544270E-10   2.8997413E-10   2.2886579E-10   2.9679342E-10   4.0787670E-10   6.6578065E-10   1.1806892E-09   1.0694191E-09   1.3984852E-09   1.7544644E-09   2.3695303E-09   3.1399159E-09   4.1469090E-09   5.6779639E-09   8.5938598E-09   1.3278942E-08   1.3569221E-08   1.7857673E-08   2.3647438E-08   3.1553594E-08   4.2448914E-08   5.7861012E-08   8.0993630E-08   1.1151575E-07   1.5764762E-07   2.2537385E-07   3.2466789E-07   4.6620130E-07   6.5435324E-07   9.0890200E-07   1.3842633E-06   1.8766144E-06   2.3141763E-06   2.9477296E-06   3.1148056E-06   3.0774518E-06   2.0594705E-06   4.8369452E-07  -1.5624020E-06  -3.8817798E-06  -5.5466357E-06  -7.4853288E-06  -3.8486141E-06  -9.0825480E-08  -1.8361705E-08  -1.9704018E-08  -2.2132935E-08  -2.2153854E-08   0.0000000E+00
   0.0000000E+00   0.0000000E+00   0.0000000E+00   0.0000000E+00   0.0000000E+00   0.0000000E+00   0.0000000E+00   0.0000000E+00   0.0000000E+00   0.0000000E+00   0.0000000E+00   0.0000000E+00   0.0000000E+00   0.0000000E+00   0.0000000E+00   0.0000000E+00   0.0000000E+00   0.0000000E+00   0.0000000E+00   0.0000000E+00   0.0000000E+00   0.0000000E+00   0.0000000E+00   0.0000000E+00   0.0000000E+00   0.0000000E+00   0.0000000E+00   0.0000000E+00   0.0000000E+00   0.0000000E+00   0.0000000E+00   0.0000000E+00   0.0000000E+00   0.0000000E+00   0.0000000E+00   0.0000000E+00   0.0000000E+00   0.0000000E+00   0.0000000E+00   0.0000000E+00   0.0000000E+00   0.0000000E+00   0.0000000E+00   0.0000000E+00   0.0000000E+00   0.0000000E+00   0.0000000E+00   0.0000000E+00   1.2343266E-12   7.7907084E-11   6.0980943E-10   2.9189900E-10   5.3030563E-10   5.0432264E-10   6.6483602E-10   9.2147734E-10   1.4224643E-09   2.2010493E-09   2.2720668E-09   2.9680476E-09   3.8046721E-09   5.0636104E-09   6.6721837E-09   8.7974543E-09   1.1976475E-08   1.7359598E-08   2.4661174E-08   2.7245514E-08   3.5641275E-08   4.6871076E-08   6.2055456E-08   8.2834340E-08   1.1202487E-07   1.5415306E-07   2.1095741E-07   2.9467012E-07   4.1565366E-07   5.8940935E-07   8.3094523E-07   1.1479933E-06   1.5798119E-06   2.2893200E-06   2.9678913E-06   3.3821509E-06   4.3247828E-06   3.9944994E-06   3.7939024E-06   2.1986066E-06  -3.0144573E-08  -2.7838894E-06  -5.8722162E-06  -8.4414278E-06  -1.0171906E-05  -4.2446995E-06  -8.6513758E-08  -1.8414898E-08  -1.9776802E-08  -2.2000302E-08  -2.1047663E-08   0.0000000E+00
   0.0000000E+00   0.0000000E+00   0.0000000E+00   0.0000000E+00   0.0000000E+00   0.0000000E+00   0.0000000E+00   0.0000000E+00   0.0000000E+00   0.0000000E+00   0.0000000E+00   0.0000000E+00   0.0000000E+00   0.0000000E+00   0.0000000E+00   0.0000000E+00   0.0000000E+00   0.0000000E+00   0.0000000E+00   0.0000000E+00   0.0000000E+00   0.0000000E+00   0.0000000E+00   0.0000000E+00   0.0000000E+00   0.0000000E+00   0.0000000E+00   0.0000000E+00   0.0000000E+00   0.0000000E+00   0.0000000E+00   0.0000000E+00   0.0000000E+00   0.0000000E+00   0.0000000E+00   0.0000000E+00   0.0000000E+00   0.0000000E+00   0.0000000E+00   0.0000000E+00   0.0000000E+00   0.0000000E+00   0.0000000E+00   0.0000000E+00   0.0000000E+00   0.0000000E+00   0.0000000E+00   0.0000000E+00   1.9583569E-11   2.0054759E-10   1.2605389E-09   6.1540018E-10   9.7699049E-10   1.0511264E-09   1.4036432E-09   1.9499440E-09   2.8834544E-09   4.1277075E-09   4.6487130E-09   6.0774998E-09   7.8740579E-09   1.0387160E-08   1.3628647E-08   1.7929858E-08   2.4194863E-08   3.3815581E-08   4.5636746E-08   5.3089416E-08   6.9014497E-08   9.0117204E-08   1.1838119E-07   1.5674698E-07   2.0998932E-07   2.8474983E-07   3.8653403E-07   5.3309765E-07   7.4113842E-07   1.0330482E-06   1.4279658E-06   1.9360566E-06   2.6119064E-06   3.6028464E-06   4.4434955E-06   4.9126606E-06   5.5870505E-06   4.9857690E-06   4.4308399E-06   2.0790105E-06  -9.6417830E-07  -4.5479842E-06  -8.6275986E-06  -1.2332154E-05  -1.3211305E-05  -4.4956337E-06  -8.2351271E-08  -1.8466929E-08  -1.9834271E-08  -2.1821293E-08  -1.9999312E-08   0.0000000E+00
   0.0000000E+00   0.0000000E+00   0.0000000E+00   0.0000000E+00   0.0000000E+00   0.0000000E+00   0.0000000E+00   0.0000000E+00   0.0000000E+00   0.0000000E+00   0.0000000E+00   0.0000000E+00   0.0000000E+00   0.0000000E+00   0.0000000E+00   0.0000000E+00   0.0000000E+00   0.0000000E+00   0.0000000E+00   0.0000000E+00   0.0000000E+00   0.0000000E+00   0.0000000E+00   0.0000000E+00   0.0000000E+00   0.0000000E+00   0.0000000E+00   0.0000000E+00   0.0000000E+00   0.0000000E+00   0.0000000E+00   0.0000000E+00   0.0000000E+00   0.0000000E+00   0.0000000E+00   0.0000000E+00   0.0000000E+00   0.0000000E+00   0.0000000E+00   0.0000000E+00   0.0000000E+00   0.0000000E+00   0.0000000E+00   0.0000000E+00   0.0000000E+00   0.0000000E+00   0.0000000E+00   1.1633347E-12   6.6608198E-11   4.6677584E-10   2.4650590E-09   1.2308742E-09   1.8108567E-09   2.1176882E-09   2.8531038E-09   3.9545882E-09   5.6563003E-09   7.7507183E-09   9.2421431E-09   1.2087088E-08   1.5718452E-08   2.0608583E-08   2.6920969E-08   3.5277601E-08   4.7071179E-08   6.3834392E-08   8.3482796E-08   1.0027782E-07   1.2943721E-07   1.6770129E-07   2.1844633E-07   2.8665369E-07   3.7994278E-07   5.0835200E-07   6.8292894E-07   9.2879117E-07   1.2705262E-06   1.7373125E-06   2.3491511E-06   3.1123207E-06   4.0827317E-06   5.3610297E-06   6.2703693E-06   6.3882726E-06   7.2319185E-06   5.8032110E-06   4.8354091E-06   1.5338809E-06  -2.4220774E-06  -6.9477269E-06  -1.2267296E-05  -1.7250812E-05  -1.6371634E-05  -4.6351520E-06  -7.8388688E-08  -1.8517049E-08  -1.9875406E-08  -2.1601824E-08  -1.9006105E-08   0.0000000E+00
   0.0000000E+00   0.0000000E+00   0.0000000E+00   0.0000000E+00   0.0000000E+00   0.0000000E+00   0.0000000E+00   0.0000000E+00   0.0000000E+00   0.0000000E+00   0.0000000E+00   0.0000000E+00   0.0000000E+00   0.0000000E+00   0.0000000E+00   0.0000000E+00   0.0000000E+00   0.0000000E+00   0.0000000E+00   0.0000000E+00   0.0000000E+00   0.0000000E+00   0.0000000E+00   0.0000000E+00   0.0000000E+00   0.0000000E+00   0.0000000E+00   0.0000000E+00   0.0000000E+00   0.0000000E+00   0.0000000E+00   0.0000000E+00   0.0000000E+00   0.0000000E+00   0.0000000E+00   0.0000000E+00   0.0000000E+00   0.0000000E+00   0.0000000E+00   0.0000000E+00   0.0000000E+00   0.0000000E+00   0.0000000E+00   0.0000000E+00   0.0000000E+00   0.0000000E+00   0.0000000E+00   1.8338556E-11   1.7020559E-10   1.0033478E-09   4.6724633E-09   2.3842324E-09   3.3644278E-09   4.1596375E-09   5.6309171E-09   7.7607805E-09   1.0816257E-08   1.4463912E-08   1.7870491E-08   2.3333978E-08   3.0317469E-08   3.9502819E-08   5.1302578E-08   6.6793085E-08   8.7950241E-08   1.1631954E-07   1.4906938E-07   1.8218233E-07   2.3318459E-07   2.9940338E-07   3.8626735E-07   5.0164357E-07   6.5697111E-07   8.6718637E-07   1.1505655E-06   1.5406512E-06   2.0700372E-06   2.7715851E-06   3.6582592E-06   4.7198087E-06   5.9932518E-06   7.5064368E-06   8.3101686E-06   8.1229828E-06   8.4849335E-06   6.5414088E-06   4.8111715E-06   4.1843754E-07  -4.4806829E-06  -9.9923163E-06  -1.6807036E-05  -2.3087496E-05  -1.9443130E-05  -4.6230020E-06  -7.4646522E-08  -1.8564501E-08  -1.9899490E-08  -2.1347203E-08  -1.8065295E-08   0.0000000E+00
   0.0000000E+00   0.0000000E+00   0.0000000E+00   0.0000000E+00   0.0000000E+00   0.0000000E+00   0.0000000E+00   0.0000000E+00   0.0000000E+00   0.0000000E+00   0.0000000E+00   0.0000000E+00   0.0000000E+00   0.0000000E+00   0.0000000E+00   0.0000000E+00   0.0000000E+00   0.0000000E+00   0.0000000E+00   0.0000000E+00   0.0000000E+00   0.0000000E+00   0.0000000E+00   0.0000000E+00   0.0000000E+00   0.0000000E+00   0.0000000E+00   0.0000000E+00   0.0000000E+00   0.0000000E+00   0.0000000E+00   0.0000000E+00   0.0000000E+00   0.0000000E+00   0.0000000E+00   0.0000000E+00   0.0000000E+00   0.0000000E+00   0.0000000E+00   0.0000000E+00   0.0000000E+00   0.0000000E+00   0.0000000E+00   0.0000000E+00   0.0000000E+00   0.0000000E+00   2.1493900E-12   6.0053233E-11   4.0195683E-10   2.0414093E-09   8.6837506E-09   4.5123909E-09   6.2269061E-09   7.9741342E-09   1.0798476E-08   1.4754684E-08   2.0134854E-08   2.6524987E-08   3.3405165E-08   4.3409720E-08   5.6121372E-08   7.2516805E-08   9.3388195E-08   1.2041851E-07   1.5618612E-07   2.0214065E-07   2.5514345E-07   3.1360591E-07   3.9718662E-07   5.0436324E-07   6.4314503E-07   8.2484212E-07   1.0653279E-06   1.3857393E-06   1.8127894E-06   2.3875868E-06   3.1495149E-06   4.1301805E-06   5.3265976E-06   6.6999910E-06   8.2530678E-06   9.9266499E-06   1.0447570E-05   9.5735895E-06   9.9086847E-06   6.8259578E-06   4.1408011E-06  -1.3427294E-06  -7.0663982E-06  -1.3599971E-05  -2.2141487E-05  -2.9525130E-05  -2.2132270E-05  -4.5199363E-06  -7.1128788E-08  -1.8608537E-08  -1.9906061E-08  -2.1062194E-08  -1.7174168E-08   0.0000000E+00
   0.0000000E+00   0.0000000E+00   0.0000000E+00   0.0000000E+00   0.0000000E+00   0.0000000E+00   0.0000000E+00   0.0000000E+00   0.0000000E+00   0.0000000E+00   0.0000000E+00   0.0000000E+00   0.0000000E+00   0.0000000E+00   0.0000000E+00   0.0000000E+00   0.0000000E+00   0.0000000E+00   0.0000000E+00   0.0000000E+00   0.0000000E+00   0.0000000E+00   0.0000000E+00   0.0000000E+00   0.0000000E+00   0.0000000E+00   0.0000000E+00   0.0000000E+00   0.0000000E+00   0.0000000E+00   0.0000000E+00   0.0000000E+00   0.0000000E+00   0.0000000E+00   0.0000000E+00   0.0000000E+00   0.0000000E+00   0.0000000E+00   0.0000000E+00   0.0000000E+00   0.0000000E+00   0.0000000E+00   0.0000000E+00   0.0000000E+00   0.0000000E+00   0.0000000E+00   1.9168171E-11   1.5345206E-10   8.7792451E-10   3.9858961E-09   1.5886805E-08   8.3505336E-09   1.1372154E-08   1.4842716E-08   2.0005411E-08   2.7008676E-08   3.6162032E-08   4.7055273E-08   5.9620099E-08   7.6779536E-08   9.8320861E-08   1.2554682E-07   1.5973450E-07   2.0320313E-07   2.5899865E-07   3.2838398E-07   4.0833478E-07   4.9948324E-07   6.2348477E-07   7.7990421E-07   9.7914040E-07   1.2356156E-06   1.5696683E-06   2.0104158E-06   2.5946811E-06   3.3707013E-06   4.3876971E-06   5.6775798E-06   7.2216635E-06   8.9480700E-06   1.0805667E-05   1.2606661E-05   1.2687021E-05   1.1185461E-05   1.0729330E-05   6.6526359E-06   2.7143019E-06  -3.6691654E-06  -1.0041132E-05  -1.7560196E-05  -2.7985216E-05  -3.6109570E-05  -2.4233885E-05  -4.3279351E-06  -6.7830726E-08  -1.8648427E-08  -1.9894891E-08  -2.0751088E-08  -1.6330079E-08   0.0000000E+00
   0.0000000E+00   0.0000000E+00   0.0000000E+00   0.0000000E+00   0.0000000E+00   0.0000000E+00   0.0000000E+00   0.0000000E+00   0.0000000E+00   0.0000000E+00   0.0000000E+00   0.0000000E+00   0.0000000E+00   0.0000000E+00   0.0000000E+00   0.0000000E+00   0.0000000E+00   0.0000000E+00   0.0000000E+00   0.0000000E+00   0.0000000E+00   0.0000000E+00   0.0000000E+00   0.0000000E+00   0.0000000E+00   0.0000000E+00   0.0000000E+00   0.0000000E+00   0.0000000E+00   0.0000000E+00   0.0000000E+00   0.0000000E+00   0.0000000E+00   0.0000000E+00   0.0000000E+00   0.0000000E+00   0.0000000E+00   0.0000000E+00   0.0000000E+00   0.0000000E+00   0.0000000E+00   0.0000000E+00   0.0000000E+00   0.0000000E+00   0.0000000E+00   3.7443521E-12   5.8118874E-11   3.6360523E-10   1.8028730E-09   7.5173689E-09   2.8548897E-08   1.5015338E-08   2.0219389E-08   2.6535163E-08   3.5388862E-08   4.7016275E-08   6.1726382E-08   7.9201619E-08   9.9867648E-08   1.2680309E-07   1.5994260E-07   2.0066796E-07   2.5071836E-07   3.1282985E-07   3.8995867E-07   4.8289291E-07   5.8825930E-07   7.0647906E-07   8.6205671E-07   1.0542750E-06   1.2953958E-06   1.6031973E-06   2.0052216E-06   2.5458123E-06   3.2789517E-06   4.2668375E-06   5.5818873E-06   7.2665462E-06   9.2888658E-06   1.1520178E-05   1.3793398E-05   1.5683705E-05   1.5141837E-05   1.2635402E-05   1.1145708E-05   5.7237175E-06   6.0161659E-07  -6.3398238E-06  -1.3100509E-05  -2.1620985E-05  -3.3970082E-05  -4.2285144E-05  -2.5605776E-05  -4.0776681E-06  -6.4743098E-08  -1.8683483E-08  -1.9865960E-08  -2.0417747E-08  -1.5530482E-08   0.0000000E+00
   0.0000000E+00   0.0000000E+00   0.0000000E+00   0.0000000E+00   0.0000000E+00   0.0000000E+00   0.0000000E+00   0.0000000E+00   0.0000000E+00   0.0000000E+00   0.0000000E+00   0.0000000E+00   0.0000000E+00   0.0000000E+00   0.0000000E+00   0.0000000E+00   0.0000000E+00   0.0000000E+00   0.0000000E+00   0.0000000E+00   0.0000000E+00   0.0000000E+00   0.0000000E+00   0.0000000E+00   0.0000000E+00   0.0000000E+00   0.0000000E+00   0.0000000E+00   0.0000000E+00   0.0000000E+00   0.0000000E+00   0.0000000E+00   0.0000000E+00   0.0000000E+00   0.0000000E+00   0.0000000E+00   0.0000000E+00   0.0000000E+00   0.0000000E+00   0.0000000E+00   0.0000000E+00   0.0000000E+00   0.0000000E+00   0.0000000E+00   9.7207257E-13   2.2330384E-11   1.4300816E-10   7.9380597E-10   3.5112255E-09   1.3704745E-08   4.9996896E-08   2.5915085E-08   3.4411613E-08   4.4884420E-08   5.8862796E-08   7.6590332E-08   9.8251512E-08   1.2366618E-07   1.5360391E-07   1.9091682E-07   2.3520826E-07   2.8731066E-07   3.4877564E-07   4.2168330E-07   5.0801810E-07   6.0756321E-07   7.1460715E-07   8.2538810E-07   9.7424515E-07   1.1606875E-06   1.4035178E-06   1.7306870E-06   2.1861288E-06   2.8382037E-06   3.7604323E-06   5.0299641E-06   6.7425626E-06   8.9519954E-06   1.1615147E-05   1.4524666E-05   1.7281882E-05   1.9116676E-05   1.7702416E-05   1.3841994E-05   1.0856913E-05   4.0880282E-06  -1.9241743E-06  -9.0370631E-06  -1.6031607E-05  -2.5552330E-05  -3.9616651E-05  -4.7522772E-05  -2.6219823E-05  -3.7897446E-06  -6.1854614E-08  -1.8713052E-08  -1.9819423E-08  -2.0065654E-08  -1.4772944E-08   0.0000000E+00
   0.0000000E+00   0.0000000E+00   0.0000000E+00   0.0000000E+00   0.0000000E+00   0.0000000E+00   0.0000000E+00   0.0000000E+00   0.0000000E+00   0.0000000E+00   0.0000000E+00   0.0000000E+00   0.0000000E+00   0.0000000E+00   0.0000000E+00   0.0000000E+00   0.0000000E+00   0.0000000E+00   0.0000000E+00   0.0000000E+00   0.0000000E+00   0.0000000E+00   0.0000000E+00   0.0000000E+00   0.0000000E+00   0.0000000E+00   0.0000000E+00   0.0000000E+00   0.0000000E+00   0.0000000E+00   0.0000000E+00   0.0000000E+00   0.0000000E+00   0.0000000E+00   0.0000000E+00   0.0000000E+00   0.0000000E+00   0.0000000E+00   0.0000000E+00   0.0000000E+00   0.0000000E+00   0.0000000E+00   0.0000000E+00   0.0000000E+00   1.4777436E-11   5.3919959E-11   3.3034034E-10   1.6128646E-09   6.5078747E-09   2.4059130E-08   8.4278305E-08   4.2270525E-08   5.5040676E-08   7.0561079E-08   9.0392966E-08   1.1452808E-07   1.4282817E-07   1.7492701E-07   2.1108046E-07   2.5316618E-07   2.9913500E-07   3.4805063E-07   4.0064538E-07   4.5818010E-07   5.2350441E-07   5.9849395E-07   6.7724164E-07   7.5820083E-07   9.0636024E-07   1.1749698E-06   1.4904572E-06   1.8578066E-06   2.3952700E-06   3.1580003E-06   4.2444217E-06   5.7597417E-06   7.8330804E-06   1.0550086E-05   1.3874860E-05   1.7510762E-05   2.0780590E-05   2.2453345E-05   2.0045238E-05   1.4663721E-05   9.8352275E-06   1.9932204E-06  -4.5067441E-06  -1.1496861E-05  -1.8629778E-05  -2.9137631E-05  -4.4649893E-05  -5.1454939E-05  -2.6069158E-05  -3.4872162E-06  -5.9153212E-08  -1.8736543E-08  -1.9755577E-08  -1.9697938E-08  -1.4055146E-08   0.0000000E+00
   0.0000000E+00   0.0000000E+00   0.0000000E+00   0.0000000E+00   0.0000000E+00   0.0000000E+00   0.0000000E+00   0.0000000E+00   0.0000000E+00   0.0000000E+00   0.0000000E+00   0.0000000E+00   0.0000000E+00   0.0000000E+00   0.0000000E+00   0.0000000E+00   0.0000000E+00   0.0000000E+00   0.0000000E+00   0.0000000E+00   0.0000000E+00   0.0000000E+00   0.0000000E+00   0.0000000E+00   0.0000000E+00   0.0000000E+00   0.0000000E+00   0.0000000E+00   0.0000000E+00   0.0000000E+00   0.0000000E+00   0.0000000E+00   0.0000000E+00   0.0000000E+00   0.0000000E+00   0.0000000E+00   0.0000000E+00   0.0000000E+00   0.0000000E+00   0.0000000E+00   0.0000000E+00   0.0000000E+00   0.0000000E+00   7.1541961E-12   3.2492661E-11   1.3216390E-10   7.0298961E-10   3.0685354E-09   1.1484384E-08   4.0403769E-08   1.3469922E-07   6.4049054E-08   8.1266073E-08   1.0111734E-07   1.1650282E-07   2.9448655E-08   1.6219343E-07   1.9514587E-07   2.3030276E-07   2.6890501E-07   3.0824089E-07   3.4788789E-07   3.9095966E-07   4.4195281E-07   5.0892521E-07   6.0458859E-07   6.8652184E-07   7.8014256E-07   9.6063332E-07   1.2951728E-06   1.5008018E-06   1.9748020E-06   2.5676190E-06   3.4169548E-06   4.6375403E-06   6.3623643E-06   8.7564640E-06   1.1946386E-05   1.5911826E-05   2.0274687E-05   2.3982606E-05   2.5371854E-05   2.1849200E-05   1.4822922E-05   8.3131026E-06  -2.2053453E-07  -6.8435447E-06  -1.3568650E-05  -2.0895792E-05  -3.2328524E-05  -4.8740501E-05  -5.3880114E-05  -2.5311694E-05  -3.1972870E-06  -5.6626817E-08  -1.8753409E-08  -1.9674857E-08  -1.9317419E-08  -1.3374896E-08   0.0000000E+00
   0.0000000E+00   0.0000000E+00   0.0000000E+00   0.0000000E+00   0.0000000E+00   0.0000000E+00   0.0000000E+00   0.0000000E+00   0.0000000E+00   0.0000000E+00   0.0000000E+00   0.0000000E+00   0.0000000E+00   0.0000000E+00   0.0000000E+00   0.0000000E+00   0.0000000E+00   0.0000000E+00   0.0000000E+00   0.0000000E+00   0.0000000E+00   0.0000000E+00   0.0000000E+00   0.0000000E+00   0.0000000E+00   0.0000000E+00   0.0000000E+00   0.0000000E+00   0.0000000E+00   0.0000000E+00   0.0000000E+00   0.0000000E+00   0.0000000E+00   0.0000000E+00   0.0000000E+00   0.0000000E+00   0.0000000E+00   0.0000000E+00   0.0000000E+00   0.0000000E+00   0.0000000E+00   0.0000000E+00   6.5050695E-12   1.8527513E-11   6.8050052E-11   2.9330477E-10   1.3854802E-09   5.4904272E-09   1.9145897E-08   6.0912392E-08   1.5334355E-07   7.5896892E-08   9.4494375E-08   1.1206890E-07   1.1163791E-07   2.0327126E-07   1.7150985E-07   1.8487262E-07   1.9567007E-07   2.1359250E-07   2.4584023E-07   3.1247600E-07   3.9846012E-07   4.5433549E-07   5.2790568E-07   6.2698280E-07   7.0326195E-07   8.0864027E-07   1.0180921E-06   1.3394697E-06   1.5811365E-06   2.0804421E-06   2.7194562E-06   3.6374984E-06   4.9590021E-06   6.8485128E-06   9.5265550E-06   1.3112728E-05   1.7625043E-05   2.2600940E-05   2.6626960E-05   2.7635082E-05   2.2975901E-05   1.4393634E-05   6.5630393E-06  -2.2773056E-06  -8.7819508E-06  -1.5250319E-05  -2.2832122E-05  -3.5093013E-05  -5.1869527E-05  -5.4857082E-05  -2.4044451E-05  -2.9286100E-06  -5.4263694E-08  -1.8763179E-08  -1.9577799E-08  -1.8926626E-08  -1.2730111E-08   0.0000000E+00
   0.0000000E+00   0.0000000E+00   0.0000000E+00   0.0000000E+00   0.0000000E+00   0.0000000E+00   0.0000000E+00   0.0000000E+00   0.0000000E+00   0.0000000E+00   0.0000000E+00   0.0000000E+00   0.0000000E+00   0.0000000E+00   0.0000000E+00   0.0000000E+00   0.0000000E+00   0.0000000E+00   0.0000000E+00   0.0000000E+00   0.0000000E+00   0.0000000E+00   0.0000000E+00   0.0000000E+00   0.0000000E+00   0.0000000E+00   0.0000000E+00   0.0000000E+00   0.0000000E+00   0.0000000E+00   0.0000000E+00   0.0000000E+00   0.0000000E+00   0.0000000E+00   0.0000000E+00   0.0000000E+00   0.0000000E+00   0.0000000E+00   0.0000000E+00   0.0000000E+00   0.0000000E+00   0.0000000E+00   2.1354493E-11   3.9307491E-11   1.3932637E-10   5.9751992E-10   2.5418996E-09   9.1908561E-09   2.9401996E-08   8.6229470E-08   2.4136585E-07   9.7946440E-08   1.1139266E-07   1.1664130E-07   1.1584815E-07   1.3238935E-07   1.3618062E-07   1.5366551E-07   1.8981117E-07   2.1992045E-07   2.5971332E-07   3.2809319E-07   4.0671233E-07   4.6712191E-07   5.4607392E-07   6.4586135E-07   7.2105763E-07   8.4121586E-07   1.0713695E-06   1.3854391E-06   1.6628437E-06   2.1883673E-06   2.8750246E-06   3.8633989E-06   5.2885357E-06   7.3244851E-06   1.0182086E-05   1.4043012E-05   1.9027279E-05   2.4422250E-05   2.8584538E-05   2.9115537E-05   2.3393775E-05   1.3515235E-05   4.8354359E-06  -4.0304558E-06  -1.0310475E-05  -1.6617078E-05  -2.4570487E-05  -3.7495021E-05  -5.4008149E-05  -5.4521784E-05  -2.2459279E-05  -2.6827531E-06  -5.2052638E-08  -1.8765434E-08  -1.9465014E-08  -1.8527837E-08  -1.2118830E-08   0.0000000E+00
   0.0000000E+00   0.0000000E+00   0.0000000E+00   0.0000000E+00   0.0000000E+00   0.0000000E+00   0.0000000E+00   0.0000000E+00   0.0000000E+00   0.0000000E+00   0.0000000E+00   0.0000000E+00   0.0000000E+00   0.0000000E+00   0.0000000E+00   0.0000000E+00   0.0000000E+00   0.0000000E+00   0.0000000E+00   0.0000000E+00   0.0000000E+00   0.0000000E+00   0.0000000E+00   0.0000000E+00   0.0000000E+00   0.0000000E+00   0.0000000E+00   0.0000000E+00   0.0000000E+00   0.0000000E+00   0.0000000E+00   0.0000000E+00   0.0000000E+00   0.0000000E+00   0.0000000E+00   0.0000000E+00   0.0000000E+00   0.0000000E+00   0.0000000E+00   0.0000000E+00   0.0000000E+00   0.0000000E+00   4.9350510E-11   7.7133133E-11   2.7291450E-10   1.1277477E-09   4.3539767E-09   1.4435851E-08   4.3112365E-08   1.1953539E-07   2.9059987E-07   9.5826479E-08   9.4860354E-08   8.6868525E-08   9.0768893E-08   1.2529257E-07   1.3997517E-07   1.5968489E-07   1.9537308E-07   2.2733070E-07   2.7312129E-07   3.4192033E-07   4.1566778E-07   4.8022372E-07   5.6324222E-07   6.6248862E-07   7.4057709E-07   8.7655434E-07   1.1215798E-06   1.4340161E-06   1.7461426E-06   2.3001251E-06   3.0358574E-06   4.0967825E-06   5.6268859E-06   7.8068915E-06   1.0846048E-05   1.4946547E-05   2.0102530E-05   2.5707888E-05   2.9866218E-05   2.9821256E-05   2.3166202E-05   1.2352893E-05   3.2424887E-06  -5.4561442E-06  -1.1506489E-05  -1.7781977E-05  -2.6173531E-05  -3.9577870E-05  -5.5273817E-05  -5.3121243E-05  -2.0675488E-05  -2.4587825E-06  -4.9983075E-08  -1.8759829E-08  -1.9337191E-08  -1.8123082E-08  -1.1539202E-08   0.0000000E+00
   0.0000000E+00   0.0000000E+00   0.0000000E+00   0.0000000E+00   0.0000000E+00   0.0000000E+00   0.0000000E+00   0.0000000E+00   0.0000000E+00   0.0000000E+00   0.0000000E+00   0.0000000E+00   0.0000000E+00   0.0000000E+00   0.0000000E+00   0.0000000E+00   0.0000000E+00   0.0000000E+00   0.0000000E+00   0.0000000E+00   0.0000000E+00   0.0000000E+00   0.0000000E+00   0.0000000E+00   0.0000000E+00   0.0000000E+00   0.0000000E+00   0.0000000E+00   0.0000000E+00   0.0000000E+00   0.0000000E+00   0.0000000E+00   0.0000000E+00   0.0000000E+00   0.0000000E+00   0.0000000E+00   0.0000000E+00   0.0000000E+00   0.0000000E+00   0.0000000E+00   0.0000000E+00   3.5069603E-12   9.4096377E-11   1.4295462E-10   5.0795385E-10   1.9901902E-09   7.0272730E-09   2.1578140E-08   6.0126617E-08   1.4904182E-07   2.7166865E-07   8.1287297E-08   8.7089958E-08   8.8098460E-08   9.6657416E-08   1.2780315E-07   1.4390822E-07   1.6555407E-07   2.0112215E-07   2.3556608E-07   2.8597941E-07   3.5447908E-07   4.2525218E-07   4.9347881E-07   5.7942196E-07   6.7793718E-07   7.6210665E-07   9.1378860E-07   1.1700536E-06   1.4855866E-06   1.8319737E-06   2.4164708E-06   3.2033613E-06   4.3394243E-06   5.9762756E-06   8.2997594E-06   1.1519673E-05   1.5826870E-05   2.1115882E-05   2.6626047E-05   3.0362206E-05   2.9856765E-05   2.2417435E-05   1.1028846E-05   1.8419314E-06  -6.6005969E-06  -1.2470619E-05  -1.8845352E-05  -2.7732123E-05  -4.1375257E-05  -5.5717454E-05  -5.0928407E-05  -1.8835810E-05  -2.2550178E-06  -4.8045077E-08  -1.8746073E-08  -1.9195067E-08  -1.7714186E-08  -1.0989474E-08   0.0000000E+00
   0.0000000E+00   0.0000000E+00   0.0000000E+00   0.0000000E+00   0.0000000E+00   0.0000000E+00   0.0000000E+00   0.0000000E+00   0.0000000E+00   0.0000000E+00   0.0000000E+00   0.0000000E+00   0.0000000E+00   0.0000000E+00   0.0000000E+00   0.0000000E+00   0.0000000E+00   0.0000000E+00   0.0000000E+00   0.0000000E+00   0.0000000E+00   0.0000000E+00   0.0000000E+00   0.0000000E+00   0.0000000E+00   0.0000000E+00   0.0000000E+00   0.0000000E+00   0.0000000E+00   0.0000000E+00   0.0000000E+00   0.0000000E+00   0.0000000E+00   0.0000000E+00   0.0000000E+00   0.0000000E+00   0.0000000E+00   0.0000000E+00   0.0000000E+00   0.0000000E+00   0.0000000E+00   2.2040007E-11   1.5310647E-10   2.5357119E-10   9.0033397E-10   3.3173249E-09   1.0774659E-08   3.0605182E-08   7.7638298E-08   1.6553290E-07   2.3832264E-07   8.2208814E-08   8.7191125E-08   9.0021736E-08   1.0189432E-07   1.3048660E-07   1.4798223E-07   1.7136843E-07   2.0718993E-07   2.4440865E-07   2.9827154E-07   3.6617320E-07   4.3537102E-07   5.0677909E-07   5.9476582E-07   6.9308129E-07   7.8569974E-07   9.5237624E-07   1.2178684E-06   1.5405545E-06   1.9210909E-06   2.5382355E-06   3.3788269E-06   4.5929269E-06   6.3387170E-06   8.8058887E-06   1.2200145E-05   1.6685733E-05   2.2049562E-05   2.7370555E-05   3.0574771E-05   2.9164474E-05   2.1115577E-05   9.6762114E-06   6.3707245E-07  -7.5325393E-06  -1.3387707E-05  -1.9894747E-05  -2.9256620E-05  -4.2902037E-05  -5.5527857E-05  -4.8077949E-05  -1.7068282E-05  -2.0696473E-06  -4.6229356E-08  -1.8723942E-08  -1.9039417E-08  -1.7302771E-08  -1.0468003E-08   0.0000000E+00
   0.0000000E+00   0.0000000E+00   0.0000000E+00   0.0000000E+00   0.0000000E+00   0.0000000E+00   0.0000000E+00   0.0000000E+00   0.0000000E+00   0.0000000E+00   0.0000000E+00   0.0000000E+00   0.0000000E+00   0.0000000E+00   0.0000000E+00   0.0000000E+00   0.0000000E+00   0.0000000E+00   0.0000000E+00   0.0000000E+00   0.0000000E+00   0.0000000E+00   0.0000000E+00   0.0000000E+00   0.0000000E+00   0.0000000E+00   0.0000000E+00   0.0000000E+00   0.0000000E+00   0.0000000E+00   0.0000000E+00   0.0000000E+00   0.0000000E+00   0.0000000E+00   0.0000000E+00   0.0000000E+00   0.0000000E+00   0.0000000E+00   0.0000000E+00   0.0000000E+00   0.0000000E+00   5.0934350E-11   2.4325625E-10   4.3500412E-10   1.5261906E-09   5.2503779E-09   1.5662856E-08   4.0703139E-08   9.2909538E-08   1.7432382E-07   2.1156919E-07   8.2927329E-08   8.7622688E-08   9.2420642E-08   1.0664519E-07   1.3335411E-07   1.5220613E-07   1.7721251E-07   2.1364077E-07   2.5367174E-07   3.1003967E-07   3.7730578E-07   4.4592704E-07   5.2004589E-07   6.0952044E-07   7.0859562E-07   8.1129190E-07   9.9203385E-07   1.2659233E-06   1.5993124E-06   2.0141447E-06   2.6662819E-06   3.5634391E-06   4.8587308E-06   6.7159231E-06   9.3269236E-06   1.2888055E-05   1.7521632E-05   2.2899480E-05   2.7942235E-05   3.0539893E-05   2.8258937E-05   1.9713336E-05   8.3310861E-06  -4.7851955E-07  -8.3970917E-06  -1.4278149E-05  -2.1170639E-05  -3.0998330E-05  -4.4157394E-05  -5.4745993E-05  -4.4831722E-05  -1.5438492E-05  -1.9009389E-06  -4.4527244E-08  -1.8693271E-08  -1.8871043E-08  -1.6890283E-08  -9.9732338E-09   0.0000000E+00
   0.0000000E+00   0.0000000E+00   0.0000000E+00   0.0000000E+00   0.0000000E+00   0.0000000E+00   0.0000000E+00   0.0000000E+00   0.0000000E+00   0.0000000E+00   0.0000000E+00   0.0000000E+00   0.0000000E+00   0.0000000E+00   0.0000000E+00   0.0000000E+00   0.0000000E+00   0.0000000E+00   0.0000000E+00   0.0000000E+00   0.0000000E+00   0.0000000E+00   0.0000000E+00   0.0000000E+00   0.0000000E+00   0.0000000E+00   0.0000000E+00   0.0000000E+00   0.0000000E+00   0.0000000E+00   0.0000000E+00   0.0000000E+00   0.0000000E+00   0.0000000E+00   0.0000000E+00   0.0000000E+00   0.0000000E+00   0.0000000E+00   0.0000000E+00   0.0000000E+00   1.3215777E-11   8.4150083E-11   3.7473338E-10   7.2493567E-10   2.4713427E-09   7.8683469E-09   2.1463418E-08   5.1097192E-08   1.0661449E-07   1.7720332E-07   1.8973586E-07   8.3566626E-08   8.8410928E-08   9.5141509E-08   1.1103972E-07   1.3641414E-07   1.5659441E-07   1.8315812E-07   2.2049096E-07   2.6320674E-07   3.2135520E-07   3.8809767E-07   4.5682987E-07   5.3324680E-07   6.2397572E-07   7.2497215E-07   8.3877535E-07   1.0326673E-06   1.3149822E-06   1.6622225E-06   2.1117439E-06   2.8014647E-06   3.7582852E-06   5.1381085E-06   7.1092745E-06   9.8637793E-06   1.3582380E-05   1.8331157E-05   2.3661432E-05   2.8350785E-05   3.0284271E-05   2.7186143E-05   1.8250912E-05   7.0218475E-06  -1.5262818E-06  -9.2199625E-06  -1.5184655E-05  -2.2475839E-05  -3.2694024E-05  -4.5365334E-05  -5.3441832E-05  -4.1427786E-05  -1.3962911E-05  -1.7472987E-06  -4.2930655E-08  -1.8653957E-08  -1.8690761E-08  -1.6478008E-08  -9.5037045E-09   0.0000000E+00
   0.0000000E+00   0.0000000E+00   0.0000000E+00   0.0000000E+00   0.0000000E+00   0.0000000E+00   0.0000000E+00   0.0000000E+00   0.0000000E+00   0.0000000E+00   0.0000000E+00   0.0000000E+00   0.0000000E+00   0.0000000E+00   0.0000000E+00   0.0000000E+00   0.0000000E+00   0.0000000E+00   0.0000000E+00   0.0000000E+00   0.0000000E+00   0.0000000E+00   0.0000000E+00   0.0000000E+00   0.0000000E+00   0.0000000E+00   0.0000000E+00   0.0000000E+00   0.0000000E+00   0.0000000E+00   0.0000000E+00   0.0000000E+00   0.0000000E+00   0.0000000E+00   0.0000000E+00   0.0000000E+00   0.0000000E+00   0.0000000E+00   0.0000000E+00   0.0000000E+00   3.0823764E-11   1.3910774E-10   5.6382610E-10   1.1654842E-09   3.7943009E-09   1.1149649E-08   2.8083374E-08   6.1875170E-08   1.1768872E-07   1.7607046E-07   1.7192734E-07   8.4222876E-08   8.9547697E-08   9.8078459E-08   1.1518242E-07   1.3967389E-07   1.6116478E-07   1.8926124E-07   2.2772511E-07   2.7290218E-07   3.3230052E-07   3.9870514E-07   4.6800423E-07   5.4639668E-07   6.3842930E-07   7.4255252E-07   8.6803993E-07   1.0743219E-06   1.3657037E-06   1.7296209E-06   2.2144875E-06   2.9446089E-06   3.9643623E-06   5.4321631E-06   7.5197991E-06   1.0416586E-05   1.4280739E-05   1.9109539E-05   2.4331985E-05   2.8604674E-05   2.9839610E-05   2.5987194E-05   1.6760525E-05   5.7585676E-06  -2.5222398E-06  -1.0023407E-05  -1.6121678E-05  -2.3803248E-05  -3.4291268E-05  -4.6224279E-05  -5.1824729E-05  -3.8109243E-05  -1.2636941E-05  -1.6072839E-06  -4.1432077E-08  -1.8605935E-08  -1.8499389E-08  -1.6067084E-08  -9.0580343E-09   0.0000000E+00
   0.0000000E+00   0.0000000E+00   0.0000000E+00   0.0000000E+00   0.0000000E+00   0.0000000E+00   0.0000000E+00   0.0000000E+00   0.0000000E+00   0.0000000E+00   0.0000000E+00   0.0000000E+00   0.0000000E+00   0.0000000E+00   0.0000000E+00   0.0000000E+00   0.0000000E+00   0.0000000E+00   0.0000000E+00   0.0000000E+00   0.0000000E+00   0.0000000E+00   0.0000000E+00   0.0000000E+00   0.0000000E+00   0.0000000E+00   0.0000000E+00   0.0000000E+00   0.0000000E+00   0.0000000E+00   0.0000000E+00   0.0000000E+00   0.0000000E+00   0.0000000E+00   0.0000000E+00   0.0000000E+00   0.0000000E+00   0.0000000E+00   0.0000000E+00   0.0000000E+00   5.9980826E-11   2.2059107E-10   8.2373036E-10   1.7825452E-09   5.5418283E-09   1.5244106E-08   3.5497891E-08   7.2179454E-08   1.2606813E-07   1.7240440E-07   1.5741598E-07   8.4966864E-08   9.1006640E-08   1.0116096E-07   1.1915841E-07   1.4314017E-07   1.6593548E-07   1.9556154E-07   2.3530909E-07   2.8267914E-07   3.4295766E-07   4.0923572E-07   4.7939511E-07   5.5955189E-07   6.5316334E-07   7.6156272E-07   8.9899777E-07   1.1171412E-06   1.4186637E-06   1.8018313E-06   2.3229723E-06   3.0965032E-06   4.1825851E-06   5.7418265E-06   7.9481279E-06   1.0984668E-05   1.4979626E-05   1.9851173E-05   2.4908288E-05   2.8712222E-05   2.9234268E-05   2.4696477E-05   1.5267366E-05   4.5450397E-06  -3.4794768E-06  -1.0824421E-05  -1.7095968E-05  -2.5140753E-05  -3.5752309E-05  -4.6731951E-05  -4.9941031E-05  -3.4961962E-05  -1.1448547E-05  -1.4795941E-06  -4.0024499E-08  -1.8549207E-08  -1.8297754E-08  -1.5658513E-08  -8.6349266E-09   0.0000000E+00
   0.0000000E+00   0.0000000E+00   0.0000000E+00   0.0000000E+00   0.0000000E+00   0.0000000E+00   0.0000000E+00   0.0000000E+00   0.0000000E+00   0.0000000E+00   0.0000000E+00   0.0000000E+00   0.0000000E+00   0.0000000E+00   0.0000000E+00   0.0000000E+00   0.0000000E+00   0.0000000E+00   0.0000000E+00   0.0000000E+00   0.0000000E+00   0.0000000E+00   0.0000000E+00   0.0000000E+00   0.0000000E+00   0.0000000E+00   0.0000000E+00   0.0000000E+00   0.0000000E+00   0.0000000E+00   0.0000000E+00   0.0000000E+00   0.0000000E+00   0.0000000E+00   0.0000000E+00   0.0000000E+00   0.0000000E+00   0.0000000E+00   0.0000000E+00   1.7130939E-11   8.9153504E-11   3.3663689E-10   1.1447814E-09   2.6265785E-09   7.9418410E-09   2.0143784E-08   4.3216570E-08   8.1604846E-08   1.3197021E-07   1.6725400E-07   1.4561493E-07   8.5847226E-08   9.2753417E-08   1.0434444E-07   1.2303775E-07   1.4681983E-07   1.7092306E-07   2.0208331E-07   2.4319954E-07   2.9248534E-07   3.5340241E-07   4.1976259E-07   4.9097054E-07   5.7280067E-07   6.6843160E-07   7.8214549E-07   9.3159667E-07   1.1613397E-06   1.4743739E-06   1.8791783E-06   2.4377971E-06   3.2579057E-06   4.4137901E-06   6.0678503E-06   8.3944633E-06   1.1566566E-05   1.5674646E-05   2.0550062E-05   2.5388068E-05   2.8681867E-05   2.8493407E-05   2.3342471E-05   1.3790196E-05   3.3808922E-06  -4.4087437E-06  -1.1635322E-05  -1.8108269E-05  -2.6470821E-05  -3.7048143E-05  -4.6897560E-05  -4.7855712E-05  -3.2028729E-05  -1.0383900E-05  -1.3630596E-06  -3.8701408E-08  -1.8483812E-08  -1.8086672E-08  -1.5253178E-08  -8.2331564E-09   0.0000000E+00
   0.0000000E+00   0.0000000E+00   0.0000000E+00   0.0000000E+00   0.0000000E+00   0.0000000E+00   0.0000000E+00   0.0000000E+00   0.0000000E+00   0.0000000E+00   0.0000000E+00   0.0000000E+00   0.0000000E+00   0.0000000E+00   0.0000000E+00   0.0000000E+00   0.0000000E+00   0.0000000E+00   0.0000000E+00   0.0000000E+00   0.0000000E+00   0.0000000E+00   0.0000000E+00   0.0000000E+00   0.0000000E+00   0.0000000E+00   0.0000000E+00   0.0000000E+00   0.0000000E+00   0.0000000E+00   0.0000000E+00   0.0000000E+00   0.0000000E+00   0.0000000E+00   0.0000000E+00   0.0000000E+00   0.0000000E+00   0.0000000E+00   0.0000000E+00   3.7492325E-11   1.3981724E-10   4.9152288E-10   1.5068304E-09   3.9392201E-09   1.1043566E-08   2.5577423E-08   5.0933604E-08   8.9907687E-08   1.3573367E-07   1.6135101E-07   1.3605199E-07   8.6894431E-08   9.4752160E-08   1.0760320E-07   1.2687842E-07   1.5071960E-07   1.7614087E-07   2.0883756E-07   2.5135071E-07   3.0228935E-07   3.6370125E-07   4.3033623E-07   5.0272223E-07   5.8625312E-07   6.8445354E-07   8.0438792E-07   9.6582619E-07   1.2071782E-06   1.5332968E-06   1.9619954E-06   2.5595662E-06   3.4295415E-06   4.6587320E-06   6.4107844E-06   8.8585484E-06   1.2160082E-05   1.6360735E-05   2.1200147E-05   2.5769727E-05   2.8522336E-05   2.7639331E-05   2.1948523E-05   1.2342262E-05   2.2631441E-06  -5.3188842E-06  -1.2464338E-05  -1.9154462E-05  -2.7773143E-05  -3.8156752E-05  -4.6742658E-05  -4.5636341E-05  -2.9324105E-05  -9.4295629E-06  -1.2566292E-06  -3.7456743E-08  -1.8409835E-08  -1.7866943E-08  -1.4851850E-08  -7.8515701E-09   0.0000000E+00
   0.0000000E+00   0.0000000E+00   0.0000000E+00   0.0000000E+00   0.0000000E+00   0.0000000E+00   0.0000000E+00   0.0000000E+00   0.0000000E+00   0.0000000E+00   0.0000000E+00   0.0000000E+00   0.0000000E+00   0.0000000E+00   0.0000000E+00   0.0000000E+00   0.0000000E+00   0.0000000E+00   0.0000000E+00   0.0000000E+00   0.0000000E+00   0.0000000E+00   0.0000000E+00   0.0000000E+00   0.0000000E+00   0.0000000E+00   0.0000000E+00   0.0000000E+00   0.0000000E+00   0.0000000E+00   0.0000000E+00   0.0000000E+00   0.0000000E+00   0.0000000E+00   0.0000000E+00   0.0000000E+00   0.0000000E+00   0.0000000E+00   2.1802807E-12   6.7276705E-11   2.1216465E-10   7.0041112E-10   2.1027635E-09   5.7475877E-09   1.4728447E-08   3.1341635E-08   5.8396786E-08   9.6978070E-08   1.3773497E-07   1.5519697E-07   1.2834711E-07   8.8124828E-08   9.6969288E-08   1.1092516E-07   1.3072872E-07   1.5484585E-07   1.8159803E-07   2.1582464E-07   2.5971869E-07   3.1207523E-07   3.7391104E-07   4.4099386E-07   5.1466412E-07   6.0003231E-07   7.0141419E-07   8.2834322E-07   1.0017191E-06   1.2549488E-06   1.5958603E-06   2.0506341E-06   2.6888856E-06   3.6121050E-06   4.9180762E-06   6.7709552E-06   9.3396657E-06   1.2762343E-05   1.7032362E-05   2.1795595E-05   2.6052427E-05   2.8242688E-05   2.6691792E-05   2.0533545E-05   1.0932282E-05   1.1873293E-06  -6.2171171E-06  -1.3316141E-05  -2.0226660E-05  -2.9026660E-05  -3.9063510E-05  -4.6297650E-05  -4.3344025E-05  -2.6846261E-05  -8.5732354E-06  -1.1593570E-06  -3.6284881E-08  -1.8327396E-08  -1.7639355E-08  -1.4455207E-08  -7.4890796E-09   0.0000000E+00
   0.0000000E+00   0.0000000E+00   0.0000000E+00   0.0000000E+00   0.0000000E+00   0.0000000E+00   0.0000000E+00   0.0000000E+00   0.0000000E+00   0.0000000E+00   0.0000000E+00   0.0000000E+00   0.0000000E+00   0.0000000E+00   0.0000000E+00   0.0000000E+00   0.0000000E+00   0.0000000E+00   0.0000000E+00   0.0000000E+00   0.0000000E+00   0.0000000E+00   0.0000000E+00   0.0000000E+00   0.0000000E+00   0.0000000E+00   0.0000000E+00   0.0000000E+00   0.0000000E+00   0.0000000E+00   0.0000000E+00   0.0000000E+00   0.0000000E+00   0.0000000E+00   0.0000000E+00   0.0000000E+00   0.0000000E+00   0.0000000E+00   2.1443252E-11   9.6503069E-11   3.1558686E-10   1.0125394E-09   3.0139153E-09   8.0764710E-09   1.8880773E-08   3.7241520E-08   6.5416394E-08   1.0280637E-07   1.3834119E-07   1.4912804E-07   1.2219343E-07   8.9544393E-08   9.9375640E-08   1.1430780E-07   1.3462905E-07   1.5920395E-07   1.8729905E-07   2.2303691E-07   2.6826410E-07   3.2183846E-07   3.8408001E-07   4.5176657E-07   5.2683009E-07   6.1426613E-07   7.1946721E-07   8.5404866E-07   1.0393488E-06   1.3049631E-06   1.6624695E-06   2.1454646E-06   2.8263626E-06   3.8062558E-06   5.1923830E-06   7.1484401E-06   9.8366190E-06   1.3369881E-05   1.7683724E-05   2.2331013E-05   2.6236223E-05   2.7852284E-05   2.5668312E-05   1.9112660E-05   9.5653741E-06   1.4827059E-07  -7.1092181E-06  -1.4192340E-05  -2.1314223E-05  -3.0211126E-05  -3.9760973E-05  -4.5598372E-05  -4.1029456E-05  -2.4584608E-05  -7.8039338E-06  -1.0703922E-06  -3.5180570E-08  -1.8236655E-08  -1.7404666E-08  -1.4063827E-08  -7.1446604E-09   0.0000000E+00
   0.0000000E+00   0.0000000E+00   0.0000000E+00   0.0000000E+00   0.0000000E+00   0.0000000E+00   0.0000000E+00   0.0000000E+00   0.0000000E+00   0.0000000E+00   0.0000000E+00   0.0000000E+00   0.0000000E+00   0.0000000E+00   0.0000000E+00   0.0000000E+00   0.0000000E+00   0.0000000E+00   0.0000000E+00   0.0000000E+00   0.0000000E+00   0.0000000E+00   0.0000000E+00   0.0000000E+00   0.0000000E+00   0.0000000E+00   0.0000000E+00   0.0000000E+00   0.0000000E+00   0.0000000E+00   0.0000000E+00   0.0000000E+00   0.0000000E+00   0.0000000E+00   0.0000000E+00   0.0000000E+00   0.0000000E+00   0.0000000E+00   4.5435818E-11   1.4577545E-10   4.7204868E-10   1.4841195E-09   4.3076875E-09   1.0903004E-08   2.3356087E-08   4.3110052E-08   7.1862793E-08   1.0745234E-07   1.3788588E-07   1.4336267E-07   1.1734225E-07   9.1151954E-08   1.0194731E-07   1.1775527E-07   1.3861307E-07   1.6379791E-07   1.9324396E-07   2.3046108E-07   2.7695324E-07   3.3158244E-07   3.9424958E-07   4.6268434E-07   5.3927045E-07   6.2908225E-07   7.3873952E-07   8.8153848E-07   1.0788273E-06   1.3575462E-06   1.7335153E-06   2.2468794E-06   2.9726002E-06   4.0126083E-06   5.4820935E-06   7.5430394E-06   1.0347744E-05   1.3978729E-05   1.8308934E-05   2.2801627E-05   2.6322106E-05   2.7360680E-05   2.4584397E-05   1.7697748E-05   8.2438937E-06  -8.5938990E-07  -7.9996335E-06  -1.5091934E-05  -2.2404718E-05  -3.1308264E-05  -4.0248204E-05  -4.4682631E-05  -3.8732614E-05  -2.2524428E-05  -7.1119398E-06  -9.8896794E-07  -3.4138949E-08  -1.8137799E-08  -1.7163623E-08  -1.3678214E-08  -6.8173462E-09   0.0000000E+00
   0.0000000E+00   0.0000000E+00   0.0000000E+00   0.0000000E+00   0.0000000E+00   0.0000000E+00   0.0000000E+00   0.0000000E+00   0.0000000E+00   0.0000000E+00   0.0000000E+00   0.0000000E+00   0.0000000E+00   0.0000000E+00   0.0000000E+00   0.0000000E+00   0.0000000E+00   0.0000000E+00   0.0000000E+00   0.0000000E+00   0.0000000E+00   0.0000000E+00   0.0000000E+00   0.0000000E+00   0.0000000E+00   0.0000000E+00   0.0000000E+00   0.0000000E+00   0.0000000E+00   0.0000000E+00   0.0000000E+00   0.0000000E+00   0.0000000E+00   0.0000000E+00   0.0000000E+00   0.0000000E+00   0.0000000E+00   2.8991217E-12   7.9219908E-11   2.2249441E-10   7.1105200E-10   2.1775521E-09   6.0280598E-09   1.4153837E-08   2.8008781E-08   4.8814666E-08   7.7658882E-08   1.1101942E-07   1.3665860E-07   1.3803621E-07   1.1359105E-07   9.2941875E-08   1.0466591E-07   1.2127609E-07   1.4270884E-07   1.6863000E-07   1.9942860E-07   2.3808064E-07   2.8575880E-07   3.4131634E-07   4.0445639E-07   4.7377983E-07   5.5204873E-07   6.4460386E-07   7.5933764E-07   9.1085280E-07   1.1202999E-06   1.4130318E-06   1.8093838E-06   2.3552914E-06   3.1281945E-06   4.2317274E-06   5.7875054E-06   7.9542579E-06   1.0870918E-05   1.4584516E-05   1.8902187E-05   2.3203420E-05   2.6312016E-05   2.6777527E-05   2.3453733E-05   1.6297949E-05   6.9681273E-06  -1.8408377E-06  -8.8915422E-06  -1.6011747E-05  -2.3484765E-05  -3.2302512E-05  -4.0529801E-05  -4.3588007E-05  -3.6483551E-05  -2.0649519E-05  -6.4886917E-06  -9.1439387E-07  -3.3155494E-08  -1.8031042E-08  -1.6916941E-08  -1.3298794E-08  -6.5062258E-09   0.0000000E+00
   0.0000000E+00   0.0000000E+00   0.0000000E+00   0.0000000E+00   0.0000000E+00   0.0000000E+00   0.0000000E+00   0.0000000E+00   0.0000000E+00   0.0000000E+00   0.0000000E+00   0.0000000E+00   0.0000000E+00   0.0000000E+00   0.0000000E+00   0.0000000E+00   0.0000000E+00   0.0000000E+00   0.0000000E+00   0.0000000E+00   0.0000000E+00   0.0000000E+00   0.0000000E+00   0.0000000E+00   0.0000000E+00   0.0000000E+00   0.0000000E+00   0.0000000E+00   0.0000000E+00   0.0000000E+00   0.0000000E+00   0.0000000E+00   0.0000000E+00   0.0000000E+00   0.0000000E+00   0.0000000E+00   0.0000000E+00   2.7972291E-11   1.1144835E-10   3.4224046E-10   1.0720342E-09   3.1540239E-09   8.1800113E-09   1.7722428E-08   3.2710911E-08   5.4256176E-08   8.2770889E-08   1.1363520E-07   1.3490283E-07   1.3322601E-07   1.1077407E-07   9.4906078E-08   1.0751824E-07   1.2488147E-07   1.4693936E-07   1.7370041E-07   2.0584531E-07   2.4587749E-07   2.9465969E-07   3.5105327E-07   4.1473433E-07   4.8509014E-07   5.6523800E-07   6.6094805E-07   7.8135366E-07   9.4204523E-07   1.1639416E-06   1.4717602E-06   1.8904600E-06   2.4711328E-06   3.2937262E-06   4.4641129E-06   6.1087512E-06   8.3812811E-06   1.1403592E-05   1.5182574E-05   1.9457910E-05   2.3533217E-05   2.6208792E-05   2.6112444E-05   2.2288321E-05   1.4920090E-05   5.7368761E-06  -2.8008533E-06  -9.7869024E-06  -1.6946835E-05  -2.4540763E-05  -3.3181474E-05  -4.0614839E-05  -4.2350192E-05  -3.4303892E-05  -1.8943661E-05  -5.9266504E-06  -8.4604659E-07  -3.2226005E-08  -1.7916623E-08  -1.6665307E-08  -1.2925930E-08  -6.2104384E-09   0.0000000E+00
   0.0000000E+00   0.0000000E+00   0.0000000E+00   0.0000000E+00   0.0000000E+00   0.0000000E+00   0.0000000E+00   0.0000000E+00   0.0000000E+00   0.0000000E+00   0.0000000E+00   0.0000000E+00   0.0000000E+00   0.0000000E+00   0.0000000E+00   0.0000000E+00   0.0000000E+00   0.0000000E+00   0.0000000E+00   0.0000000E+00   0.0000000E+00   0.0000000E+00   0.0000000E+00   0.0000000E+00   0.0000000E+00   0.0000000E+00   0.0000000E+00   0.0000000E+00   0.0000000E+00   0.0000000E+00   0.0000000E+00   0.0000000E+00   0.0000000E+00   0.0000000E+00   0.0000000E+00   0.0000000E+00   0.0000000E+00   5.9094472E-11   1.7123199E-10   5.2781068E-10   1.6018150E-09   4.4607109E-09   1.0725988E-08   2.1491182E-08   3.7360408E-08   5.9364638E-08   8.7199112E-08   1.1543697E-07   1.3281816E-07   1.2896938E-07   1.0875498E-07   9.7035617E-08   1.1049576E-07   1.2858405E-07   1.5132319E-07   1.7900726E-07   2.1248358E-07   2.5383338E-07   3.0364075E-07   3.6080954E-07   4.2511655E-07   4.9665806E-07   5.7891822E-07   6.7822469E-07   8.0487098E-07   9.7518591E-07   1.2099541E-06   1.5340775E-06   1.9771339E-06   2.5948509E-06   3.4697534E-06   4.7101839E-06   6.4457786E-06   8.8229672E-06   1.1942821E-05   1.5768061E-05   1.9970899E-05   2.3788736E-05   2.6016092E-05   2.5374893E-05   2.1098638E-05   1.3569071E-05   4.5479237E-06  -3.7436589E-06  -1.0686508E-05  -1.7890889E-05  -2.5559508E-05  -3.3936049E-05  -4.0515748E-05  -4.1001978E-05  -3.2208434E-05  -1.7391369E-05  -5.4191760E-06  -7.8336399E-07  -3.1346577E-08  -1.7794802E-08  -1.6409379E-08  -1.2559920E-08  -5.9291740E-09   0.0000000E+00
   0.0000000E+00   0.0000000E+00   0.0000000E+00   0.0000000E+00   0.0000000E+00   0.0000000E+00   0.0000000E+00   0.0000000E+00   0.0000000E+00   0.0000000E+00   0.0000000E+00   0.0000000E+00   0.0000000E+00   0.0000000E+00   0.0000000E+00   0.0000000E+00   0.0000000E+00   0.0000000E+00   0.0000000E+00   0.0000000E+00   0.0000000E+00   0.0000000E+00   0.0000000E+00   0.0000000E+00   0.0000000E+00   0.0000000E+00   0.0000000E+00   0.0000000E+00   0.0000000E+00   0.0000000E+00   0.0000000E+00   0.0000000E+00   0.0000000E+00   0.0000000E+00   0.0000000E+00   0.0000000E+00   2.3272995E-11   8.4589752E-11   2.6660890E-10   8.0937718E-10   2.3485591E-09   6.1194321E-09   1.3593402E-08   2.5350413E-08   4.1881293E-08   6.4094635E-08   9.0969394E-08   1.1656183E-07   1.3056464E-07   1.2527647E-07   1.0742119E-07   9.9321781E-08   1.1359401E-07   1.3239681E-07   1.5587484E-07   1.8454645E-07   2.1933087E-07   2.6193106E-07   3.1269238E-07   3.7060408E-07   4.3563702E-07   5.0853231E-07   5.9317341E-07   6.9653709E-07   8.2996968E-07   1.0103652E-06   1.2585614E-06   1.6003357E-06   2.0698012E-06   2.7269025E-06   3.6568031E-06   4.9702608E-06   6.7983219E-06   9.2778391E-06   1.2485317E-05   1.6336055E-05   2.0436439E-05   2.3968614E-05   2.5738287E-05   2.4574068E-05   1.9893729E-05   1.2248188E-05   3.3984138E-06  -4.6728201E-06  -1.1590050E-05  -1.8836608E-05  -2.6528667E-05  -3.4560391E-05  -4.0247334E-05  -3.9572707E-05  -3.0206620E-05  -1.5978232E-05  -4.9604132E-06  -7.2583788E-07  -3.0513586E-08  -1.7665865E-08  -1.6149784E-08  -1.2201014E-08  -5.6616671E-09   0.0000000E+00
   0.0000000E+00   0.0000000E+00   0.0000000E+00   0.0000000E+00   0.0000000E+00   0.0000000E+00   0.0000000E+00   0.0000000E+00   0.0000000E+00   0.0000000E+00   0.0000000E+00   0.0000000E+00   0.0000000E+00   0.0000000E+00   0.0000000E+00   0.0000000E+00   0.0000000E+00   0.0000000E+00   0.0000000E+00   0.0000000E+00   0.0000000E+00   0.0000000E+00   0.0000000E+00   0.0000000E+00   0.0000000E+00   0.0000000E+00   0.0000000E+00   0.0000000E+00   0.0000000E+00   0.0000000E+00   0.0000000E+00   0.0000000E+00   0.0000000E+00   0.0000000E+00   0.0000000E+00   0.0000000E+00   4.9932919E-11   1.3590186E-10   4.1576542E-10   1.2228675E-09   3.3534029E-09   8.1204270E-09   1.6689519E-08   2.9209769E-08   4.6219842E-08   6.8420938E-08   9.4125724E-08   1.1714025E-07   1.2826813E-07   1.2213951E-07   1.0667947E-07   1.0175683E-07   1.1681173E-07   1.3633247E-07   1.6060517E-07   1.9031199E-07   2.2637337E-07   2.7015517E-07   3.2181015E-07   3.8045820E-07   4.4633154E-07   5.2076695E-07   6.0809003E-07   7.1598316E-07   8.5673111E-07   1.0476934E-06   1.3100083E-06   1.6708938E-06   2.1688652E-06   2.8677496E-06   3.8553576E-06   5.2445494E-06   7.1658887E-06   9.7440952E-06   1.3027500E-05   1.6881679E-05   2.0850384E-05   2.4072389E-05   2.5380341E-05   2.3718785E-05   1.8681314E-05   1.0959438E-05   2.2851489E-06  -5.5911896E-06  -1.2496199E-05  -1.9776062E-05  -2.7437152E-05  -3.5051704E-05  -3.9825863E-05  -3.8088114E-05  -2.8303804E-05  -1.4691044E-05  -4.5451934E-06  -6.7300920E-07  -2.9723678E-08  -1.7530095E-08  -1.5887123E-08  -1.1849412E-08  -5.4071951E-09   0.0000000E+00
   0.0000000E+00   0.0000000E+00   0.0000000E+00   0.0000000E+00   0.0000000E+00   0.0000000E+00   0.0000000E+00   0.0000000E+00   0.0000000E+00   0.0000000E+00   0.0000000E+00   0.0000000E+00   0.0000000E+00   0.0000000E+00   0.0000000E+00   0.0000000E+00   0.0000000E+00   0.0000000E+00   0.0000000E+00   0.0000000E+00   0.0000000E+00   0.0000000E+00   0.0000000E+00   0.0000000E+00   0.0000000E+00   0.0000000E+00   0.0000000E+00   0.0000000E+00   0.0000000E+00   0.0000000E+00   0.0000000E+00   0.0000000E+00   0.0000000E+00   0.0000000E+00   0.0000000E+00   4.0692857E-12   8.9151020E-11   2.1700440E-10   6.4243089E-10   1.8060845E-09   4.6419162E-09   1.0423432E-08   1.9918000E-08   3.3001882E-08   5.0339750E-08   7.2334849E-08   9.6723959E-08   1.1729214E-07   1.2602553E-07   1.1953931E-07   1.0645237E-07   1.0433438E-07   1.2015028E-07   1.4040288E-07   1.6552164E-07   1.9629610E-07   2.3359677E-07   2.7849262E-07   3.3099411E-07   3.9039571E-07   4.5723880E-07   5.3342148E-07   6.2375562E-07   7.3665694E-07   8.8524177E-07   1.0873034E-06   1.3645575E-06   1.7461159E-06   2.2747367E-06   3.0178498E-06   4.0658433E-06   5.5331207E-06   7.5477442E-06   1.0219605E-05   1.3565575E-05   1.7400194E-05   2.1209227E-05   2.4100462E-05   2.4947671E-05   2.2817405E-05   1.7467921E-05   9.7037710E-06   1.2048225E-06  -6.5008780E-06  -1.3402717E-05  -2.0701016E-05  -2.8275370E-05  -3.5409950E-05  -3.9268354E-05  -3.6570320E-05  -2.6502268E-05  -1.3517804E-05  -4.1689473E-06  -6.2446253E-07  -2.8973727E-08  -1.7387801E-08  -1.5621964E-08  -1.1505268E-08  -5.1650764E-09   0.0000000E+00
   0.0000000E+00   0.0000000E+00   0.0000000E+00   0.0000000E+00   0.0000000E+00   0.0000000E+00   0.0000000E+00   0.0000000E+00   0.0000000E+00   0.0000000E+00   0.0000000E+00   0.0000000E+00   0.0000000E+00   0.0000000E+00   0.0000000E+00   0.0000000E+00   0.0000000E+00   0.0000000E+00   0.0000000E+00   0.0000000E+00   0.0000000E+00   0.0000000E+00   0.0000000E+00   0.0000000E+00   0.0000000E+00   0.0000000E+00   0.0000000E+00   0.0000000E+00   0.0000000E+00   0.0000000E+00   0.0000000E+00   0.0000000E+00   0.0000000E+00   0.0000000E+00   0.0000000E+00   3.8817012E-11   1.2426722E-10   3.4290762E-10   9.7471020E-10   2.5930640E-09   6.2180918E-09   1.2965292E-08   2.3192207E-08   3.6680625E-08   5.4217871E-08   7.5840966E-08   9.8826774E-08   1.1712487E-07   1.2390979E-07   1.1744984E-07   1.0667559E-07   1.0704973E-07   1.2361285E-07   1.4461853E-07   1.7062872E-07   2.0248967E-07   2.4098691E-07   2.8693321E-07   3.4024893E-07   4.0044318E-07   4.6840080E-07   5.4655959E-07   6.4025807E-07   7.5865046E-07   9.1559616E-07   1.1293483E-06   1.4224879E-06   1.8263739E-06   2.3878322E-06   3.1776483E-06   4.2886168E-06   5.8358901E-06   7.9428955E-06   1.0701951E-05   1.4095590E-05   1.7887101E-05   2.1510146E-05   2.4054021E-05   2.4446023E-05   2.1877755E-05   1.6258969E-05   8.4813100E-06   1.5420272E-07  -7.4032505E-06  -1.4306578E-05  -2.1603233E-05  -2.9035367E-05  -3.5637455E-05  -3.8591883E-05  -3.5038131E-05  -2.4802030E-05  -1.2447658E-05  -3.8276303E-06  -5.7982197E-07  -2.8260839E-08  -1.7239296E-08  -1.5354845E-08  -1.1168699E-08  -4.9346673E-09   0.0000000E+00
   0.0000000E+00   0.0000000E+00   0.0000000E+00   0.0000000E+00   0.0000000E+00   0.0000000E+00   0.0000000E+00   0.0000000E+00   0.0000000E+00   0.0000000E+00   0.0000000E+00   0.0000000E+00   0.0000000E+00   0.0000000E+00   0.0000000E+00   0.0000000E+00   0.0000000E+00   0.0000000E+00   0.0000000E+00   0.0000000E+00   0.0000000E+00   0.0000000E+00   0.0000000E+00   0.0000000E+00   0.0000000E+00   0.0000000E+00   0.0000000E+00   0.0000000E+00   0.0000000E+00   0.0000000E+00   0.0000000E+00   0.0000000E+00   0.0000000E+00   0.0000000E+00   3.9242225E-12   7.7850101E-11   1.9342233E-10   5.3277266E-10   1.4423819E-09   3.6080121E-09   8.0627247E-09   1.5671176E-08   2.6442905E-08   4.0216708E-08   5.7841071E-08   7.8954329E-08   1.0049973E-07   1.1673253E-07   1.2197437E-07   1.1584147E-07   1.0729573E-07   1.0989974E-07   1.2720396E-07   1.4898843E-07   1.7592816E-07   2.0888248E-07   2.4853031E-07   2.9546979E-07   3.4958319E-07   4.1062998E-07   4.7986310E-07   5.6024862E-07   6.5768523E-07   7.8205613E-07   9.4789971E-07   1.1740026E-06   1.4840937E-06   1.9120464E-06   2.5085687E-06   3.3475678E-06   4.5239481E-06   6.1526030E-06   8.3500927E-06   1.1188446E-05   1.4613519E-05   1.8338227E-05   2.1751031E-05   2.3934987E-05   2.3881346E-05   2.0907082E-05   1.5058882E-05   7.2915609E-06  -8.6973085E-07  -8.2989491E-06  -1.5204116E-05  -2.2474724E-05  -2.9710907E-05  -3.5738558E-05  -3.7813297E-05  -3.3507113E-05  -2.3201488E-05  -1.1470822E-05  -3.5176563E-06  -5.3874675E-07  -2.7582338E-08  -1.7084899E-08  -1.5086274E-08  -1.0839785E-08  -4.7153597E-09   0.0000000E+00
   0.0000000E+00   0.0000000E+00   0.0000000E+00   0.0000000E+00   0.0000000E+00   0.0000000E+00   0.0000000E+00   0.0000000E+00   0.0000000E+00   0.0000000E+00   0.0000000E+00   0.0000000E+00   0.0000000E+00   0.0000000E+00   0.0000000E+00   0.0000000E+00   0.0000000E+00   0.0000000E+00   0.0000000E+00   0.0000000E+00   0.0000000E+00   0.0000000E+00   0.0000000E+00   0.0000000E+00   0.0000000E+00   0.0000000E+00   0.0000000E+00   0.0000000E+00   0.0000000E+00   0.0000000E+00   0.0000000E+00   0.0000000E+00   0.0000000E+00   0.0000000E+00   3.7740103E-11   1.1167622E-10   3.0187644E-10   8.0898643E-10   2.0729902E-09   4.8605062E-09   1.0136442E-08   1.8465904E-08   2.9620464E-08   4.3592948E-08   6.1204062E-08   8.1697976E-08   1.0180830E-07   1.1619613E-07   1.2025710E-07   1.1468329E-07   1.0826858E-07   1.1288280E-07   1.3092881E-07   1.5351981E-07   1.8141940E-07   2.1546371E-07   2.5621478E-07   3.0409845E-07   3.5900945E-07   4.2098833E-07   4.9167494E-07   5.7455918E-07   6.7612547E-07   8.0696884E-07   9.8227008E-07   1.2214601E-06   1.5496826E-06   2.0035163E-06   2.6373627E-06   3.5279984E-06   4.7720077E-06   6.4828187E-06   8.7678245E-06   1.1676174E-05   1.5115334E-05   1.8749792E-05   2.1930478E-05   2.3745906E-05   2.3259669E-05   1.9912019E-05   1.3871205E-05   6.1335736E-06  -1.8696848E-06  -9.1879219E-06  -1.6091166E-05  -2.3307965E-05  -3.0297448E-05  -3.5719211E-05  -3.6948688E-05  -3.1990126E-05  -2.1697886E-05  -1.0578485E-05  -3.2358428E-06  -5.0092808E-07  -2.6935732E-08  -1.6924940E-08  -1.4816726E-08  -1.0518578E-08  -4.5065796E-09   0.0000000E+00
   0.0000000E+00   0.0000000E+00   0.0000000E+00   0.0000000E+00   0.0000000E+00   0.0000000E+00   0.0000000E+00   0.0000000E+00   0.0000000E+00   0.0000000E+00   0.0000000E+00   0.0000000E+00   0.0000000E+00   0.0000000E+00   0.0000000E+00   0.0000000E+00   0.0000000E+00   0.0000000E+00   0.0000000E+00   0.0000000E+00   0.0000000E+00   0.0000000E+00   0.0000000E+00   0.0000000E+00   0.0000000E+00   0.0000000E+00   0.0000000E+00   0.0000000E+00   0.0000000E+00   0.0000000E+00   0.0000000E+00   0.0000000E+00   0.0000000E+00   4.2378653E-12   7.6112019E-11   1.7594325E-10   4.6508394E-10   1.1951838E-09   2.8875724E-09   6.3432841E-09   1.2386165E-08   2.1282762E-08   3.2693137E-08   4.6800309E-08   6.4307876E-08   8.4100670E-08   1.0281566E-07   1.1558429E-07   1.1878348E-07   1.1394453E-07   1.0955763E-07   1.1599868E-07   1.3479284E-07   1.5821814E-07   1.8709976E-07   2.2222228E-07   2.6402978E-07   3.1281871E-07   3.6854408E-07   4.3155373E-07   5.0388911E-07   5.8956442E-07   6.9566795E-07   8.3348766E-07   1.0188390E-06   1.2719347E-06   1.6195743E-06   2.1011726E-06   2.7746212E-06   3.7192826E-06   5.0328490E-06   6.8258996E-06   9.1943293E-06   1.2162036E-05   1.5597087E-05   1.9118459E-05   2.2047774E-05   2.3489862E-05   2.2586995E-05   1.8898567E-05   1.2698693E-05   5.0060989E-06  -2.8479801E-06  -1.0069489E-05  -1.6963226E-05  -2.4096063E-05  -3.0792096E-05  -3.5586600E-05  -3.6013178E-05  -3.0497562E-05  -2.0287694E-05  -9.7627126E-06  -2.9793605E-06  -4.6608599E-07  -2.6318725E-08  -1.6759744E-08  -1.4546651E-08  -1.0205101E-08  -4.3077844E-09   0.0000000E+00
   0.0000000E+00   0.0000000E+00   0.0000000E+00   0.0000000E+00   0.0000000E+00   0.0000000E+00   0.0000000E+00   0.0000000E+00   0.0000000E+00   0.0000000E+00   0.0000000E+00   0.0000000E+00   0.0000000E+00   0.0000000E+00   0.0000000E+00   0.0000000E+00   0.0000000E+00   0.0000000E+00   0.0000000E+00   0.0000000E+00   0.0000000E+00   0.0000000E+00   0.0000000E+00   0.0000000E+00   0.0000000E+00   0.0000000E+00   0.0000000E+00   0.0000000E+00   0.0000000E+00   0.0000000E+00   0.0000000E+00   0.0000000E+00   0.0000000E+00   4.0133011E-11   1.0733332E-10   2.7451488E-10   7.0090517E-10   1.7134676E-09   3.8970756E-09   8.0330889E-09   1.4752992E-08   2.4068605E-08   3.5643328E-08   4.9835108E-08   6.7158759E-08   8.6194994E-08   1.0358137E-07   1.1495428E-07   1.1756939E-07   1.1359565E-07   1.1113288E-07   1.1924823E-07   1.3880130E-07   1.6308708E-07   1.9296505E-07   2.2914730E-07   2.7196683E-07   3.2163348E-07   3.7820718E-07   4.4236484E-07   5.1656195E-07   6.0534012E-07   7.1640341E-07   8.6171775E-07   1.0577530E-06   1.3256572E-06   1.6940995E-06   2.2054041E-06   2.9207365E-06   3.9217066E-06   5.3063932E-06   7.1809968E-06   9.6276099E-06   1.2642801E-05   1.6054964E-05   1.9441395E-05   2.2102879E-05   2.3170371E-05   2.1869222E-05   1.7872102E-05   1.1543434E-05   3.9077081E-06  -3.8065061E-06  -1.0942390E-05  -1.7815599E-05  -2.4832903E-05  -3.1193489E-05  -3.5348810E-05  -3.5020817E-05  -2.9037665E-05  -1.8966877E-05  -9.0163685E-06  -2.7456913E-06  -4.3396611E-07  -2.5729175E-08  -1.6589643E-08  -1.4276471E-08  -9.8993524E-09  -4.1184616E-09   0.0000000E+00
   0.0000000E+00   0.0000000E+00   0.0000000E+00   0.0000000E+00   0.0000000E+00   0.0000000E+00   0.0000000E+00   0.0000000E+00   0.0000000E+00   0.0000000E+00   0.0000000E+00   0.0000000E+00   0.0000000E+00   0.0000000E+00   0.0000000E+00   0.0000000E+00   0.0000000E+00   0.0000000E+00   0.0000000E+00   0.0000000E+00   0.0000000E+00   0.0000000E+00   0.0000000E+00   0.0000000E+00   0.0000000E+00   0.0000000E+00   0.0000000E+00   0.0000000E+00   0.0000000E+00   0.0000000E+00   0.0000000E+00   0.0000000E+00   4.8717879E-12   7.9538230E-11   1.6822538E-10   4.2036682E-10   1.0280701E-09   2.3813789E-09   5.1003428E-09   9.8941273E-09   1.7179538E-08   2.6785401E-08   3.8463458E-08   5.2697271E-08   6.9767246E-08   8.8015753E-08   1.0416029E-07   1.1435325E-07   1.1662340E-07   1.1360896E-07   1.1296984E-07   1.2263311E-07   1.4295901E-07   1.6812858E-07   1.9900969E-07   2.3622847E-07   2.8001975E-07   3.3054917E-07   3.8802227E-07   4.5346360E-07   5.2975292E-07   6.2196432E-07   7.3842517E-07   8.9177223E-07   1.0991741E-06   1.3828759E-06   1.7735986E-06   2.3165992E-06   3.0760771E-06   4.1354833E-06   5.5924179E-06   7.5470543E-06   1.0065452E-05   1.3115157E-05   1.6485377E-05   1.9716288E-05   2.2096352E-05   2.2791299E-05   2.1112048E-05   1.6837383E-05   1.0406937E-05   2.8369041E-06  -4.7466988E-06  -1.1804880E-05  -1.8643535E-05  -2.5513216E-05  -3.1501655E-05  -3.5014524E-05  -3.3984456E-05  -2.7616843E-05  -1.7731110E-05  -8.3330269E-06  -2.5325912E-06  -4.0433744E-07  -2.5165111E-08  -1.6414969E-08  -1.4006576E-08  -9.6013082E-09  -3.9381258E-09   0.0000000E+00
   0.0000000E+00   0.0000000E+00   0.0000000E+00   0.0000000E+00   0.0000000E+00   0.0000000E+00   0.0000000E+00   0.0000000E+00   0.0000000E+00   0.0000000E+00   0.0000000E+00   0.0000000E+00   0.0000000E+00   0.0000000E+00   0.0000000E+00   0.0000000E+00   0.0000000E+00   0.0000000E+00   0.0000000E+00   0.0000000E+00   0.0000000E+00   0.0000000E+00   0.0000000E+00   0.0000000E+00   0.0000000E+00   0.0000000E+00   0.0000000E+00   0.0000000E+00   0.0000000E+00   0.0000000E+00   0.0000000E+00   0.0000000E+00   4.5010648E-11   1.0833012E-10   2.6028821E-10   6.2810046E-10   1.4641328E-09   3.2092964E-09   6.4840791E-09   1.1883072E-08   1.9615451E-08   2.9409140E-08   4.1152365E-08   5.5389339E-08   7.2147330E-08   8.9598636E-08   1.0460219E-07   1.1381937E-07   1.1594854E-07   1.1395898E-07   1.1504859E-07   1.2615560E-07   1.4727010E-07   1.7334298E-07   2.0522734E-07   2.4345636E-07   2.8818496E-07   3.3957582E-07   3.9801668E-07   4.6489512E-07   5.4352472E-07   6.3951762E-07   7.6183028E-07   9.2377326E-07   1.1432795E-06   1.4438543E-06   1.8584184E-06   2.4351398E-06   3.2409800E-06   4.3607401E-06   5.8905430E-06   7.9228030E-06   1.0505456E-05   1.3575770E-05   1.6884991E-05   1.9941363E-05   2.2029324E-05   2.2356762E-05   2.0320913E-05   1.5798574E-05   9.2902328E-06   1.7922100E-06  -5.6695321E-06  -1.2654796E-05  -1.9442370E-05  -2.6132650E-05  -3.1717856E-05  -3.4592766E-05  -3.2915716E-05  -2.6239934E-05  -1.6575914E-05  -7.7068989E-06  -2.3380576E-06  -3.7699010E-07  -2.4624716E-08  -1.6236045E-08  -1.3737331E-08  -9.3109254E-09  -3.7663206E-09   0.0000000E+00
   0.0000000E+00   0.0000000E+00   0.0000000E+00   0.0000000E+00   0.0000000E+00   0.0000000E+00   0.0000000E+00   0.0000000E+00   0.0000000E+00   0.0000000E+00   0.0000000E+00   0.0000000E+00   0.0000000E+00   0.0000000E+00   0.0000000E+00   0.0000000E+00   0.0000000E+00   0.0000000E+00   0.0000000E+00   0.0000000E+00   0.0000000E+00   0.0000000E+00   0.0000000E+00   0.0000000E+00   0.0000000E+00   0.0000000E+00   0.0000000E+00   0.0000000E+00   0.0000000E+00   0.0000000E+00   0.0000000E+00   5.8151882E-12   8.6727597E-11   1.6734771E-10   3.9431652E-10   9.1276192E-10   2.0232938E-09   4.1988337E-09   8.0246503E-09   1.3954389E-08   2.2020558E-08   3.1927279E-08   4.3712589E-08   5.7915944E-08   7.4315736E-08   9.0979121E-08   1.0495160E-07   1.1338317E-07   1.1554388E-07   1.1462265E-07   1.1735310E-07   1.2981828E-07   1.5173781E-07   1.7872918E-07   2.1161104E-07   2.5082286E-07   2.9646165E-07   3.4872676E-07   4.0822093E-07   4.7670770E-07   5.5794311E-07   6.5808359E-07   7.8672048E-07   9.5785367E-07   1.1902624E-06   1.5088705E-06   1.9489116E-06   2.5613972E-06   3.4157383E-06   4.5975071E-06   6.2002209E-06   8.3067689E-06   1.0945062E-05   1.4021335E-05   1.7250799E-05   2.0115378E-05   2.1903426E-05   2.1871012E-05   1.9500982E-05   1.4759285E-05   8.1939543E-06   7.7223876E-07  -6.5755326E-06  -1.3489652E-05  -2.0207633E-05  -2.6687778E-05  -3.1844440E-05  -3.4092653E-05  -3.1825010E-05  -2.4910447E-05  -1.5496786E-05  -7.1327672E-06  -2.1603016E-06  -3.5173304E-07  -2.4106294E-08  -1.6053201E-08  -1.3469080E-08  -9.0281445E-09  -3.6026111E-09   0.0000000E+00
