   0.0000000E+00   0.0000000E+00   0.0000000E+00   0.0000000E+00   0.0000000E+00   0.0000000E+00   0.0000000E+00   0.0000000E+00   0.0000000E+00   0.0000000E+00   0.0000000E+00   0.0000000E+00   0.0000000E+00   0.0000000E+00   0.0000000E+00   0.0000000E+00   0.0000000E+00   0.0000000E+00   0.0000000E+00   0.0000000E+00   0.0000000E+00   0.0000000E+00   0.0000000E+00   0.0000000E+00   0.0000000E+00   0.0000000E+00   0.0000000E+00   0.0000000E+00   0.0000000E+00   0.0000000E+00   0.0000000E+00   0.0000000E+00   0.0000000E+00   0.0000000E+00   0.0000000E+00   0.0000000E+00   0.0000000E+00   0.0000000E+00   0.0000000E+00   0.0000000E+00   0.0000000E+00   0.0000000E+00   0.0000000E+00   0.0000000E+00   0.0000000E+00   0.0000000E+00   0.0000000E+00   0.0000000E+00   0.0000000E+00   0.0000000E+00   0.0000000E+00   0.0000000E+00   0.0000000E+00   0.0000000E+00   0.0000000E+00   0.0000000E+00   0.0000000E+00   0.0000000E+00   0.0000000E+00   0.0000000E+00   0.0000000E+00   0.0000000E+00   0.0000000E+00   0.0000000E+00   0.0000000E+00   0.0000000E+00   0.0000000E+00   0.0000000E+00   0.0000000E+00   0.0000000E+00   0.0000000E+00   0.0000000E+00   0.0000000E+00   0.0000000E+00   0.0000000E+00   0.0000000E+00   0.0000000E+00   0.0000000E+00   0.0000000E+00   0.0000000E+00   0.0000000E+00   0.0000000E+00   0.0000000E+00   0.0000000E+00   0.0000000E+00   0.0000000E+00   0.0000000E+00   0.0000000E+00   0.0000000E+00   0.0000000E+00   0.0000000E+00   0.0000000E+00   0.0000000E+00   0.0000000E+00   0.0000000E+00   0.0000000E+00   0.0000000E+00   0.0000000E+00   0.0000000E+00   0.0000000E+00
   0.0000000E+00   0.0000000E+00   0.0000000E+00   0.0000000E+00   0.0000000E+00   0.0000000E+00   0.0000000E+00   0.0000000E+00   0.0000000E+00   0.0000000E+00   0.0000000E+00   0.0000000E+00   0.0000000E+00   0.0000000E+00   0.0000000E+00   0.0000000E+00   0.0000000E+00   0.0000000E+00   0.0000000E+00   0.0000000E+00   0.0000000E+00   0.0000000E+00   0.0000000E+00   0.0000000E+00   0.0000000E+00   0.0000000E+00   0.0000000E+00   0.0000000E+00   0.0000000E+00   0.0000000E+00   0.0000000E+00   0.0000000E+00   0.0000000E+00   0.0000000E+00   0.0000000E+00   0.0000000E+00   0.0000000E+00   0.0000000E+00   0.0000000E+00   0.0000000E+00   0.0000000E+00   0.0000000E+00   0.0000000E+00   0.0000000E+00   0.0000000E+00   0.0000000E+00   0.0000000E+00   0.0000000E+00   0.0000000E+00   0.0000000E+00   0.0000000E+00   0.0000000E+00   0.0000000E+00   0.0000000E+00   0.0000000E+00   0.0000000E+00   0.0000000E+00   0.0000000E+00   0.0000000E+00   0.0000000E+00   0.0000000E+00   0.0000000E+00   0.0000000E+00   0.0000000E+00   0.0000000E+00   0.0000000E+00   0.0000000E+00   0.0000000E+00   0.0000000E+00   0.0000000E+00   0.0000000E+00   0.0000000E+00   0.0000000E+00   0.0000000E+00   0.0000000E+00   0.0000000E+00   0.0000000E+00   0.0000000E+00   0.0000000E+00   0.0000000E+00   0.0000000E+00   0.0000000E+00   0.0000000E+00   0.0000000E+00   0.0000000E+00   0.0000000E+00   0.0000000E+00   0.0000000E+00   0.0000000E+00   0.0000000E+00   0.0000000E+00   0.0000000E+00   0.0000000E+00   0.0000000E+00   0.0000000E+00   0.0000000E+00   0.0000000E+00   0.0000000E+00   0.0000000E+00   0.0000000E+00
   0.0000000E+00   0.0000000E+00   0.0000000E+00   0.0000000E+00   0.0000000E+00   0.0000000E+00   0.0000000E+00   0.0000000E+00   0.0000000E+00   0.0000000E+00   0.0000000E+00   0.0000000E+00   0.0000000E+00   0.0000000E+00   0.0000000E+00   0.0000000E+00   0.0000000E+00   0.0000000E+00   0.0000000E+00   0.0000000E+00   0.0000000E+00   0.0000000E+00   0.0000000E+00   0.0000000E+00   0.0000000E+00   0.0000000E+00   0.0000000E+00   0.0000000E+00   0.0000000E+00   0.0000000E+00   0.0000000E+00   0.0000000E+00   0.0000000E+00   0.0000000E+00   0.0000000E+00   0.0000000E+00   0.0000000E+00   0.0000000E+00   0.0000000E+00   0.0000000E+00   0.0000000E+00   0.0000000E+00   0.0000000E+00   0.0000000E+00   0.0000000E+00   0.0000000E+00   0.0000000E+00   0.0000000E+00   0.0000000E+00   0.0000000E+00   0.0000000E+00   0.0000000E+00   0.0000000E+00   0.0000000E+00   0.0000000E+00   0.0000000E+00   0.0000000E+00   0.0000000E+00   0.0000000E+00   0.0000000E+00   0.0000000E+00   0.0000000E+00   0.0000000E+00   0.0000000E+00   0.0000000E+00   0.0000000E+00   0.0000000E+00   0.0000000E+00   0.0000000E+00   0.0000000E+00   0.0000000E+00   0.0000000E+00   0.0000000E+00   0.0000000E+00   0.0000000E+00   0.0000000E+00   0.0000000E+00   0.0000000E+00   0.0000000E+00   0.0000000E+00   0.0000000E+00   0.0000000E+00   0.0000000E+00   0.0000000E+00   0.0000000E+00   0.0000000E+00   0.0000000E+00   0.0000000E+00   0.0000000E+00   0.0000000E+00   0.0000000E+00   0.0000000E+00   0.0000000E+00   0.0000000E+00   0.0000000E+00   0.0000000E+00   0.0000000E+00   0.0000000E+00   0.0000000E+00   0.0000000E+00
   0.0000000E+00   0.0000000E+00   0.0000000E+00   0.0000000E+00   0.0000000E+00   0.0000000E+00   0.0000000E+00   0.0000000E+00   0.0000000E+00   0.0000000E+00   0.0000000E+00   0.0000000E+00   0.0000000E+00   0.0000000E+00   0.0000000E+00   0.0000000E+00   0.0000000E+00   0.0000000E+00   0.0000000E+00   0.0000000E+00   0.0000000E+00   0.0000000E+00   0.0000000E+00   0.0000000E+00   0.0000000E+00   0.0000000E+00   0.0000000E+00   0.0000000E+00   0.0000000E+00   0.0000000E+00   0.0000000E+00   0.0000000E+00   0.0000000E+00   0.0000000E+00   0.0000000E+00   0.0000000E+00   0.0000000E+00   0.0000000E+00   0.0000000E+00   0.0000000E+00   0.0000000E+00   0.0000000E+00   0.0000000E+00   0.0000000E+00   0.0000000E+00   0.0000000E+00   0.0000000E+00   0.0000000E+00   0.0000000E+00   0.0000000E+00   0.0000000E+00   0.0000000E+00   0.0000000E+00   0.0000000E+00   0.0000000E+00   0.0000000E+00   0.0000000E+00   0.0000000E+00   0.0000000E+00   0.0000000E+00   0.0000000E+00   0.0000000E+00   0.0000000E+00   0.0000000E+00   0.0000000E+00   0.0000000E+00   0.0000000E+00   0.0000000E+00   0.0000000E+00   0.0000000E+00   0.0000000E+00   0.0000000E+00   0.0000000E+00   0.0000000E+00   0.0000000E+00   0.0000000E+00   0.0000000E+00   0.0000000E+00   0.0000000E+00   0.0000000E+00   0.0000000E+00   0.0000000E+00   0.0000000E+00   0.0000000E+00   0.0000000E+00   0.0000000E+00   0.0000000E+00   0.0000000E+00   7.6419470E-12   3.7425515E-10   4.2458055E-09   2.4465722E-08   2.0235209E-06   1.6781041E-05   7.2902080E-06  -3.6050246E-06  -3.4340053E-06  -4.4090111E-06  -1.5983005E-05   0.0000000E+00
   0.0000000E+00   0.0000000E+00   0.0000000E+00   0.0000000E+00   0.0000000E+00   0.0000000E+00   0.0000000E+00   0.0000000E+00   0.0000000E+00   0.0000000E+00   0.0000000E+00   0.0000000E+00   0.0000000E+00   0.0000000E+00   0.0000000E+00   0.0000000E+00   0.0000000E+00   0.0000000E+00   0.0000000E+00   0.0000000E+00   0.0000000E+00   0.0000000E+00   0.0000000E+00   0.0000000E+00   0.0000000E+00   0.0000000E+00   0.0000000E+00   0.0000000E+00   0.0000000E+00   0.0000000E+00   0.0000000E+00   0.0000000E+00   0.0000000E+00   0.0000000E+00   0.0000000E+00   0.0000000E+00   0.0000000E+00   0.0000000E+00   0.0000000E+00   0.0000000E+00   0.0000000E+00   0.0000000E+00   0.0000000E+00   0.0000000E+00   0.0000000E+00   0.0000000E+00   0.0000000E+00   0.0000000E+00   0.0000000E+00   0.0000000E+00   0.0000000E+00   0.0000000E+00   1.3372714E-12   3.3764018E-13   4.2609988E-13   5.2730173E-13   1.0020344E-12   9.8475232E-13   1.2417346E-12   1.5645558E-12   1.9700142E-12   2.4791942E-12   3.1185527E-12   3.9212791E-12   4.9289865E-12   6.1938137E-12   7.7810319E-12   9.7722420E-12   1.2269308E-11   1.5399111E-11   1.9319287E-11   2.4224994E-11   3.0356790E-11   3.8009471E-11   4.7541564E-11   5.9384615E-11   7.4050550E-11   9.2133953E-11   1.1430261E-10   1.4126435E-10   1.7368537E-10   2.1201077E-10   2.5608249E-10   3.0434660E-10   3.5599609E-10   8.1675339E-10   1.0591060E-09   7.4729289E-10   5.5687205E-10   3.8351328E-10   6.6399934E-09   2.1352241E-07   6.0733701E-06   2.9830304E-05   2.2134373E-06  -5.1929751E-06  -5.0913909E-06  -7.1289023E-06  -2.2997205E-05   0.0000000E+00
   0.0000000E+00   0.0000000E+00   0.0000000E+00   0.0000000E+00   0.0000000E+00   0.0000000E+00   0.0000000E+00   0.0000000E+00   0.0000000E+00   0.0000000E+00   0.0000000E+00   0.0000000E+00   0.0000000E+00   0.0000000E+00   0.0000000E+00   0.0000000E+00   0.0000000E+00   0.0000000E+00   0.0000000E+00   0.0000000E+00   0.0000000E+00   0.0000000E+00   0.0000000E+00   0.0000000E+00   0.0000000E+00   0.0000000E+00   0.0000000E+00   0.0000000E+00   0.0000000E+00   0.0000000E+00   0.0000000E+00   0.0000000E+00   0.0000000E+00   0.0000000E+00   0.0000000E+00   0.0000000E+00   0.0000000E+00   0.0000000E+00   0.0000000E+00   0.0000000E+00   0.0000000E+00   0.0000000E+00   0.0000000E+00   0.0000000E+00   0.0000000E+00   0.0000000E+00   0.0000000E+00   0.0000000E+00   0.0000000E+00   0.0000000E+00   1.5619155E-12   1.8471461E-12   2.1639184E-12   1.4891954E-12   1.8763732E-12   2.3816465E-12   4.4996498E-12   4.1998536E-12   5.2752819E-12   6.6199628E-12   8.3007195E-12   1.0400920E-11   1.3024559E-11   1.6301340E-11   2.0392986E-11   2.5501046E-11   3.1876536E-11   3.9831922E-11   4.9755523E-11   6.2129385E-11   7.7550598E-11   9.6756832E-11   1.2065615E-10   1.5036104E-10   1.8722560E-10   2.3288246E-10   2.8927385E-10   3.5866160E-10   4.4358855E-10   5.4673233E-10   6.7052702E-10   8.1629364E-10   9.8231689E-10   1.1598640E-09   1.3352895E-09   1.4470684E-09   1.5157308E-09   1.0588792E-09  -2.2947305E-10  -1.1075869E-09   2.9249914E-08   7.5140730E-07   1.0117026E-05   3.4159930E-05  -1.0957729E-06  -5.8916098E-06  -5.9351441E-06  -8.8036222E-06  -2.5808033E-05   0.0000000E+00
   0.0000000E+00   0.0000000E+00   0.0000000E+00   0.0000000E+00   0.0000000E+00   0.0000000E+00   0.0000000E+00   0.0000000E+00   0.0000000E+00   0.0000000E+00   0.0000000E+00   0.0000000E+00   0.0000000E+00   0.0000000E+00   0.0000000E+00   0.0000000E+00   0.0000000E+00   0.0000000E+00   0.0000000E+00   0.0000000E+00   0.0000000E+00   0.0000000E+00   0.0000000E+00   0.0000000E+00   0.0000000E+00   0.0000000E+00   0.0000000E+00   0.0000000E+00   0.0000000E+00   0.0000000E+00   0.0000000E+00   0.0000000E+00   0.0000000E+00   0.0000000E+00   0.0000000E+00   0.0000000E+00   0.0000000E+00   0.0000000E+00   0.0000000E+00   0.0000000E+00   0.0000000E+00   0.0000000E+00   0.0000000E+00   0.0000000E+00   0.0000000E+00   0.0000000E+00   0.0000000E+00   0.0000000E+00   0.0000000E+00   0.0000000E+00   5.1361996E-12   6.8063281E-12   4.7792928E-12   4.5795186E-12   5.7825975E-12   7.3668936E-12   1.1677868E-11   1.2351551E-11   1.5506521E-11   1.9432175E-11   2.4309532E-11   3.0360870E-11   3.7859132E-11   4.7139553E-11   5.8614141E-11   7.2789760E-11   9.0290248E-11   1.1188467E-10   1.3852086E-10   1.7136793E-10   2.1186682E-10   2.6179114E-10   3.2331832E-10   3.9911000E-10   4.9239851E-10   6.0707012E-10   7.4772372E-10   9.1966335E-10   1.1287320E-09   1.3807974E-09   1.6804892E-09   2.0283413E-09   2.4145637E-09   2.8063154E-09   3.1329752E-09   3.2104372E-09   2.8596769E-09   1.1870783E-09  -2.0878825E-09  -1.9908697E-09   7.7212363E-08   1.3287745E-06   1.3984575E-05   3.4027245E-05  -2.9918456E-06  -6.1955147E-06  -6.3937478E-06  -9.8680484E-06  -2.6671589E-05   0.0000000E+00
   0.0000000E+00   0.0000000E+00   0.0000000E+00   0.0000000E+00   0.0000000E+00   0.0000000E+00   0.0000000E+00   0.0000000E+00   0.0000000E+00   0.0000000E+00   0.0000000E+00   0.0000000E+00   0.0000000E+00   0.0000000E+00   0.0000000E+00   0.0000000E+00   0.0000000E+00   0.0000000E+00   0.0000000E+00   0.0000000E+00   0.0000000E+00   0.0000000E+00   0.0000000E+00   0.0000000E+00   0.0000000E+00   0.0000000E+00   0.0000000E+00   0.0000000E+00   0.0000000E+00   0.0000000E+00   0.0000000E+00   0.0000000E+00   0.0000000E+00   0.0000000E+00   0.0000000E+00   0.0000000E+00   0.0000000E+00   0.0000000E+00   0.0000000E+00   0.0000000E+00   0.0000000E+00   0.0000000E+00   0.0000000E+00   0.0000000E+00   0.0000000E+00   0.0000000E+00   0.0000000E+00   0.0000000E+00   0.0000000E+00   0.0000000E+00   1.4050280E-11   1.9914308E-11   1.2663389E-11   1.4978350E-11   1.5382270E-11   1.8257564E-11   2.4667574E-11   2.8359525E-11   3.5013322E-11   4.0227995E-11   1.9990143E-11   6.2908456E-11   7.8456519E-11   9.7748483E-11   1.2167010E-10   1.5131359E-10   1.8802417E-10   2.3345820E-10   2.8965083E-10   3.5910000E-10   4.4487211E-10   5.5160343E-10   7.3302775E-10   1.2491679E-09   1.2193131E-09   1.5371071E-09   1.9376531E-09   2.4393338E-09   2.8400133E-09   2.7039282E-09   3.3056280E-09   3.9903632E-09   4.7242414E-09   5.4135518E-09   5.8572476E-09   5.6270362E-09   4.2423260E-09   4.3381468E-10  -5.0001026E-09   2.1500543E-10   1.6680491E-07   2.0015193E-06   1.7563501E-05   3.1398518E-05  -3.7583422E-06  -6.3236762E-06  -6.6674393E-06  -1.0586527E-05  -2.6643580E-05   0.0000000E+00
   0.0000000E+00   0.0000000E+00   0.0000000E+00   0.0000000E+00   0.0000000E+00   0.0000000E+00   0.0000000E+00   0.0000000E+00   0.0000000E+00   0.0000000E+00   0.0000000E+00   0.0000000E+00   0.0000000E+00   0.0000000E+00   0.0000000E+00   0.0000000E+00   0.0000000E+00   0.0000000E+00   0.0000000E+00   0.0000000E+00   0.0000000E+00   0.0000000E+00   0.0000000E+00   0.0000000E+00   0.0000000E+00   0.0000000E+00   0.0000000E+00   0.0000000E+00   0.0000000E+00   0.0000000E+00   0.0000000E+00   0.0000000E+00   0.0000000E+00   0.0000000E+00   0.0000000E+00   0.0000000E+00   0.0000000E+00   0.0000000E+00   0.0000000E+00   0.0000000E+00   0.0000000E+00   0.0000000E+00   0.0000000E+00   0.0000000E+00   0.0000000E+00   0.0000000E+00   0.0000000E+00   0.0000000E+00   0.0000000E+00   0.0000000E+00   3.4236888E-11   2.4506784E-11   1.9237546E-11   2.2508993E-11   2.5690377E-11   3.1734997E-11   4.2258023E-11   4.9798728E-11   6.1771158E-11   7.0601129E-11   6.7194042E-11   1.1651988E-10   1.4572049E-10   1.8207984E-10   2.2730640E-10   2.8135833E-10   9.3621902E-11   3.7120909E-10   4.5992027E-10   5.6915850E-10   7.0352341E-10   8.7240348E-10   1.1786259E-09   1.6880308E-09   1.8312002E-09   2.2876201E-09   2.8543512E-09   3.5495160E-09   4.1860311E-09   4.4158361E-09   1.1322522E-08   7.6369471E-09   8.8018348E-09   1.0144888E-08   1.9938144E-08   1.0537828E-08   2.6990861E-09  -2.9599254E-09  -9.2642978E-09   9.7852553E-09   3.6076423E-07   2.7165102E-06   2.0905138E-05   2.7477370E-05  -3.8906060E-06  -6.3737480E-06  -6.8522818E-06  -1.1108550E-05  -2.6214237E-05   0.0000000E+00
   0.0000000E+00   0.0000000E+00   0.0000000E+00   0.0000000E+00   0.0000000E+00   0.0000000E+00   0.0000000E+00   0.0000000E+00   0.0000000E+00   0.0000000E+00   0.0000000E+00   0.0000000E+00   0.0000000E+00   0.0000000E+00   0.0000000E+00   0.0000000E+00   0.0000000E+00   0.0000000E+00   0.0000000E+00   0.0000000E+00   0.0000000E+00   0.0000000E+00   0.0000000E+00   0.0000000E+00   0.0000000E+00   0.0000000E+00   0.0000000E+00   0.0000000E+00   0.0000000E+00   0.0000000E+00   0.0000000E+00   0.0000000E+00   0.0000000E+00   0.0000000E+00   0.0000000E+00   0.0000000E+00   0.0000000E+00   0.0000000E+00   0.0000000E+00   0.0000000E+00   0.0000000E+00   0.0000000E+00   0.0000000E+00   0.0000000E+00   0.0000000E+00   0.0000000E+00   0.0000000E+00   0.0000000E+00   0.0000000E+00   0.0000000E+00   5.9434964E-11   3.5883720E-11   2.9713617E-11   3.5289875E-11   4.2642098E-11   5.3801335E-11   7.1072107E-11   3.8772038E-11   9.4026259E-11   1.0793248E-10   1.1952946E-10   1.8100095E-10   2.2700934E-10   2.8437286E-10   3.5564765E-10   4.3407067E-10   1.9826517E-10   5.9253208E-10   7.3410023E-10   9.0774677E-10   1.1204213E-09   1.3891553E-09   1.8605990E-09   2.4407698E-09   2.7803126E-09   3.4361911E-09   4.2359245E-09   5.1950892E-09   6.1273955E-09   6.9057782E-09   1.5975090E-08   1.0971843E-08   1.3090681E-08   2.7750200E-08   2.5549566E-08   1.3184043E-08   2.8856135E-09  -5.0820064E-09   3.9876632E-08   2.9438947E-08   4.3368806E-07   3.6502015E-06   2.4163335E-05   2.3446020E-05  -4.3532564E-06  -6.3897660E-06  -6.9950233E-06  -1.1515254E-05  -2.5610570E-05   0.0000000E+00
   0.0000000E+00   0.0000000E+00   0.0000000E+00   0.0000000E+00   0.0000000E+00   0.0000000E+00   0.0000000E+00   0.0000000E+00   0.0000000E+00   0.0000000E+00   0.0000000E+00   0.0000000E+00   0.0000000E+00   0.0000000E+00   0.0000000E+00   0.0000000E+00   0.0000000E+00   0.0000000E+00   0.0000000E+00   0.0000000E+00   0.0000000E+00   0.0000000E+00   0.0000000E+00   0.0000000E+00   0.0000000E+00   0.0000000E+00   0.0000000E+00   0.0000000E+00   0.0000000E+00   0.0000000E+00   0.0000000E+00   0.0000000E+00   0.0000000E+00   0.0000000E+00   0.0000000E+00   0.0000000E+00   0.0000000E+00   0.0000000E+00   0.0000000E+00   0.0000000E+00   0.0000000E+00   0.0000000E+00   0.0000000E+00   0.0000000E+00   0.0000000E+00   0.0000000E+00   0.0000000E+00   0.0000000E+00   0.0000000E+00   2.4154791E-12   9.6082510E-11   5.3580859E-11   2.6467030E-11   5.1398399E-11   6.3896499E-11   8.1788014E-11   1.0735436E-10   6.8770427E-11   1.4807773E-10   1.7359648E-10   2.0297515E-10   3.0038966E-10   3.8067172E-10   4.8126214E-10   6.0617467E-10   7.3348760E-10   3.7632913E-10   1.0246717E-09   1.2703569E-09   1.5685749E-09   1.9292576E-09   2.3829660E-09   3.1624781E-09   4.0468948E-09   4.5836619E-09   5.5684688E-09   6.7256840E-09   8.0455482E-09   9.2196233E-09   1.0366087E-08   2.3380396E-08   1.4576837E-08   1.8043039E-08   3.1819930E-08   5.0564427E-08   2.6817796E-08   5.8669918E-09   2.3639495E-09   3.9610768E-09   5.3911521E-08   6.5736134E-07   5.0071189E-06   2.6996209E-05   1.9118421E-05  -4.8086554E-06  -6.3918296E-06  -7.1184713E-06  -1.1849748E-05  -2.4937592E-05   0.0000000E+00
   0.0000000E+00   0.0000000E+00   0.0000000E+00   0.0000000E+00   0.0000000E+00   0.0000000E+00   0.0000000E+00   0.0000000E+00   0.0000000E+00   0.0000000E+00   0.0000000E+00   0.0000000E+00   0.0000000E+00   0.0000000E+00   0.0000000E+00   0.0000000E+00   0.0000000E+00   0.0000000E+00   0.0000000E+00   0.0000000E+00   0.0000000E+00   0.0000000E+00   0.0000000E+00   0.0000000E+00   0.0000000E+00   0.0000000E+00   0.0000000E+00   0.0000000E+00   0.0000000E+00   0.0000000E+00   0.0000000E+00   0.0000000E+00   0.0000000E+00   0.0000000E+00   0.0000000E+00   0.0000000E+00   0.0000000E+00   0.0000000E+00   0.0000000E+00   0.0000000E+00   0.0000000E+00   0.0000000E+00   0.0000000E+00   0.0000000E+00   0.0000000E+00   0.0000000E+00   0.0000000E+00   0.0000000E+00   0.0000000E+00   6.0450941E-12   1.3674266E-10   7.7231700E-11   4.4131601E-11   8.3066116E-11   1.0625048E-10   1.3930318E-10   1.8437940E-10   1.3284034E-10   2.6950178E-10   3.2315514E-10   3.8799475E-10   5.6447691E-10   7.2432138E-10   9.2580404E-10   1.1758124E-09   1.4180696E-09   8.6737739E-10   2.0407973E-09   2.5328832E-09   3.1230643E-09   3.8263144E-09   4.7006337E-09   6.1314593E-09   7.6363396E-09   8.5773983E-09   1.0183595E-08   1.1960567E-08   1.3823122E-08   1.5260078E-08   1.6962412E-08   3.6054985E-08   1.9582229E-08   2.1907852E-08   5.8853161E-08   2.7606120E-08   4.7032749E-08  -1.1292042E-08  -9.1835126E-09   4.1044608E-08   1.0671631E-07   8.2870702E-07   6.2375921E-06   2.8575505E-05   1.6016002E-05  -5.1997008E-06  -6.3892016E-06  -7.2336302E-06  -1.2134818E-05  -2.4243809E-05   0.0000000E+00
   0.0000000E+00   0.0000000E+00   0.0000000E+00   0.0000000E+00   0.0000000E+00   0.0000000E+00   0.0000000E+00   0.0000000E+00   0.0000000E+00   0.0000000E+00   0.0000000E+00   0.0000000E+00   0.0000000E+00   0.0000000E+00   0.0000000E+00   0.0000000E+00   0.0000000E+00   0.0000000E+00   0.0000000E+00   0.0000000E+00   0.0000000E+00   0.0000000E+00   0.0000000E+00   0.0000000E+00   0.0000000E+00   0.0000000E+00   0.0000000E+00   0.0000000E+00   0.0000000E+00   0.0000000E+00   0.0000000E+00   0.0000000E+00   0.0000000E+00   0.0000000E+00   0.0000000E+00   0.0000000E+00   0.0000000E+00   0.0000000E+00   0.0000000E+00   0.0000000E+00   0.0000000E+00   0.0000000E+00   0.0000000E+00   0.0000000E+00   0.0000000E+00   0.0000000E+00   0.0000000E+00   0.0000000E+00   0.0000000E+00   1.2818656E-11   2.0778711E-10   1.2725282E-10   8.2447216E-11   1.4907825E-10   1.9665326E-10   2.6452412E-10   3.5430259E-10   2.9213684E-10   5.5316468E-10   6.8205874E-10   8.4221535E-10   1.2111164E-09   1.5754925E-09   2.0376001E-09   2.6104263E-09   3.1532541E-09   2.2863906E-09   4.6731476E-09   5.8019487E-09   7.1356392E-09   8.6947880E-09   1.0593359E-08   1.3507875E-08   1.6362218E-08   1.8107368E-08   2.0857634E-08   2.3585963E-08   2.5980329E-08   2.7124925E-08   2.8959194E-08   5.6969778E-08   2.3173522E-08   2.0660723E-08   1.6713674E-08   8.1046061E-08   4.4357471E-08  -4.6778879E-08  -1.3349535E-08   8.7277883E-09   1.4598821E-07   1.1988037E-06   7.9460342E-06   3.0687985E-05   1.1617036E-05  -5.5304799E-06  -6.3861753E-06  -7.3456486E-06  -1.2382658E-05  -2.3551554E-05   0.0000000E+00
   0.0000000E+00   0.0000000E+00   0.0000000E+00   0.0000000E+00   0.0000000E+00   0.0000000E+00   0.0000000E+00   0.0000000E+00   0.0000000E+00   0.0000000E+00   0.0000000E+00   0.0000000E+00   0.0000000E+00   0.0000000E+00   0.0000000E+00   0.0000000E+00   0.0000000E+00   0.0000000E+00   0.0000000E+00   0.0000000E+00   0.0000000E+00   0.0000000E+00   0.0000000E+00   0.0000000E+00   0.0000000E+00   0.0000000E+00   0.0000000E+00   0.0000000E+00   0.0000000E+00   0.0000000E+00   0.0000000E+00   0.0000000E+00   0.0000000E+00   0.0000000E+00   0.0000000E+00   0.0000000E+00   0.0000000E+00   0.0000000E+00   0.0000000E+00   0.0000000E+00   0.0000000E+00   0.0000000E+00   0.0000000E+00   0.0000000E+00   0.0000000E+00   0.0000000E+00   0.0000000E+00   0.0000000E+00   0.0000000E+00   2.6771467E-11   3.5163567E-10   2.2983632E-10   1.7214323E-10   3.0026226E-10   4.0905251E-10   5.6507354E-10   7.6888107E-10   7.2090561E-10   1.2848486E-09   1.6324009E-09   2.0723683E-09   2.9613505E-09   3.9058805E-09   5.1102678E-09   6.6005827E-09   8.0074543E-09   6.6765873E-09   1.2164741E-08   1.5082293E-08   1.8462771E-08   2.2315701E-08   2.6864171E-08   3.3355171E-08   3.9226911E-08   4.2373252E-08   4.6895583E-08   5.0340578E-08   5.1725003E-08   4.9269687E-08   4.7754959E-08   8.6062435E-08   1.1303497E-08  -6.2378240E-09   3.2869302E-08  -6.6148900E-08   4.3762615E-08  -8.7034635E-08  -3.6523804E-08   5.7865631E-08   1.9836841E-07   1.5123800E-06   9.5504874E-06   3.1916788E-05   8.1340495E-06  -5.8147652E-06  -6.3847274E-06  -7.4567683E-06  -1.2600035E-05  -2.2870978E-05   0.0000000E+00
   0.0000000E+00   0.0000000E+00   0.0000000E+00   0.0000000E+00   0.0000000E+00   0.0000000E+00   0.0000000E+00   0.0000000E+00   0.0000000E+00   0.0000000E+00   0.0000000E+00   0.0000000E+00   0.0000000E+00   0.0000000E+00   0.0000000E+00   0.0000000E+00   0.0000000E+00   0.0000000E+00   0.0000000E+00   0.0000000E+00   0.0000000E+00   0.0000000E+00   0.0000000E+00   0.0000000E+00   0.0000000E+00   0.0000000E+00   0.0000000E+00   0.0000000E+00   0.0000000E+00   0.0000000E+00   0.0000000E+00   0.0000000E+00   0.0000000E+00   0.0000000E+00   0.0000000E+00   0.0000000E+00   0.0000000E+00   0.0000000E+00   0.0000000E+00   0.0000000E+00   0.0000000E+00   0.0000000E+00   0.0000000E+00   0.0000000E+00   0.0000000E+00   0.0000000E+00   0.0000000E+00   0.0000000E+00   0.0000000E+00   5.8922332E-11   6.6703060E-10   4.6194934E-10   4.0017539E-10   6.8023176E-10   9.5720609E-10   1.3582461E-09   1.8830166E-09   1.9736515E-09   3.3615193E-09   4.3978297E-09   5.7344973E-09   8.1806455E-09   1.0933760E-08   1.4458877E-08   1.8806020E-08   2.2922961E-08   2.1241171E-08   3.5455361E-08   4.3784276E-08   5.3180926E-08   6.3518335E-08   7.5184268E-08   9.0493728E-08   1.0273779E-07   1.0696160E-07   1.1199575E-07   1.1140173E-07   1.0236964E-07   8.1514713E-08   6.0753948E-08   1.0038685E-07  -7.0021507E-08  -1.1867297E-07  -1.2345301E-07  -1.0884285E-07  -5.7525501E-08  -1.8688462E-07  -6.2611662E-08   2.7798210E-08   2.6749348E-07   2.0238599E-06   1.1646786E-05   3.1582164E-05   5.4962075E-06  -6.0644356E-06  -6.3857428E-06  -7.5677985E-06  -1.2790948E-05  -2.2206565E-05   0.0000000E+00
   0.0000000E+00   0.0000000E+00   0.0000000E+00   0.0000000E+00   0.0000000E+00   0.0000000E+00   0.0000000E+00   0.0000000E+00   0.0000000E+00   0.0000000E+00   0.0000000E+00   0.0000000E+00   0.0000000E+00   0.0000000E+00   0.0000000E+00   0.0000000E+00   0.0000000E+00   0.0000000E+00   0.0000000E+00   0.0000000E+00   0.0000000E+00   0.0000000E+00   0.0000000E+00   0.0000000E+00   0.0000000E+00   0.0000000E+00   0.0000000E+00   0.0000000E+00   0.0000000E+00   0.0000000E+00   0.0000000E+00   0.0000000E+00   0.0000000E+00   0.0000000E+00   0.0000000E+00   0.0000000E+00   0.0000000E+00   0.0000000E+00   0.0000000E+00   0.0000000E+00   0.0000000E+00   0.0000000E+00   0.0000000E+00   0.0000000E+00   0.0000000E+00   0.0000000E+00   0.0000000E+00   0.0000000E+00   4.3334329E-12   1.3712821E-10   1.4193549E-09   1.0389600E-09   1.0298012E-09   1.7268030E-09   2.5090927E-09   3.6570542E-09   5.1766418E-09   5.9519039E-09   9.8384110E-09   1.3231184E-08   1.7697664E-08   2.5291232E-08   3.4219184E-08   4.5674042E-08   5.9708263E-08   7.3018256E-08   7.3031615E-08   1.1404295E-07   1.3974059E-07   1.6762985E-07   1.9671594E-07   2.2730148E-07   2.6320288E-07   2.8506437E-07   2.8031710E-07   2.6973623E-07   2.3599144E-07   1.7257683E-07   7.5562191E-08  -2.2134563E-08  -2.3890777E-08  -3.9635515E-07  -4.8106892E-07  -3.0724644E-07  -5.7289526E-07  -2.2049797E-07  -2.8293709E-07  -8.5704848E-08   7.0615933E-08   3.7240241E-07   2.4695323E-06   1.3508088E-05   3.2137272E-05   2.1416918E-06  -6.2879012E-06  -6.3895818E-06  -7.6788547E-06  -1.2957993E-05  -2.1560132E-05   0.0000000E+00
   0.0000000E+00   0.0000000E+00   0.0000000E+00   0.0000000E+00   0.0000000E+00   0.0000000E+00   0.0000000E+00   0.0000000E+00   0.0000000E+00   0.0000000E+00   0.0000000E+00   0.0000000E+00   0.0000000E+00   0.0000000E+00   0.0000000E+00   0.0000000E+00   0.0000000E+00   0.0000000E+00   0.0000000E+00   0.0000000E+00   0.0000000E+00   0.0000000E+00   0.0000000E+00   0.0000000E+00   0.0000000E+00   0.0000000E+00   0.0000000E+00   0.0000000E+00   0.0000000E+00   0.0000000E+00   0.0000000E+00   0.0000000E+00   0.0000000E+00   0.0000000E+00   0.0000000E+00   0.0000000E+00   0.0000000E+00   0.0000000E+00   0.0000000E+00   0.0000000E+00   0.0000000E+00   0.0000000E+00   0.0000000E+00   0.0000000E+00   0.0000000E+00   0.0000000E+00   0.0000000E+00   0.0000000E+00   1.7392098E-11   3.6023656E-10   3.3719918E-09   2.6157287E-09   2.9208560E-09   4.8876680E-09   7.3319901E-09   1.0977894E-08   1.5889208E-08   1.9714790E-08   3.2029131E-08   4.4180691E-08   6.0500483E-08   8.6775124E-08   1.1863437E-07   1.5943397E-07   2.0880351E-07   2.5528155E-07   2.6919483E-07   3.9821956E-07   4.8119335E-07   5.6580615E-07   6.4629529E-07   7.2032799E-07   7.9084799E-07   7.9870392E-07   7.1326053E-07   5.8893608E-07   3.8330043E-07   9.1139789E-08  -2.7369910E-07  -6.0919820E-07  -7.4744423E-07  -1.4366824E-06  -1.4353502E-06  -1.0268659E-06  -1.0075029E-06  -4.9237656E-07  -4.4056335E-07  -1.3286596E-07   4.7951119E-08   4.7700740E-07   3.2012583E-06   1.5698624E-05   3.1243417E-05  -3.7927535E-07  -6.4907604E-06  -6.3963516E-06  -7.7897321E-06  -1.3103041E-05  -2.0932259E-05   0.0000000E+00
   0.0000000E+00   0.0000000E+00   0.0000000E+00   0.0000000E+00   0.0000000E+00   0.0000000E+00   0.0000000E+00   0.0000000E+00   0.0000000E+00   0.0000000E+00   0.0000000E+00   0.0000000E+00   0.0000000E+00   0.0000000E+00   0.0000000E+00   0.0000000E+00   0.0000000E+00   0.0000000E+00   0.0000000E+00   0.0000000E+00   0.0000000E+00   0.0000000E+00   0.0000000E+00   0.0000000E+00   0.0000000E+00   0.0000000E+00   0.0000000E+00   0.0000000E+00   0.0000000E+00   0.0000000E+00   0.0000000E+00   0.0000000E+00   0.0000000E+00   0.0000000E+00   0.0000000E+00   0.0000000E+00   0.0000000E+00   0.0000000E+00   0.0000000E+00   0.0000000E+00   0.0000000E+00   0.0000000E+00   0.0000000E+00   0.0000000E+00   0.0000000E+00   0.0000000E+00   0.0000000E+00   0.0000000E+00   6.6760660E-11   1.0641754E-09   8.8926342E-09   7.3615176E-09   9.1184091E-09   1.5373407E-08   2.3805487E-08   3.6607055E-08   5.4198210E-08   7.1607815E-08   1.1530067E-07   1.6259116E-07   2.2712709E-07   3.2669448E-07   4.4947032E-07   6.0511655E-07   7.8894789E-07   9.5763789E-07   1.0424583E-06   1.4653623E-06   1.7265162E-06   1.9625966E-06   2.1444316E-06   2.2534136E-06   2.2750335E-06   2.0370558E-06   1.4894156E-06   7.9894238E-07  -1.0171068E-07  -1.1556015E-06  -2.2379204E-06  -3.0489164E-06  -3.2967000E-06  -4.0954178E-06  -3.4878226E-06  -2.1112264E-06  -1.9955796E-06  -7.8647452E-07  -5.8578388E-07  -1.4988764E-07   1.0419519E-07   6.0739438E-07   3.7745199E-06   1.7619803E-05   3.0055779E-05  -2.2690019E-06  -6.6766888E-06  -6.4060332E-06  -7.9000829E-06  -1.3227583E-05  -2.0322932E-05   0.0000000E+00
   0.0000000E+00   0.0000000E+00   0.0000000E+00   0.0000000E+00   0.0000000E+00   0.0000000E+00   0.0000000E+00   0.0000000E+00   0.0000000E+00   0.0000000E+00   0.0000000E+00   0.0000000E+00   0.0000000E+00   0.0000000E+00   0.0000000E+00   0.0000000E+00   0.0000000E+00   0.0000000E+00   0.0000000E+00   0.0000000E+00   0.0000000E+00   0.0000000E+00   0.0000000E+00   0.0000000E+00   0.0000000E+00   0.0000000E+00   0.0000000E+00   0.0000000E+00   0.0000000E+00   0.0000000E+00   0.0000000E+00   0.0000000E+00   0.0000000E+00   0.0000000E+00   0.0000000E+00   0.0000000E+00   0.0000000E+00   0.0000000E+00   0.0000000E+00   0.0000000E+00   0.0000000E+00   0.0000000E+00   0.0000000E+00   0.0000000E+00   0.0000000E+00   0.0000000E+00   0.0000000E+00   1.0335167E-11   2.6215055E-10   3.5425305E-09   2.5936053E-08   2.3123601E-08   3.1340189E-08   5.3590732E-08   8.5561354E-08   1.3487985E-07   2.0388217E-07   2.8331749E-07   4.5335997E-07   6.4939030E-07   9.1857555E-07   1.3171845E-06   1.8069477E-06   2.4103269E-06   3.0880988E-06   3.6693591E-06   4.0190866E-06   5.3120325E-06   5.9574086E-06   6.3533180E-06   6.3856173E-06   5.9902895E-06   5.1150532E-06   3.4084546E-06   9.7051736E-07  -1.6446328E-06  -4.3978816E-06  -6.9792427E-06  -9.0049789E-06  -9.9098470E-06  -9.3958697E-06  -9.1385336E-06  -6.8451372E-06  -3.9975394E-06  -2.6890923E-06  -1.1533215E-06  -7.5496752E-07  -1.9758514E-07   7.7792343E-08   7.6026885E-07   4.7184458E-06   1.9574185E-05   2.7755512E-05  -3.4492118E-06  -6.8481363E-06  -6.4185433E-06  -8.0095124E-06  -1.3332899E-05  -1.9731859E-05   0.0000000E+00
   0.0000000E+00   0.0000000E+00   0.0000000E+00   0.0000000E+00   0.0000000E+00   0.0000000E+00   0.0000000E+00   0.0000000E+00   0.0000000E+00   0.0000000E+00   0.0000000E+00   0.0000000E+00   0.0000000E+00   0.0000000E+00   0.0000000E+00   0.0000000E+00   0.0000000E+00   0.0000000E+00   0.0000000E+00   0.0000000E+00   0.0000000E+00   0.0000000E+00   0.0000000E+00   0.0000000E+00   0.0000000E+00   0.0000000E+00   0.0000000E+00   0.0000000E+00   0.0000000E+00   0.0000000E+00   0.0000000E+00   0.0000000E+00   0.0000000E+00   0.0000000E+00   0.0000000E+00   0.0000000E+00   0.0000000E+00   0.0000000E+00   0.0000000E+00   0.0000000E+00   0.0000000E+00   0.0000000E+00   0.0000000E+00   0.0000000E+00   0.0000000E+00   0.0000000E+00   0.0000000E+00   6.7027425E-11   1.1676016E-09   1.3279749E-08   8.3495259E-08   8.0824584E-08   1.1834197E-07   2.0568960E-07   3.3709765E-07   5.4149274E-07   8.3014629E-07   1.1949393E-06   1.8897059E-06   2.7131166E-06   3.8253756E-06   5.3768927E-06   7.1992090E-06   9.2817118E-06   1.1351568E-05   1.2777693E-05   1.3425385E-05   1.6012084E-05   1.6026781E-05   1.4693998E-05   1.1914034E-05   7.8670791E-06   2.8825157E-06  -2.9834694E-06  -8.8690804E-06  -1.3720794E-05  -1.7495135E-05  -2.0027604E-05  -2.1190830E-05  -2.0568647E-05  -1.7930399E-05  -1.5371736E-05  -1.0781356E-05  -5.8123965E-06  -3.6977888E-06  -1.4640940E-06  -8.9451424E-07  -2.1281576E-07   1.3844229E-07   9.5976191E-07   5.4503257E-06   2.1115789E-05   2.6567190E-05  -5.2169880E-06  -7.0067908E-06  -6.4337655E-06  -8.1176222E-06  -1.3420137E-05  -1.9158617E-05   0.0000000E+00
   0.0000000E+00   0.0000000E+00   0.0000000E+00   0.0000000E+00   0.0000000E+00   0.0000000E+00   0.0000000E+00   0.0000000E+00   0.0000000E+00   0.0000000E+00   0.0000000E+00   0.0000000E+00   0.0000000E+00   0.0000000E+00   0.0000000E+00   0.0000000E+00   0.0000000E+00   0.0000000E+00   0.0000000E+00   0.0000000E+00   0.0000000E+00   0.0000000E+00   0.0000000E+00   0.0000000E+00   0.0000000E+00   0.0000000E+00   0.0000000E+00   0.0000000E+00   0.0000000E+00   0.0000000E+00   0.0000000E+00   0.0000000E+00   0.0000000E+00   0.0000000E+00   0.0000000E+00   0.0000000E+00   0.0000000E+00   0.0000000E+00   0.0000000E+00   0.0000000E+00   0.0000000E+00   0.0000000E+00   0.0000000E+00   0.0000000E+00   0.0000000E+00   0.0000000E+00   1.9994128E-11   4.1731579E-10   5.8783356E-09   5.5776042E-08   2.9551606E-07   3.1141781E-07   4.8528796E-07   8.5307227E-07   1.4187721E-06   2.2890222E-06   3.5006792E-06   5.0887056E-06   7.7961067E-06   1.0902396E-05   1.4803321E-05   1.9596560E-05   2.4346213E-05   2.8512690E-05   3.0856187E-05   2.9887846E-05   2.6139227E-05   2.3675610E-05   1.4872773E-05  -2.9301626E-07  -1.6055081E-05  -1.7189630E-05  -1.8307461E-05  -1.9469262E-05  -2.0709584E-05  -2.1985006E-05  -2.3273702E-05  -2.4434870E-05  -2.5184590E-05  -2.5880920E-05  -2.3188788E-05  -1.9851002E-05  -1.4001852E-05  -7.6157098E-06  -4.1695221E-06  -1.7621635E-06  -1.0338520E-06  -2.5881960E-07   1.2956330E-07   1.1575385E-06   6.5513477E-06   2.2614156E-05   2.4524355E-05  -6.4348460E-06  -7.1538711E-06  -6.4515634E-06  -8.2240322E-06  -1.3490360E-05  -1.8602732E-05   0.0000000E+00
   0.0000000E+00   0.0000000E+00   0.0000000E+00   0.0000000E+00   0.0000000E+00   0.0000000E+00   0.0000000E+00   0.0000000E+00   0.0000000E+00   0.0000000E+00   0.0000000E+00   0.0000000E+00   0.0000000E+00   0.0000000E+00   0.0000000E+00   0.0000000E+00   0.0000000E+00   0.0000000E+00   0.0000000E+00   0.0000000E+00   0.0000000E+00   0.0000000E+00   0.0000000E+00   0.0000000E+00   0.0000000E+00   0.0000000E+00   0.0000000E+00   0.0000000E+00   0.0000000E+00   0.0000000E+00   0.0000000E+00   0.0000000E+00   0.0000000E+00   0.0000000E+00   0.0000000E+00   0.0000000E+00   0.0000000E+00   0.0000000E+00   0.0000000E+00   0.0000000E+00   0.0000000E+00   0.0000000E+00   0.0000000E+00   0.0000000E+00   0.0000000E+00   4.4170652E-12   1.9331493E-10   2.9313327E-09   3.3238706E-08   2.5844713E-07   1.1347306E-06   1.2904917E-06   2.0918826E-06   3.6496233E-06   5.9344816E-06   8.5550000E-06   1.3374437E-05   1.8654993E-05   2.6269638E-05   3.3320397E-05   3.9861130E-05   4.4600773E-05   4.4547633E-05   3.8663718E-05   2.5763231E-05  -2.4979706E-06  -1.4383359E-05  -7.2496155E-06  -1.8072244E-05  -2.0826685E-05  -1.4286355E-05  -1.8796916E-05  -1.9810783E-05  -2.0576072E-05  -2.1415935E-05  -2.2544848E-05  -2.3785486E-05  -2.5253055E-05  -2.6516491E-05  -2.7224845E-05  -2.5124431E-05  -2.2147893E-05  -1.6073096E-05  -8.7048675E-06  -4.8618208E-06  -1.9593515E-06  -1.1301451E-06  -2.6474729E-07   2.1211818E-07   1.4026942E-06   7.3801630E-06   2.3696792E-05   2.2032509E-05  -6.5936260E-06  -7.2903063E-06  -6.4717906E-06  -8.3283885E-06  -1.3544570E-05  -1.8063703E-05   0.0000000E+00
   0.0000000E+00   0.0000000E+00   0.0000000E+00   0.0000000E+00   0.0000000E+00   0.0000000E+00   0.0000000E+00   0.0000000E+00   0.0000000E+00   0.0000000E+00   0.0000000E+00   0.0000000E+00   0.0000000E+00   0.0000000E+00   0.0000000E+00   0.0000000E+00   0.0000000E+00   0.0000000E+00   0.0000000E+00   0.0000000E+00   0.0000000E+00   0.0000000E+00   0.0000000E+00   0.0000000E+00   0.0000000E+00   0.0000000E+00   0.0000000E+00   0.0000000E+00   0.0000000E+00   0.0000000E+00   0.0000000E+00   0.0000000E+00   0.0000000E+00   0.0000000E+00   0.0000000E+00   0.0000000E+00   0.0000000E+00   0.0000000E+00   0.0000000E+00   0.0000000E+00   0.0000000E+00   0.0000000E+00   0.0000000E+00   0.0000000E+00   2.0365979E-12   1.1802896E-10   1.8798882E-09   2.2618407E-08   2.0373227E-07   1.2546669E-06   4.3437481E-06   5.2448440E-06   8.4599333E-06   1.3939816E-05   2.0803429E-05   2.9432269E-05   3.5296656E-05   4.2624688E-05   4.9959297E-05   5.0861257E-05   4.5212491E-05   2.8114748E-05  -3.2741068E-06  -1.7388023E-05  -1.6575332E-05  -1.5630170E-05  -1.0655065E-05  -9.7789862E-06  -1.5613434E-05  -1.2608841E-05  -1.8799121E-05  -1.7202812E-05  -1.8510058E-05  -1.9484020E-05  -2.0371061E-05  -2.1398762E-05  -2.2766237E-05  -2.4529178E-05  -2.6295926E-05  -2.7339875E-05  -2.6078271E-05  -2.3372231E-05  -1.7246106E-05  -9.5952309E-06  -4.9982846E-06  -2.1437361E-06  -1.2218020E-06  -2.8997812E-07   2.1617177E-07   1.6430100E-06   8.5393494E-06   2.4627108E-05   1.9453573E-05  -6.8097083E-06  -7.4168479E-06  -6.4942951E-06  -8.4303647E-06  -1.3583710E-05  -1.7541028E-05   0.0000000E+00
   0.0000000E+00   0.0000000E+00   0.0000000E+00   0.0000000E+00   0.0000000E+00   0.0000000E+00   0.0000000E+00   0.0000000E+00   0.0000000E+00   0.0000000E+00   0.0000000E+00   0.0000000E+00   0.0000000E+00   0.0000000E+00   0.0000000E+00   0.0000000E+00   0.0000000E+00   0.0000000E+00   0.0000000E+00   0.0000000E+00   0.0000000E+00   0.0000000E+00   0.0000000E+00   0.0000000E+00   0.0000000E+00   0.0000000E+00   0.0000000E+00   0.0000000E+00   0.0000000E+00   0.0000000E+00   0.0000000E+00   0.0000000E+00   0.0000000E+00   0.0000000E+00   0.0000000E+00   0.0000000E+00   0.0000000E+00   0.0000000E+00   0.0000000E+00   0.0000000E+00   0.0000000E+00   0.0000000E+00   0.0000000E+00   1.6879867E-12   9.0896922E-11   1.4034170E-09   1.7266549E-08   1.6535088E-07   1.1900538E-06   5.9521585E-06   1.7468370E-05   1.7425409E-05   2.4149509E-05   3.4228182E-05   4.5474186E-05   6.0916140E-05   6.1427498E-05   5.1578707E-05   1.0934549E-05  -8.3204668E-06  -1.3767221E-05  -6.4291648E-06  -5.3678245E-06  -1.0203032E-05  -1.0826568E-05  -1.0344178E-05  -8.1515918E-06  -1.2254731E-05  -1.8632261E-05  -6.5317754E-06  -2.3521605E-05  -9.6607610E-06  -1.8209132E-05  -1.9334157E-05  -2.0192412E-05  -2.0875328E-05  -2.1713458E-05  -2.3479904E-05  -2.5417232E-05  -2.6750187E-05  -2.6203670E-05  -2.3848159E-05  -1.7797096E-05  -9.8577184E-06  -5.3739705E-06  -2.2399779E-06  -1.2733084E-06  -2.8827407E-07   2.9869219E-07   1.9547858E-06   9.3821873E-06   2.5179492E-05   1.7371560E-05  -6.9265607E-06  -7.5341309E-06  -6.5189188E-06  -8.5296697E-06  -1.3608679E-05  -1.7034206E-05   0.0000000E+00
   0.0000000E+00   0.0000000E+00   0.0000000E+00   0.0000000E+00   0.0000000E+00   0.0000000E+00   0.0000000E+00   0.0000000E+00   0.0000000E+00   0.0000000E+00   0.0000000E+00   0.0000000E+00   0.0000000E+00   0.0000000E+00   0.0000000E+00   0.0000000E+00   0.0000000E+00   0.0000000E+00   0.0000000E+00   0.0000000E+00   0.0000000E+00   0.0000000E+00   0.0000000E+00   0.0000000E+00   0.0000000E+00   0.0000000E+00   0.0000000E+00   0.0000000E+00   0.0000000E+00   0.0000000E+00   0.0000000E+00   0.0000000E+00   0.0000000E+00   0.0000000E+00   0.0000000E+00   0.0000000E+00   0.0000000E+00   0.0000000E+00   0.0000000E+00   0.0000000E+00   0.0000000E+00   0.0000000E+00   0.0000000E+00   6.7625343E-11   9.8193187E-10   1.1972073E-08   1.1721453E-07   8.9888209E-07   5.1396719E-06   2.0185003E-05   4.7059457E-05   4.5270564E-05   5.8842292E-05   6.8616653E-05   6.3137923E-05   1.3229615E-05  -1.0124671E-05  -8.8782899E-06  -3.9471092E-06  -7.7662498E-06  -5.2261853E-06  -4.0281516E-06  -6.1827818E-06  -9.9982753E-06  -7.8270323E-06  -7.5643202E-06  -7.0501419E-06  -1.1622864E-05  -1.2931404E-05  -1.0970021E-05  -1.7690334E-05  -1.3393640E-05  -1.8006416E-05  -1.9190202E-05  -1.9760966E-05  -2.0595000E-05  -2.1623922E-05  -2.3118351E-05  -2.4513409E-05  -2.5919022E-05  -2.5825020E-05  -2.3780136E-05  -1.7882521E-05  -1.0061191E-05  -5.3414819E-06  -2.3331374E-06  -1.3200446E-06  -3.0842531E-07   3.3286136E-07   2.2306670E-06   1.0515544E-05   2.5594381E-05   1.5161733E-05  -7.0189749E-06  -7.6427159E-06  -6.5455029E-06  -8.6260416E-06  -1.3620333E-05  -1.6542750E-05   0.0000000E+00
   0.0000000E+00   0.0000000E+00   0.0000000E+00   0.0000000E+00   0.0000000E+00   0.0000000E+00   0.0000000E+00   0.0000000E+00   0.0000000E+00   0.0000000E+00   0.0000000E+00   0.0000000E+00   0.0000000E+00   0.0000000E+00   0.0000000E+00   0.0000000E+00   0.0000000E+00   0.0000000E+00   0.0000000E+00   0.0000000E+00   0.0000000E+00   0.0000000E+00   0.0000000E+00   0.0000000E+00   0.0000000E+00   0.0000000E+00   0.0000000E+00   0.0000000E+00   0.0000000E+00   0.0000000E+00   0.0000000E+00   0.0000000E+00   0.0000000E+00   0.0000000E+00   0.0000000E+00   0.0000000E+00   0.0000000E+00   0.0000000E+00   0.0000000E+00   0.0000000E+00   0.0000000E+00   0.0000000E+00   5.1069694E-11   7.3073064E-10   8.9559462E-09   9.0386585E-08   7.3183264E-07   4.5977417E-06   2.1084637E-05   6.3955209E-05   1.0856128E-04   7.9889447E-05   3.5279019E-05  -6.6834259E-06  -1.0877574E-05  -3.2973719E-06  -5.4799007E-06  -3.3368822E-06  -3.6584602E-06  -4.8047727E-06  -3.8172370E-06  -3.3551162E-06  -6.6363059E-06  -6.9876269E-06  -6.9741409E-06  -6.5971408E-06  -7.1800741E-06  -1.1030672E-05  -1.0630277E-05  -1.2686425E-05  -1.4747518E-05  -1.5721291E-05  -1.7878254E-05  -1.9077273E-05  -1.9805715E-05  -2.0715726E-05  -2.5414382E-05  -2.2002811E-05  -2.0554024E-05  -2.5256064E-05  -2.5222380E-05  -2.3373505E-05  -1.7663117E-05  -9.9091440E-06  -5.4819052E-06  -2.3844873E-06  -1.3407960E-06  -2.9904768E-07   4.3126141E-07   2.5805432E-06   1.1320062E-05   2.5734382E-05   1.3450196E-05  -7.1120489E-06  -7.7431096E-06  -6.5738877E-06  -8.7192484E-06  -1.3619485E-05  -1.6066182E-05   0.0000000E+00
   0.0000000E+00   0.0000000E+00   0.0000000E+00   0.0000000E+00   0.0000000E+00   0.0000000E+00   0.0000000E+00   0.0000000E+00   0.0000000E+00   0.0000000E+00   0.0000000E+00   0.0000000E+00   0.0000000E+00   0.0000000E+00   0.0000000E+00   0.0000000E+00   0.0000000E+00   0.0000000E+00   0.0000000E+00   0.0000000E+00   0.0000000E+00   0.0000000E+00   0.0000000E+00   0.0000000E+00   0.0000000E+00   0.0000000E+00   0.0000000E+00   0.0000000E+00   0.0000000E+00   0.0000000E+00   0.0000000E+00   0.0000000E+00   0.0000000E+00   0.0000000E+00   0.0000000E+00   0.0000000E+00   0.0000000E+00   0.0000000E+00   0.0000000E+00   0.0000000E+00   0.0000000E+00   4.0005631E-11   5.7965449E-10   7.2078179E-09   7.4888199E-08   6.3889223E-07   4.3001769E-06   2.1717702E-05   7.4212112E-05   1.4042974E-04   6.4945743E-05  -1.1767558E-05  -5.6179188E-06  -4.6718897E-06  -3.6899726E-06  -3.0141077E-06  -3.1853938E-06  -1.5749218E-06  -3.3355723E-06  -3.4643047E-06  -2.8807131E-06  -3.2764456E-06  -6.5894096E-06  -5.5211322E-06  -6.1588134E-06  -5.7970178E-06  -7.5686121E-06  -1.0278292E-05  -9.7706306E-06  -1.2830486E-05  -1.3732326E-05  -1.6880220E-05  -1.7774792E-05  -1.9037047E-05  -2.0198744E-05  -2.1085763E-05  -2.3323315E-05  -2.1621823E-05  -2.2006199E-05  -2.6970178E-05  -2.2293814E-05  -2.2789478E-05  -1.7248778E-05  -9.7442780E-06  -5.4128391E-06  -2.4243666E-06  -1.3658993E-06  -3.0366084E-07   4.8123144E-07   2.8875054E-06   1.2368409E-05   2.5151512E-05   1.2290194E-05  -7.2127223E-06  -7.8357825E-06  -6.6039120E-06  -8.8090837E-06  -1.3606908E-05  -1.5604035E-05   0.0000000E+00
   0.0000000E+00   0.0000000E+00   0.0000000E+00   0.0000000E+00   0.0000000E+00   0.0000000E+00   0.0000000E+00   0.0000000E+00   0.0000000E+00   0.0000000E+00   0.0000000E+00   0.0000000E+00   0.0000000E+00   0.0000000E+00   0.0000000E+00   0.0000000E+00   0.0000000E+00   0.0000000E+00   0.0000000E+00   0.0000000E+00   0.0000000E+00   0.0000000E+00   0.0000000E+00   0.0000000E+00   0.0000000E+00   0.0000000E+00   0.0000000E+00   0.0000000E+00   0.0000000E+00   0.0000000E+00   0.0000000E+00   0.0000000E+00   0.0000000E+00   0.0000000E+00   0.0000000E+00   0.0000000E+00   0.0000000E+00   0.0000000E+00   0.0000000E+00   0.0000000E+00   2.0357204E-11   4.9784138E-10   6.2055325E-09   6.6386470E-08   5.9002355E-07   4.2160309E-06   2.2610746E-05   8.1509643E-05   1.5087699E-04   2.8076656E-05  -6.1947862E-06  -4.7970229E-06  -2.7742080E-06  -3.2229452E-06  -1.2391611E-06  -2.5951697E-06  -1.9715228E-06  -8.8562740E-07  -3.0434089E-06  -2.7653064E-06  -2.2922870E-06  -3.3419133E-06  -6.3738535E-06  -4.7696130E-06  -5.4963316E-06  -5.3033777E-06  -7.7293471E-06  -9.7846714E-06  -9.4287907E-06  -1.2459810E-05  -1.3579363E-05  -1.7188971E-05  -1.7778277E-05  -1.9152092E-05  -2.0609812E-05  -2.1158718E-05  -2.1954036E-05  -2.1471866E-05  -2.3331029E-05  -2.5389045E-05  -2.3993531E-05  -2.1707518E-05  -1.6192807E-05  -8.9200230E-06  -5.4587163E-06  -2.4343885E-06  -1.3762801E-06  -2.8993907E-07   5.8785901E-07   3.2900225E-06   1.3059765E-05   2.4730283E-05   1.1205086E-05  -7.3216443E-06  -7.9211677E-06  -6.6354173E-06  -8.8953711E-06  -1.3583343E-05  -1.5155862E-05   0.0000000E+00
   0.0000000E+00   0.0000000E+00   0.0000000E+00   0.0000000E+00   0.0000000E+00   0.0000000E+00   0.0000000E+00   0.0000000E+00   0.0000000E+00   0.0000000E+00   0.0000000E+00   0.0000000E+00   0.0000000E+00   0.0000000E+00   0.0000000E+00   0.0000000E+00   0.0000000E+00   0.0000000E+00   0.0000000E+00   0.0000000E+00   0.0000000E+00   0.0000000E+00   0.0000000E+00   0.0000000E+00   0.0000000E+00   0.0000000E+00   0.0000000E+00   0.0000000E+00   0.0000000E+00   0.0000000E+00   0.0000000E+00   0.0000000E+00   0.0000000E+00   0.0000000E+00   0.0000000E+00   0.0000000E+00   0.0000000E+00   0.0000000E+00   0.0000000E+00   1.5054088E-11   4.1191897E-10   5.6670966E-09   6.2524720E-08   5.7550062E-07   4.2842926E-06   2.4099725E-05   8.8382440E-05   1.5441237E-04   2.5797308E-07  -3.8794515E-06  -1.0790657E-06  -1.7081672E-06  -1.5875080E-06  -2.2462816E-06  -2.5699347E-07  -2.1894980E-06  -1.2277856E-06  -6.4435466E-07  -2.7902317E-06  -2.3583734E-06  -1.9757176E-06  -3.4627869E-06  -6.0570201E-06  -4.3590067E-06  -4.9962700E-06  -5.0378949E-06  -7.7009890E-06  -9.5348205E-06  -9.2717755E-06  -1.2053134E-05  -1.3717533E-05  -1.7190763E-05  -1.7842158E-05  -1.9334871E-05  -2.0799313E-05  -2.1082991E-05  -2.1123011E-05  -2.1498137E-05  -2.4089535E-05  -2.4260504E-05  -2.3627383E-05  -2.1167038E-05  -1.5793607E-05  -8.8012357E-06  -5.4006050E-06  -2.4372239E-06  -1.3723604E-06  -2.8782236E-07   6.7800715E-07   3.6519971E-06   1.3958256E-05   2.3843852E-05   1.0298204E-05  -7.2955727E-06  -7.9996798E-06  -6.6682464E-06  -8.9779551E-06  -1.3549489E-05  -1.4721217E-05   0.0000000E+00
   0.0000000E+00   0.0000000E+00   0.0000000E+00   0.0000000E+00   0.0000000E+00   0.0000000E+00   0.0000000E+00   0.0000000E+00   0.0000000E+00   0.0000000E+00   0.0000000E+00   0.0000000E+00   0.0000000E+00   0.0000000E+00   0.0000000E+00   0.0000000E+00   0.0000000E+00   0.0000000E+00   0.0000000E+00   0.0000000E+00   0.0000000E+00   0.0000000E+00   0.0000000E+00   0.0000000E+00   0.0000000E+00   0.0000000E+00   0.0000000E+00   0.0000000E+00   0.0000000E+00   0.0000000E+00   0.0000000E+00   0.0000000E+00   0.0000000E+00   0.0000000E+00   0.0000000E+00   0.0000000E+00   0.0000000E+00   0.0000000E+00   1.3139032E-11   3.6789308E-10   5.3290927E-09   6.1829603E-08   5.8952253E-07   4.5240695E-06   2.6065474E-05   9.5885938E-05   1.4357634E-04  -1.1731111E-05  -3.2093053E-06   4.7121745E-07   9.3995135E-07  -2.7016941E-07  -9.8619569E-07  -1.5491498E-06   1.4580476E-07  -1.8346883E-06  -7.4707975E-07  -6.1041459E-07  -2.5722163E-06  -2.0977013E-06  -1.8455260E-06  -3.5885807E-06  -5.7218754E-06  -4.1073513E-06  -4.6352729E-06  -4.9198984E-06  -7.6309425E-06  -9.3931649E-06  -9.1906059E-06  -1.1752873E-05  -1.3933713E-05  -1.7106304E-05  -1.7944632E-05  -1.9515493E-05  -2.0766336E-05  -2.0930927E-05  -2.0681042E-05  -2.1612817E-05  -2.4360435E-05  -2.3459381E-05  -2.3229204E-05  -2.0663530E-05  -1.5372545E-05  -8.6422588E-06  -5.3136764E-06  -2.4262970E-06  -1.3551303E-06  -2.3846175E-07   7.4494807E-07   4.0176701E-06   1.4591333E-05   2.3065661E-05   9.7329157E-06  -7.4643576E-06  -8.0717082E-06  -6.7022411E-06  -9.0567055E-06  -1.3506016E-05  -1.4299680E-05   0.0000000E+00
   0.0000000E+00   0.0000000E+00   0.0000000E+00   0.0000000E+00   0.0000000E+00   0.0000000E+00   0.0000000E+00   0.0000000E+00   0.0000000E+00   0.0000000E+00   0.0000000E+00   0.0000000E+00   0.0000000E+00   0.0000000E+00   0.0000000E+00   0.0000000E+00   0.0000000E+00   0.0000000E+00   0.0000000E+00   0.0000000E+00   0.0000000E+00   0.0000000E+00   0.0000000E+00   0.0000000E+00   0.0000000E+00   0.0000000E+00   0.0000000E+00   0.0000000E+00   0.0000000E+00   0.0000000E+00   0.0000000E+00   0.0000000E+00   0.0000000E+00   0.0000000E+00   0.0000000E+00   0.0000000E+00   0.0000000E+00   1.2247481E-11   3.4877742E-10   5.2364948E-09   6.3309585E-08   6.2773347E-07   4.9489113E-06   2.8800863E-05   1.0322485E-04   1.2512645E-04  -1.4408791E-05  -3.5972084E-06   5.7878412E-07   2.4336728E-06   1.8835798E-06   4.6021265E-07  -6.3817600E-07  -1.0425706E-06   3.0140046E-07  -1.5276954E-06  -4.4851029E-07  -6.5892709E-07  -2.3896328E-06  -1.9277666E-06  -1.8334920E-06  -3.6973063E-06  -5.4130592E-06  -3.9328747E-06  -4.3872574E-06  -4.9003661E-06  -7.5855360E-06  -9.2862238E-06  -9.1525390E-06  -1.1583204E-05  -1.4154031E-05  -1.7022823E-05  -1.8070185E-05  -1.9655403E-05  -2.0631012E-05  -2.0746285E-05  -2.0441374E-05  -2.1745591E-05  -2.4283081E-05  -2.2924232E-05  -2.2816886E-05  -2.0173302E-05  -1.4939197E-05  -8.4523836E-06  -5.2116638E-06  -2.4063183E-06  -1.3295486E-06  -2.0005812E-07   8.9192429E-07   4.4600797E-06   1.4974889E-05   2.2334325E-05   9.2237869E-06  -7.6174315E-06  -8.1376220E-06  -6.7372503E-06  -9.1315133E-06  -1.3453559E-05  -1.3890836E-05   0.0000000E+00
   0.0000000E+00   0.0000000E+00   0.0000000E+00   0.0000000E+00   0.0000000E+00   0.0000000E+00   0.0000000E+00   0.0000000E+00   0.0000000E+00   0.0000000E+00   0.0000000E+00   0.0000000E+00   0.0000000E+00   0.0000000E+00   0.0000000E+00   0.0000000E+00   0.0000000E+00   0.0000000E+00   0.0000000E+00   0.0000000E+00   0.0000000E+00   0.0000000E+00   0.0000000E+00   0.0000000E+00   0.0000000E+00   0.0000000E+00   0.0000000E+00   0.0000000E+00   0.0000000E+00   0.0000000E+00   0.0000000E+00   0.0000000E+00   0.0000000E+00   0.0000000E+00   0.0000000E+00   0.0000000E+00   1.2030294E-11   3.4756084E-10   5.3699201E-09   6.7081992E-08   6.8759840E-07   5.5672945E-06   3.2532058E-05   1.1231613E-04   1.0602437E-04  -1.6825099E-05  -5.3536805E-06   2.6821897E-07   2.4858384E-06   3.4391774E-06   2.3515263E-06   8.3892468E-07  -4.1387386E-07  -6.7139240E-07   3.4227821E-07  -1.2705021E-06  -2.7150884E-07  -7.4265222E-07  -2.2410466E-06  -1.8157261E-06  -1.8990361E-06  -3.7850114E-06  -5.1297156E-06  -3.8085072E-06  -4.2286320E-06  -4.9504820E-06  -7.5735229E-06  -9.1915372E-06  -9.1544098E-06  -1.1527073E-05  -1.4357266E-05  -1.6972444E-05  -1.8205990E-05  -1.9743926E-05  -2.0452973E-05  -2.0552478E-05  -2.0306825E-05  -2.1852498E-05  -2.4003566E-05  -2.2558261E-05  -2.2398557E-05  -1.9688123E-05  -1.4500891E-05  -8.2423894E-06  -5.1034058E-06  -2.3790965E-06  -1.2996580E-06  -1.6313210E-07   1.0379013E-06   4.8815159E-06   1.5229641E-05   2.1734666E-05   8.7448852E-06  -7.7629520E-06  -8.1977723E-06  -6.7731221E-06  -9.2022874E-06  -1.3392721E-05  -1.3494289E-05   0.0000000E+00
   0.0000000E+00   0.0000000E+00   0.0000000E+00   0.0000000E+00   0.0000000E+00   0.0000000E+00   0.0000000E+00   0.0000000E+00   0.0000000E+00   0.0000000E+00   0.0000000E+00   0.0000000E+00   0.0000000E+00   0.0000000E+00   0.0000000E+00   0.0000000E+00   0.0000000E+00   0.0000000E+00   0.0000000E+00   0.0000000E+00   0.0000000E+00   0.0000000E+00   0.0000000E+00   0.0000000E+00   0.0000000E+00   0.0000000E+00   0.0000000E+00   0.0000000E+00   0.0000000E+00   0.0000000E+00   0.0000000E+00   0.0000000E+00   0.0000000E+00   0.0000000E+00   0.0000000E+00   1.2343925E-11   3.6132672E-10   5.7222795E-09   7.3438187E-08   7.7240060E-07   6.3814027E-06   3.7383608E-05   1.2321229E-04   8.4466810E-05  -1.7694179E-05  -7.7271116E-06  -9.2182029E-07   2.2533945E-06   3.5778155E-06   3.9733750E-06   2.5765742E-06   1.0276914E-06  -2.5654126E-07  -3.9958965E-07   3.3003172E-07  -1.0571561E-06  -1.8453773E-07  -8.3172637E-07  -2.1203653E-06  -1.7525159E-06  -2.0093755E-06  -3.8495964E-06  -4.8820616E-06  -3.7159464E-06  -4.1433532E-06  -5.0461276E-06  -7.5860598E-06  -9.1155025E-06  -9.1902220E-06  -1.1561010E-05  -1.4544014E-05  -1.6961019E-05  -1.8341803E-05  -1.9782139E-05  -2.0258563E-05  -2.0361071E-05  -2.0228181E-05  -2.1914153E-05  -2.3646930E-05  -2.2261558E-05  -2.1978132E-05  -1.9206047E-05  -1.4063131E-05  -8.0216223E-06  -4.9927899E-06  -2.3463972E-06  -1.2667874E-06  -1.2495113E-07   1.1810686E-06   5.2684295E-06   1.5421128E-05   2.1225442E-05   8.2835440E-06  -7.9041383E-06  -8.2524939E-06  -6.8097120E-06  -9.2689570E-06  -1.3324078E-05  -1.3109653E-05   0.0000000E+00
   0.0000000E+00   0.0000000E+00   0.0000000E+00   0.0000000E+00   0.0000000E+00   0.0000000E+00   0.0000000E+00   0.0000000E+00   0.0000000E+00   0.0000000E+00   0.0000000E+00   0.0000000E+00   0.0000000E+00   0.0000000E+00   0.0000000E+00   0.0000000E+00   0.0000000E+00   0.0000000E+00   0.0000000E+00   0.0000000E+00   0.0000000E+00   0.0000000E+00   0.0000000E+00   0.0000000E+00   0.0000000E+00   0.0000000E+00   0.0000000E+00   0.0000000E+00   0.0000000E+00   0.0000000E+00   0.0000000E+00   0.0000000E+00   0.0000000E+00   0.0000000E+00   1.3144661E-11   3.8948994E-10   6.3052408E-09   8.2787174E-08   8.8797930E-07   7.4244631E-06   4.3264743E-05   1.3553373E-04   6.0732156E-05  -1.8219729E-05  -8.8572724E-06  -3.1348407E-06   1.4253648E-06   3.4181076E-06   4.2430006E-06   4.2456759E-06   2.6654441E-06   1.1090112E-06  -1.3921492E-07  -2.0192633E-07   2.9460736E-07  -8.8369075E-07  -1.5827555E-07  -9.1801928E-07  -2.0242051E-06  -1.7299358E-06  -2.1431695E-06  -3.8931762E-06  -4.6667587E-06  -3.6522204E-06  -4.1162079E-06  -5.1753505E-06  -7.6209922E-06  -9.0514150E-06  -9.2605060E-06  -1.1661766E-05  -1.4719881E-05  -1.6986689E-05  -1.8469776E-05  -1.9775298E-05  -2.0059635E-05  -2.0177677E-05  -2.0178668E-05  -2.1927208E-05  -2.3267427E-05  -2.1989685E-05  -2.1557677E-05  -1.8727476E-05  -1.3630032E-05  -7.7978211E-06  -4.8807628E-06  -2.3097411E-06  -1.2318068E-06  -8.4606263E-08   1.3234528E-06   5.6281069E-06   1.5573956E-05   2.0775062E-05   7.8337298E-06  -8.0421914E-06  -8.3021023E-06  -6.8468748E-06  -9.3314666E-06  -1.3248173E-05  -1.2736552E-05   0.0000000E+00
   0.0000000E+00   0.0000000E+00   0.0000000E+00   0.0000000E+00   0.0000000E+00   0.0000000E+00   0.0000000E+00   0.0000000E+00   0.0000000E+00   0.0000000E+00   0.0000000E+00   0.0000000E+00   0.0000000E+00   0.0000000E+00   0.0000000E+00   0.0000000E+00   0.0000000E+00   0.0000000E+00   0.0000000E+00   0.0000000E+00   0.0000000E+00   0.0000000E+00   0.0000000E+00   0.0000000E+00   0.0000000E+00   0.0000000E+00   0.0000000E+00   0.0000000E+00   0.0000000E+00   0.0000000E+00   0.0000000E+00   0.0000000E+00   0.0000000E+00   1.4443750E-11   4.3297174E-10   7.1503701E-09   9.5712380E-08   1.0415816E-06   8.7468770E-06   5.0178256E-05   1.4739008E-04   3.4670400E-05  -1.6693501E-05  -9.5418873E-06  -4.4089802E-06  -5.8818387E-07   2.8393322E-06   4.1570815E-06   4.6562022E-06   4.3608020E-06   2.6730361E-06   1.1282350E-06  -4.8233044E-08  -6.0070882E-08   2.5052046E-07  -7.4608414E-07  -1.7299836E-07  -9.9834040E-07  -1.9503741E-06  -1.7405428E-06  -2.2864826E-06  -3.9187917E-06  -4.4813132E-06  -3.6150730E-06  -4.1357471E-06  -5.3269714E-06  -7.6695269E-06  -9.0051017E-06  -9.3642975E-06  -1.1813699E-05  -1.4887462E-05  -1.7042419E-05  -1.8584198E-05  -1.9731078E-05  -1.9861691E-05  -2.0004707E-05  -2.0142763E-05  -2.1894723E-05  -2.2887913E-05  -2.1723114E-05  -2.1138425E-05  -1.8253526E-05  -1.3204634E-05  -7.5757312E-06  -4.7682247E-06  -2.2703423E-06  -1.1953297E-06  -4.1820574E-08   1.4665060E-06   5.9653589E-06   1.5703901E-05   2.0361287E-05   7.3925862E-06  -8.1774851E-06  -8.3468985E-06  -6.8844720E-06  -9.3897779E-06  -1.3165526E-05  -1.2374624E-05   0.0000000E+00
   0.0000000E+00   0.0000000E+00   0.0000000E+00   0.0000000E+00   0.0000000E+00   0.0000000E+00   0.0000000E+00   0.0000000E+00   0.0000000E+00   0.0000000E+00   0.0000000E+00   0.0000000E+00   0.0000000E+00   0.0000000E+00   0.0000000E+00   0.0000000E+00   0.0000000E+00   0.0000000E+00   0.0000000E+00   0.0000000E+00   0.0000000E+00   0.0000000E+00   0.0000000E+00   0.0000000E+00   0.0000000E+00   0.0000000E+00   0.0000000E+00   0.0000000E+00   0.0000000E+00   0.0000000E+00   0.0000000E+00   0.0000000E+00   1.6289626E-11   4.9379661E-10   8.3069489E-09   1.1302635E-07   1.2421204E-06   1.0405702E-05   5.8161721E-05   1.5731898E-04   6.9323701E-06  -1.3416848E-05  -9.1353304E-06  -5.1993334E-06  -1.9366028E-06   1.0303883E-06   3.7588948E-06   4.6480368E-06   4.9078521E-06   4.3766640E-06   2.6301589E-06   1.1115370E-06   2.3763663E-08   3.9546503E-08   2.0452460E-07  -6.4032724E-07  -2.1515285E-07  -1.0720156E-06  -1.8971477E-06  -1.7776504E-06  -2.4302744E-06  -3.9297793E-06  -4.3237274E-06  -3.6025785E-06  -4.1927751E-06  -5.4925504E-06  -7.7268260E-06  -8.9804489E-06  -9.4995303E-06  -1.2001869E-05  -1.5051834E-05  -1.7123453E-05  -1.8681130E-05  -1.9652720E-05  -1.9668121E-05  -1.9842797E-05  -2.0110907E-05  -2.1821979E-05  -2.2517270E-05  -2.1453678E-05  -2.0721203E-05  -1.7785385E-05  -1.2789079E-05  -7.3580341E-06  -4.6561418E-06  -2.2291276E-06  -1.1577959E-06   3.4618473E-09   1.6110421E-06   6.2840249E-06   1.5820087E-05   1.9969289E-05   6.9587622E-06  -8.3100567E-06  -8.3871691E-06  -6.9223688E-06  -9.4438665E-06  -1.3076628E-05  -1.2023520E-05   0.0000000E+00
   0.0000000E+00   0.0000000E+00   0.0000000E+00   0.0000000E+00   0.0000000E+00   0.0000000E+00   0.0000000E+00   0.0000000E+00   0.0000000E+00   0.0000000E+00   0.0000000E+00   0.0000000E+00   0.0000000E+00   0.0000000E+00   0.0000000E+00   0.0000000E+00   0.0000000E+00   0.0000000E+00   0.0000000E+00   0.0000000E+00   0.0000000E+00   0.0000000E+00   0.0000000E+00   0.0000000E+00   0.0000000E+00   0.0000000E+00   0.0000000E+00   0.0000000E+00   0.0000000E+00   0.0000000E+00   0.0000000E+00   1.0032830E-11   4.3176832E-10   9.9939825E-09   1.3576910E-07   1.5004962E-06   1.2453049E-05   6.6876230E-05   1.5844521E-04  -1.3325718E-05  -1.0031356E-05  -8.1819098E-06  -5.6981544E-06  -2.8040181E-06  -3.4971649E-07   2.1472144E-06   4.3867030E-06   4.9815935E-06   5.0496301E-06   4.3276955E-06   2.5553377E-06   1.0744931E-06   8.1020865E-08   1.0706622E-07   1.5942345E-07  -5.6253435E-07  -2.7532187E-07  -1.1396113E-06  -1.8629345E-06  -1.8353413E-06  -2.5688241E-06  -3.9294550E-06  -4.1923031E-06  -3.6129231E-06  -4.2797501E-06  -5.6658910E-06  -7.7905670E-06  -8.9798114E-06  -9.6632002E-06  -1.2215512E-05  -1.5216463E-05  -1.7222173E-05  -1.8757393E-05  -1.9548175E-05  -1.9479079E-05  -1.9691555E-05  -2.0076914E-05  -2.1714721E-05  -2.2158230E-05  -2.1178392E-05  -2.0306628E-05  -1.7324090E-05  -1.2384795E-05  -7.1462500E-06  -4.5453153E-06  -2.1867831E-06  -1.1195125E-06   5.1227630E-08   1.7574570E-06   6.5873278E-06   1.5927202E-05   1.9589555E-05   6.5316040E-06  -8.4398134E-06  -8.4231833E-06  -6.9604366E-06  -9.4937195E-06  -1.2981945E-05  -1.1682902E-05   0.0000000E+00
   0.0000000E+00   0.0000000E+00   0.0000000E+00   0.0000000E+00   0.0000000E+00   0.0000000E+00   0.0000000E+00   0.0000000E+00   0.0000000E+00   0.0000000E+00   0.0000000E+00   0.0000000E+00   0.0000000E+00   0.0000000E+00   0.0000000E+00   0.0000000E+00   0.0000000E+00   0.0000000E+00   0.0000000E+00   0.0000000E+00   0.0000000E+00   0.0000000E+00   0.0000000E+00   0.0000000E+00   0.0000000E+00   0.0000000E+00   0.0000000E+00   0.0000000E+00   0.0000000E+00   0.0000000E+00   5.0456687E-12   2.6018102E-10   7.9763041E-09   1.6951826E-07   1.8289194E-06   1.4928193E-05   7.5547898E-05   1.3921034E-04  -1.3567062E-05  -7.1498425E-06  -6.3968887E-06  -5.6121562E-06  -3.7000013E-06  -1.2791312E-06   7.6499936E-07   2.9602088E-06   4.8287538E-06   5.2083101E-06   5.1133761E-06   4.2355318E-06   2.4603464E-06   1.0265270E-06   1.2619228E-07   1.5010126E-07   1.1603680E-07  -5.0903589E-07  -3.4694276E-07  -1.2022446E-06  -1.8461327E-06  -1.9084609E-06  -2.6987000E-06  -3.9209399E-06  -4.0855248E-06  -3.6443091E-06  -4.3904197E-06  -5.8425971E-06  -7.8599778E-06  -9.0043295E-06  -9.8519013E-06  -1.2446867E-05  -1.5383172E-05  -1.7331757E-05  -1.8811246E-05  -1.9422694E-05  -1.9295214E-05  -1.9550054E-05  -2.0037192E-05  -2.1578275E-05  -2.1810931E-05  -2.0896583E-05  -1.9895193E-05  -1.6870474E-05  -1.1992669E-05  -6.9412099E-06  -4.4363355E-06  -2.1438045E-06  -1.0806865E-06   1.0145077E-07   1.9059217E-06   6.8779532E-06   1.6027187E-05   1.9216182E-05   6.1107844E-06  -8.5666161E-06  -8.4551993E-06  -6.9985495E-06  -9.5393380E-06  -1.2881922E-05  -1.1352441E-05   0.0000000E+00
   0.0000000E+00   0.0000000E+00   0.0000000E+00   0.0000000E+00   0.0000000E+00   0.0000000E+00   0.0000000E+00   0.0000000E+00   0.0000000E+00   0.0000000E+00   0.0000000E+00   0.0000000E+00   0.0000000E+00   0.0000000E+00   0.0000000E+00   0.0000000E+00   0.0000000E+00   0.0000000E+00   0.0000000E+00   0.0000000E+00   0.0000000E+00   0.0000000E+00   0.0000000E+00   0.0000000E+00   0.0000000E+00   0.0000000E+00   0.0000000E+00   0.0000000E+00   0.0000000E+00   1.5144139E-12   1.1727547E-10   4.2676684E-09   1.2182399E-07   2.3337402E-06   1.7918535E-05   8.5266001E-05   1.2109931E-04  -1.5869698E-05  -5.9022141E-06  -4.2592587E-06  -4.5363049E-06  -4.0600785E-06  -2.3720977E-06  -2.1496506E-07   1.5975693E-06   3.5739624E-06   5.1455236E-06   5.3584422E-06   5.1199077E-06   4.1143721E-06   2.3530029E-06   9.7336442E-07   1.6108858E-07   1.7437776E-07   7.4236510E-08  -4.7644309E-07  -4.2546185E-07  -1.2612048E-06  -1.8450885E-06  -1.9925965E-06  -2.8180630E-06  -3.9070828E-06  -4.0019904E-06  -3.6949268E-06  -4.5195870E-06  -6.0197112E-06  -7.9352021E-06  -9.0542126E-06  -1.0062154E-05  -1.2690293E-05  -1.5552545E-05  -1.7446238E-05  -1.8841980E-05  -1.9280847E-05  -1.9117739E-05  -1.9416962E-05  -1.9988411E-05  -2.1417491E-05  -2.1474485E-05  -2.0608595E-05  -1.9487308E-05  -1.6425174E-05  -1.1613192E-05  -6.7433170E-06  -4.3296031E-06  -2.1005415E-06  -1.0414457E-06   1.5411275E-07   2.0565008E-06   7.1580716E-06   1.6120432E-05   1.8845616E-05   5.6961321E-06  -8.6903156E-06  -8.4834583E-06  -7.0365859E-06  -9.5807363E-06  -1.2776977E-05  -1.1031819E-05   0.0000000E+00
   0.0000000E+00   0.0000000E+00   0.0000000E+00   0.0000000E+00   0.0000000E+00   0.0000000E+00   0.0000000E+00   0.0000000E+00   0.0000000E+00   0.0000000E+00   0.0000000E+00   0.0000000E+00   0.0000000E+00   0.0000000E+00   0.0000000E+00   0.0000000E+00   0.0000000E+00   0.0000000E+00   0.0000000E+00   0.0000000E+00   0.0000000E+00   0.0000000E+00   0.0000000E+00   0.0000000E+00   0.0000000E+00   0.0000000E+00   0.0000000E+00   0.0000000E+00   0.0000000E+00   4.3698465E-11   1.6551994E-09   5.4426753E-08   1.3885391E-06   2.3113040E-05   9.6222320E-05   1.0220172E-04  -1.7058686E-05  -7.7990480E-06  -2.3476832E-06  -2.7833541E-06  -3.4098837E-06  -3.0027629E-06  -1.4114023E-06   5.7745240E-07   2.2471675E-06   4.0491041E-06   5.3737876E-06   5.4511779E-06   5.0835083E-06   3.9738752E-06   2.2386707E-06   9.1845442E-07   1.8705310E-07   1.8420386E-07   3.3494977E-08  -4.6168390E-07  -5.0775606E-07  -1.3177504E-06  -1.8581012E-06  -2.0840350E-06  -2.9261871E-06  -3.8904273E-06  -3.9403626E-06  -3.7629582E-06  -4.6629470E-06  -6.1953920E-06  -8.0168711E-06  -9.1289648E-06  -1.0290600E-05  -1.2941631E-05  -1.5724245E-05  -1.7560509E-05  -1.8849620E-05  -1.9126654E-05  -1.8946670E-05  -1.9290799E-05  -1.9929035E-05  -2.1236554E-05  -2.1147744E-05  -2.0315161E-05  -1.9083322E-05  -1.5988675E-05  -1.1246577E-05  -6.5527083E-06  -4.2253673E-06  -2.0572361E-06  -1.0018597E-06   2.0920804E-07   2.2092117E-06   7.4293698E-06   1.6206543E-05   1.8475799E-05   5.2875480E-06  -8.8107718E-06  -8.5081920E-06  -7.0744309E-06  -9.6179319E-06  -1.2667510E-05  -1.0720731E-05   0.0000000E+00
   0.0000000E+00   0.0000000E+00   0.0000000E+00   0.0000000E+00   0.0000000E+00   0.0000000E+00   0.0000000E+00   0.0000000E+00   0.0000000E+00   0.0000000E+00   0.0000000E+00   0.0000000E+00   0.0000000E+00   0.0000000E+00   0.0000000E+00   0.0000000E+00   0.0000000E+00   0.0000000E+00   0.0000000E+00   0.0000000E+00   0.0000000E+00   0.0000000E+00   0.0000000E+00   0.0000000E+00   0.0000000E+00   0.0000000E+00   0.0000000E+00   0.0000000E+00   1.1728004E-11   5.2099408E-10   1.7025668E-08   4.5995964E-07   9.5490395E-06   1.2784792E-04   8.2187515E-05  -1.7666380E-05  -9.1008824E-06  -3.7576626E-06  -6.0317797E-07  -1.9270110E-06  -2.6529767E-06  -2.2224895E-06  -6.7401055E-07   1.1968988E-06   2.7704507E-06   4.4232875E-06   5.5370192E-06   5.4993188E-06   5.0143826E-06   3.8208127E-06   2.1211117E-06   8.6382119E-07   2.0515274E-07   1.8281885E-07  -6.8288619E-09  -4.6201700E-07  -5.9172646E-07  -1.3730016E-06  -1.8834519E-06  -2.1797136E-06  -3.0231174E-06  -3.8732037E-06  -3.8993435E-06  -3.8465992E-06  -4.8169654E-06  -6.3686598E-06  -8.1058242E-06  -9.2275804E-06  -1.0534113E-05  -1.3197739E-05  -1.5897305E-05  -1.7670285E-05  -1.8834839E-05  -1.8963454E-05  -1.8781888E-05  -1.9170055E-05  -1.9858155E-05  -2.1039164E-05  -2.0829413E-05  -2.0017136E-05  -1.8683546E-05  -1.5561327E-05  -1.0892829E-05  -6.3693446E-06  -4.1237654E-06  -2.0140499E-06  -9.6195424E-07   2.6674340E-07   2.3640514E-06   7.6931155E-06   1.6284788E-05   1.8105600E-05   4.8849715E-06  -8.9278501E-06  -8.5296160E-06  -7.1119762E-06  -9.6509593E-06  -1.2553897E-05  -1.0418878E-05   0.0000000E+00
   0.0000000E+00   0.0000000E+00   0.0000000E+00   0.0000000E+00   0.0000000E+00   0.0000000E+00   0.0000000E+00   0.0000000E+00   0.0000000E+00   0.0000000E+00   0.0000000E+00   0.0000000E+00   0.0000000E+00   0.0000000E+00   0.0000000E+00   0.0000000E+00   0.0000000E+00   0.0000000E+00   0.0000000E+00   0.0000000E+00   0.0000000E+00   0.0000000E+00   0.0000000E+00   0.0000000E+00   0.0000000E+00   0.0000000E+00   0.0000000E+00   1.4547867E-12   1.1449391E-10   4.0555053E-09   1.0544954E-07   1.9227384E-06   2.1849266E-05   1.1360563E-04   7.8385659E-05  -2.4157041E-05  -5.0628905E-06  -1.5506971E-06   3.3900949E-07  -1.3902885E-06  -2.1048943E-06  -1.6123532E-06  -8.2574623E-08   1.6997300E-06   3.2020587E-06   4.7211679E-06   5.6507897E-06   5.5118048E-06   4.9200717E-06   3.6600522E-06   2.0029950E-06   8.1059125E-07   2.1627606E-07   1.7265585E-07  -4.7347029E-08  -4.7502945E-07  -6.7600655E-07  -1.4278934E-06  -1.9194381E-06  -2.2771605E-06  -3.1094246E-06  -3.8573335E-06  -3.8776575E-06  -3.9440879E-06  -4.9787759E-06  -6.5391737E-06  -8.2029319E-06  -9.3486942E-06  -1.0789835E-05  -1.3456169E-05  -1.6070320E-05  -1.7772061E-05  -1.8798715E-05  -1.8794010E-05  -1.8623190E-05  -1.9053268E-05  -1.9775347E-05  -2.0828382E-05  -2.0518341E-05  -1.9715435E-05  -1.8288245E-05  -1.5143391E-05  -1.0551818E-05  -6.1930791E-06  -4.0248547E-06  -1.9710869E-06  -9.2172360E-07   3.2673515E-07   2.5210038E-06   7.9502188E-06   1.6354370E-05   1.7734454E-05   4.4883604E-06  -9.0414342E-06  -8.5479369E-06  -7.1491140E-06  -9.6798576E-06  -1.2436498E-05  -1.0125974E-05   0.0000000E+00
   0.0000000E+00   0.0000000E+00   0.0000000E+00   0.0000000E+00   0.0000000E+00   0.0000000E+00   0.0000000E+00   0.0000000E+00   0.0000000E+00   0.0000000E+00   0.0000000E+00   0.0000000E+00   0.0000000E+00   0.0000000E+00   0.0000000E+00   0.0000000E+00   0.0000000E+00   0.0000000E+00   0.0000000E+00   0.0000000E+00   0.0000000E+00   0.0000000E+00   0.0000000E+00   0.0000000E+00   0.0000000E+00   0.0000000E+00   0.0000000E+00   1.3480334E-11   5.7244093E-10   1.5999090E-08   3.0632799E-07   3.9145452E-06   3.0145498E-05   1.0377610E-04   7.1248454E-05  -2.4512381E-05  -2.7922040E-06  -1.9985679E-07   8.6459835E-07  -1.0352416E-06  -1.6838799E-06  -1.1136761E-06   4.0829121E-07   2.1202193E-06   3.5643184E-06   4.9595742E-06   5.7257666E-06   5.4951483E-06   4.8063198E-06   3.4951665E-06   1.8862164E-06   7.5932428E-07   2.2118452E-07   1.5554068E-07  -8.8578673E-08  -4.9862257E-07  -7.5975004E-07  -1.4831596E-06  -1.9644094E-06  -2.3744340E-06  -3.1860275E-06  -3.8444450E-06  -3.8740436E-06  -4.0537334E-06  -5.1460984E-06  -6.7070596E-06  -8.3089835E-06  -9.4907055E-06  -1.1055184E-05  -1.3714937E-05  -1.6241642E-05  -1.7863049E-05  -1.8742625E-05  -1.8620642E-05  -1.8470235E-05  -1.8939052E-05  -1.9680552E-05  -2.0606813E-05  -2.0213662E-05  -1.9410758E-05  -1.7897659E-05  -1.4735026E-05  -1.0223310E-05  -6.0236948E-06  -3.9286360E-06  -1.9284100E-06  -8.8113927E-07   3.8920572E-07   2.6800417E-06   8.2013021E-06   1.6414553E-05   1.7362128E-05   4.0976888E-06  -9.1514203E-06  -8.5633483E-06  -7.1857444E-06  -9.7046732E-06  -1.2315649E-05  -9.8417404E-06   0.0000000E+00
   0.0000000E+00   0.0000000E+00   0.0000000E+00   0.0000000E+00   0.0000000E+00   0.0000000E+00   0.0000000E+00   0.0000000E+00   0.0000000E+00   0.0000000E+00   0.0000000E+00   0.0000000E+00   0.0000000E+00   0.0000000E+00   0.0000000E+00   0.0000000E+00   0.0000000E+00   0.0000000E+00   0.0000000E+00   0.0000000E+00   0.0000000E+00   0.0000000E+00   0.0000000E+00   0.0000000E+00   0.0000000E+00   0.0000000E+00   0.0000000E+00   4.4070705E-11   1.5995298E-09   3.7468283E-08   5.8145400E-07   5.9214349E-06   3.6028643E-05   9.6643547E-05   6.3701664E-05  -2.2736465E-05  -1.3370751E-06   6.7556851E-07   1.1525482E-06  -7.8967969E-07  -1.3440612E-06  -6.9158841E-07   8.2698239E-07   2.4802323E-06   3.8722428E-06   5.1503835E-06   5.7694683E-06   5.4542834E-06   4.6776099E-06   3.3288184E-06   1.7721071E-06   7.1022515E-07   2.2054026E-07   1.3284274E-07  -1.3092887E-07  -5.3099018E-07  -8.4247466E-07  -1.5393390E-06  -2.0167981E-06  -2.4700596E-06  -3.2540611E-06  -3.8358935E-06  -3.8872581E-06  -4.1739399E-06  -5.3171589E-06  -6.8727645E-06  -8.4246258E-06  -9.6518661E-06  -1.1327843E-05  -1.3972370E-05  -1.6409509E-05  -1.7941107E-05  -1.8668123E-05  -1.8445227E-05  -1.8322575E-05  -1.8826177E-05  -1.9573996E-05  -2.0376658E-05  -1.9914512E-05  -1.9103869E-05  -1.7512000E-05  -1.4336345E-05  -9.9070103E-06  -5.8609321E-06  -3.8350731E-06  -1.8860512E-06  -8.4015761E-07   4.5418065E-07   2.8411250E-06   8.4467583E-06   1.6464737E-05   1.6988597E-05   3.7129357E-06  -9.2577211E-06  -8.5760312E-06  -7.2217726E-06  -9.7254606E-06  -1.2191672E-05  -9.5659079E-06   0.0000000E+00
   0.0000000E+00   0.0000000E+00   0.0000000E+00   0.0000000E+00   0.0000000E+00   0.0000000E+00   0.0000000E+00   0.0000000E+00   0.0000000E+00   0.0000000E+00   0.0000000E+00   0.0000000E+00   0.0000000E+00   0.0000000E+00   0.0000000E+00   0.0000000E+00   0.0000000E+00   0.0000000E+00   0.0000000E+00   0.0000000E+00   0.0000000E+00   0.0000000E+00   0.0000000E+00   0.0000000E+00   0.0000000E+00   0.0000000E+00   0.0000000E+00   9.2975044E-11   3.1334757E-09   6.5438464E-08   8.8444705E-07   7.7620643E-06   4.0430827E-05   9.0992457E-05   5.6697296E-05  -2.0057834E-05  -3.3183147E-07   1.2568642E-06   1.2970816E-06  -6.1227053E-07  -1.0578599E-06  -3.2412063E-07   1.1921328E-06   2.7942376E-06   4.1362832E-06   5.3022122E-06   5.7873403E-06   5.3930858E-06   4.5375173E-06   3.1630157E-06   1.6615787E-06   6.6328033E-07   2.1492261E-07   1.0558939E-07  -1.7468967E-07  -5.7059293E-07  -9.2394720E-07  -1.5967915E-06  -2.0751452E-06  -2.5629713E-06  -3.3147790E-06  -3.8327776E-06  -3.9160745E-06  -4.3032301E-06  -5.4906182E-06  -7.0369442E-06  -8.5503298E-06  -9.8303535E-06  -1.1605734E-05  -1.4227000E-05  -1.6572143E-05  -1.8004663E-05  -1.8576871E-05  -1.8269275E-05  -1.8179724E-05  -1.8713521E-05  -1.9456089E-05  -2.0139771E-05  -1.9620171E-05  -1.8795439E-05  -1.7131464E-05  -1.3947407E-05  -9.6025778E-06  -5.7045113E-06  -3.7441077E-06  -1.8440213E-06  -7.9872461E-07   5.2168610E-07   3.0042033E-06   8.6867976E-06   1.6504455E-05   1.6613936E-05   3.3340875E-06  -9.3602584E-06  -8.5861593E-06  -7.2571088E-06  -9.7422790E-06  -1.2064870E-05  -9.2982164E-06   0.0000000E+00
   0.0000000E+00   0.0000000E+00   0.0000000E+00   0.0000000E+00   0.0000000E+00   0.0000000E+00   0.0000000E+00   0.0000000E+00   0.0000000E+00   0.0000000E+00   0.0000000E+00   0.0000000E+00   0.0000000E+00   0.0000000E+00   0.0000000E+00   0.0000000E+00   0.0000000E+00   0.0000000E+00   0.0000000E+00   0.0000000E+00   0.0000000E+00   0.0000000E+00   0.0000000E+00   0.0000000E+00   0.0000000E+00   0.0000000E+00   1.9527925E-12   1.5215532E-10   4.9673576E-09   9.6207046E-08   1.1849429E-06   9.3984254E-06   4.3893095E-05   8.6275119E-05   5.0496525E-05  -1.7087435E-05   3.9448796E-07   1.6428785E-06   1.3524439E-06  -4.7777678E-07  -8.0785367E-07   3.1875071E-09   1.5164148E-06   3.0720842E-06   4.3639302E-06   5.4214579E-06   5.7834282E-06   5.3146973E-06   4.3889445E-06   2.9992793E-06   1.5552245E-06   6.1834635E-07   2.0483884E-07   7.4552844E-08  -2.2005202E-07  -6.1613036E-07  -1.0040989E-06  -1.6557204E-06  -2.1381186E-06  -2.6524517E-06  -3.3694826E-06  -3.8359681E-06  -3.9592906E-06  -4.4402564E-06  -5.6655090E-06  -7.2003686E-06  -8.6863784E-06  -1.0024320E-05  -1.1886988E-05  -1.4477503E-05  -1.6727841E-05  -1.8052648E-05  -1.8470560E-05  -1.8093970E-05  -1.8041135E-05  -1.8600087E-05  -1.9327428E-05  -1.9897703E-05  -1.9330040E-05  -1.8486075E-05  -1.6756223E-05  -1.3568228E-05  -9.3096432E-06  -5.5541423E-06  -3.6556607E-06  -1.8023169E-06  -7.5677895E-07   5.9174675E-07   3.1692057E-06   8.9215046E-06   1.6533391E-05   1.6238288E-05   2.9611344E-06  -9.4589695E-06  -8.5938927E-06  -7.2916673E-06  -9.7551947E-06  -1.1935530E-05  -9.0384137E-06   0.0000000E+00
   0.0000000E+00   0.0000000E+00   0.0000000E+00   0.0000000E+00   0.0000000E+00   0.0000000E+00   0.0000000E+00   0.0000000E+00   0.0000000E+00   0.0000000E+00   0.0000000E+00   0.0000000E+00   0.0000000E+00   0.0000000E+00   0.0000000E+00   0.0000000E+00   0.0000000E+00   0.0000000E+00   0.0000000E+00   0.0000000E+00   0.0000000E+00   0.0000000E+00   0.0000000E+00   0.0000000E+00   0.0000000E+00   0.0000000E+00   2.8301940E-12   2.1741013E-10   6.9009367E-09   1.2705914E-07   1.4681915E-06   1.0848903E-05   4.6744550E-05   8.2189006E-05   4.5124838E-05  -1.4136535E-05   9.3305880E-07   1.8930567E-06   1.3519757E-06  -3.7006131E-07  -5.8264010E-07   3.0017347E-07   1.8086796E-06   3.3206286E-06   4.5606926E-06   5.5129749E-06   5.7608299E-06   5.2217379E-06   4.2342795E-06   2.8387594E-06   1.4533948E-06   5.7520754E-07   1.9073258E-07   4.0315772E-08  -2.6712183E-07  -6.6651177E-07  -1.0829634E-06  -1.7161977E-06  -2.2045265E-06  -2.7380802E-06  -3.4194695E-06  -3.8461258E-06  -4.0157383E-06  -4.5838146E-06  -5.8411761E-06  -7.3638616E-06  -8.8328734E-06  -1.0231929E-05  -1.2169920E-05  -1.4722652E-05  -1.6875019E-05  -1.8084422E-05  -1.8350871E-05  -1.7920227E-05  -1.7906232E-05  -1.8485061E-05  -1.9188681E-05  -1.9651745E-05  -1.9043626E-05  -1.8176317E-05  -1.6386435E-05  -1.3198792E-05  -9.0278190E-06  -5.4095344E-06  -3.5696482E-06  -1.7609224E-06  -7.1425785E-07   6.6438389E-07   3.3360484E-06   9.1508618E-06   1.6551350E-05   1.5861826E-05   2.5940712E-06  -9.5538016E-06  -8.5993834E-06  -7.3253686E-06  -9.7642769E-06  -1.1803922E-05  -8.7862563E-06   0.0000000E+00
   0.0000000E+00   0.0000000E+00   0.0000000E+00   0.0000000E+00   0.0000000E+00   0.0000000E+00   0.0000000E+00   0.0000000E+00   0.0000000E+00   0.0000000E+00   0.0000000E+00   0.0000000E+00   0.0000000E+00   0.0000000E+00   0.0000000E+00   0.0000000E+00   0.0000000E+00   0.0000000E+00   0.0000000E+00   0.0000000E+00   0.0000000E+00   0.0000000E+00   0.0000000E+00   0.0000000E+00   0.0000000E+00   0.0000000E+00   5.1641790E-12   2.8094022E-10   8.8002272E-09   1.5651247E-07   1.7297775E-06   1.2149912E-05   4.9189184E-05   7.8547593E-05   4.0522031E-05  -1.1360478E-05   1.3374492E-06   2.0458776E-06   1.3171837E-06  -2.7846673E-07  -3.7457121E-07   5.7369755E-07   2.0752332E-06   3.5447326E-06   4.7307112E-06   5.5805144E-06   5.7219772E-06   5.1164429E-06   4.0755090E-06   2.6823177E-06   1.3562553E-06   5.3361248E-07   1.7299075E-07   3.3207106E-09  -3.1593689E-07  -7.2082935E-07  -1.1606327E-06  -1.7781904E-06  -2.2733236E-06  -2.8196805E-06  -3.4659924E-06  -3.8637259E-06  -4.0842901E-06  -4.7328463E-06  -6.0172206E-06  -7.5282378E-06  -8.9897412E-06  -1.0451385E-05  -1.2452996E-05  -1.4961310E-05  -1.7012260E-05  -1.8099709E-05  -1.8219422E-05  -1.7748725E-05  -1.7774426E-05  -1.8367753E-05  -1.9040563E-05  -1.9402994E-05  -1.8760516E-05  -1.7866660E-05  -1.6022243E-05  -1.2839047E-05  -8.7567105E-06  -5.2704017E-06  -3.4859802E-06  -1.7198150E-06  -6.7109363E-07   7.3961530E-07   3.5046278E-06   9.3747813E-06   1.6558253E-05   1.5484737E-05   2.2328952E-06  -9.6447156E-06  -8.6027749E-06  -7.3581382E-06  -9.7696020E-06  -1.1670306E-05  -8.5415086E-06   0.0000000E+00
   0.0000000E+00   0.0000000E+00   0.0000000E+00   0.0000000E+00   0.0000000E+00   0.0000000E+00   0.0000000E+00   0.0000000E+00   0.0000000E+00   0.0000000E+00   0.0000000E+00   0.0000000E+00   0.0000000E+00   0.0000000E+00   0.0000000E+00   0.0000000E+00   0.0000000E+00   0.0000000E+00   0.0000000E+00   0.0000000E+00   0.0000000E+00   0.0000000E+00   0.0000000E+00   0.0000000E+00   0.0000000E+00   0.0000000E+00   6.3473415E-12   3.4255718E-10   1.0598654E-08   1.8402547E-07   1.9709335E-06   1.3339622E-05   5.1355964E-05   7.5232194E-05   3.6595724E-05  -8.8305460E-06   1.6416079E-06   2.1276905E-06   1.2624407E-06  -1.9580446E-07  -1.7843556E-07   8.2863204E-07   2.3206321E-06   3.7478931E-06   4.8771672E-06   5.6270342E-06   5.6688441E-06   5.0007557E-06   3.9142960E-06   2.5305876E-06   1.2638299E-06   4.9329827E-07   1.5195020E-07  -3.6092793E-08  -3.6648265E-07  -7.7833107E-07  -1.2372242E-06  -1.8415838E-06  -2.3436148E-06  -2.8972777E-06  -3.5102366E-06  -3.8890817E-06  -4.1638687E-06  -4.8864390E-06  -6.1934497E-06  -7.6942697E-06  -9.1567517E-06  -1.0680941E-05  -1.2734819E-05  -1.5192402E-05  -1.7138324E-05  -1.8098533E-05  -1.8077757E-05  -1.7579940E-05  -1.7645129E-05  -1.8247611E-05  -1.8883848E-05  -1.9152347E-05  -1.8480379E-05  -1.7557535E-05  -1.5663771E-05  -1.2488924E-05  -8.4959220E-06  -5.1364668E-06  -3.4045643E-06  -1.6789664E-06  -6.2721955E-07   8.1745350E-07   3.6748277E-06   9.5931309E-06   1.6554099E-05   1.5107210E-05   1.8776072E-06  -9.7316815E-06  -8.6042000E-06  -7.3899046E-06  -9.7712482E-06  -1.1534920E-05  -8.3039413E-06   0.0000000E+00
   0.0000000E+00   0.0000000E+00   0.0000000E+00   0.0000000E+00   0.0000000E+00   0.0000000E+00   0.0000000E+00   0.0000000E+00   0.0000000E+00   0.0000000E+00   0.0000000E+00   0.0000000E+00   0.0000000E+00   0.0000000E+00   0.0000000E+00   0.0000000E+00   0.0000000E+00   0.0000000E+00   0.0000000E+00   0.0000000E+00   0.0000000E+00   0.0000000E+00   0.0000000E+00   0.0000000E+00   0.0000000E+00   0.0000000E+00   7.4556602E-12   4.0019438E-10   1.2277799E-08   2.0963014E-07   2.1954363E-06   1.4451805E-05   5.3316286E-05   7.2131843E-05   3.3292308E-05  -6.5720897E-06   1.8684210E-06   2.1573394E-06   1.1975947E-06  -1.1717101E-07   9.3464037E-09   1.0684817E-06   2.5482022E-06   3.9326619E-06   5.0025487E-06   5.6549093E-06   5.6030744E-06   4.8763895E-06   3.7520381E-06   2.3840171E-06   1.1760361E-06   4.5400461E-07   1.2790372E-07  -7.7660545E-08  -4.1870584E-07  -8.3839751E-07  -1.3128612E-06  -1.9062055E-06  -2.4146514E-06  -2.9710568E-06  -3.5532985E-06  -3.9223660E-06  -4.2534530E-06  -5.0438225E-06  -6.3698358E-06  -7.8626581E-06  -9.3335357E-06  -1.0918918E-05  -1.3014102E-05  -1.5414935E-05  -1.7252178E-05  -1.8081169E-05  -1.7927317E-05  -1.7414173E-05  -1.7517768E-05  -1.8124212E-05  -1.8719316E-05  -1.8900535E-05  -1.8202965E-05  -1.7249346E-05  -1.5311125E-05  -1.2148327E-05  -8.2450588E-06  -5.0074627E-06  -3.3253091E-06  -1.6383448E-06  -5.8256916E-07   8.9790524E-07   3.8465146E-06   9.8057226E-06   1.6537766E-05   1.4730674E-05   1.5282093E-06  -9.8146775E-06  -8.6037853E-06  -7.4206041E-06  -9.7692964E-06  -1.1397996E-05  -8.0733334E-06   0.0000000E+00
   0.0000000E+00   0.0000000E+00   0.0000000E+00   0.0000000E+00   0.0000000E+00   0.0000000E+00   0.0000000E+00   0.0000000E+00   0.0000000E+00   0.0000000E+00   0.0000000E+00   0.0000000E+00   0.0000000E+00   0.0000000E+00   0.0000000E+00   0.0000000E+00   0.0000000E+00   0.0000000E+00   0.0000000E+00   0.0000000E+00   0.0000000E+00   0.0000000E+00   0.0000000E+00   0.0000000E+00   0.0000000E+00   0.0000000E+00   8.4895988E-12   4.5399604E-10   1.3847250E-08   2.3364498E-07   2.4076664E-06   1.5508560E-05   5.5018660E-05   6.9316804E-05   3.0508001E-05  -4.5855049E-06   2.0341379E-06   2.1487572E-06   1.1295012E-06  -3.9216403E-08   1.9123409E-07   1.2957871E-06   2.7603849E-06   4.1009221E-06   5.1088455E-06   5.6660856E-06   5.5260803E-06   4.7448721E-06   3.5899129E-06   2.2429044E-06   1.0927128E-06   4.1548336E-07   1.0110563E-07  -1.2117316E-07  -4.7252598E-07  -9.0051924E-07  -1.3876580E-06  -1.9718457E-06  -2.4858259E-06  -3.0413255E-06  -3.5961762E-06  -3.9636302E-06  -4.3520868E-06  -5.2043615E-06  -6.5464733E-06  -8.0340142E-06  -9.5196001E-06  -1.1163710E-05  -1.3289665E-05  -1.5627984E-05  -1.7352981E-05  -1.8048080E-05  -1.7769431E-05  -1.7251599E-05  -1.7391805E-05  -1.7997243E-05  -1.8547738E-05  -1.8648185E-05  -1.7928047E-05  -1.6942453E-05  -1.4964416E-05  -1.1817143E-05  -8.0037298E-06  -4.8831357E-06  -3.2481232E-06  -1.5979151E-06  -5.3707714E-07   9.8097144E-07   4.0195473E-06   1.0012411E-05   1.6512226E-05   1.4352401E-05   1.1847054E-06  -9.8936962E-06  -8.6016471E-06  -7.4501754E-06  -9.7638322E-06  -1.1259746E-05  -7.8494722E-06   0.0000000E+00
