   0.0000000E+00   0.0000000E+00   0.0000000E+00   0.0000000E+00   0.0000000E+00   0.0000000E+00   0.0000000E+00   0.0000000E+00   0.0000000E+00   0.0000000E+00   0.0000000E+00   0.0000000E+00   0.0000000E+00   0.0000000E+00   0.0000000E+00   0.0000000E+00   0.0000000E+00   0.0000000E+00   0.0000000E+00   0.0000000E+00   0.0000000E+00   0.0000000E+00   0.0000000E+00   0.0000000E+00   0.0000000E+00   0.0000000E+00   0.0000000E+00   0.0000000E+00   0.0000000E+00   0.0000000E+00   0.0000000E+00   0.0000000E+00   0.0000000E+00   0.0000000E+00   0.0000000E+00   0.0000000E+00   0.0000000E+00   0.0000000E+00   0.0000000E+00   0.0000000E+00   0.0000000E+00   0.0000000E+00   0.0000000E+00   0.0000000E+00   0.0000000E+00   0.0000000E+00   0.0000000E+00   0.0000000E+00   0.0000000E+00   0.0000000E+00   0.0000000E+00   0.0000000E+00   0.0000000E+00   0.0000000E+00   0.0000000E+00   0.0000000E+00   0.0000000E+00   0.0000000E+00   0.0000000E+00   0.0000000E+00   0.0000000E+00   0.0000000E+00   0.0000000E+00   0.0000000E+00   0.0000000E+00   0.0000000E+00   0.0000000E+00   0.0000000E+00   0.0000000E+00   0.0000000E+00   0.0000000E+00   0.0000000E+00   0.0000000E+00   0.0000000E+00   0.0000000E+00   0.0000000E+00   0.0000000E+00   0.0000000E+00   0.0000000E+00   0.0000000E+00   0.0000000E+00   0.0000000E+00   0.0000000E+00   0.0000000E+00   0.0000000E+00   0.0000000E+00   0.0000000E+00   0.0000000E+00   0.0000000E+00   0.0000000E+00   0.0000000E+00   0.0000000E+00   0.0000000E+00   0.0000000E+00   0.0000000E+00   0.0000000E+00   0.0000000E+00   0.0000000E+00   0.0000000E+00   0.0000000E+00
   0.0000000E+00   0.0000000E+00   0.0000000E+00   0.0000000E+00   0.0000000E+00   0.0000000E+00   0.0000000E+00   0.0000000E+00   0.0000000E+00   0.0000000E+00   0.0000000E+00   0.0000000E+00   0.0000000E+00   0.0000000E+00   0.0000000E+00   0.0000000E+00   0.0000000E+00   0.0000000E+00   0.0000000E+00   0.0000000E+00   0.0000000E+00   0.0000000E+00   0.0000000E+00   0.0000000E+00   0.0000000E+00   0.0000000E+00   0.0000000E+00   0.0000000E+00   0.0000000E+00   0.0000000E+00   0.0000000E+00   0.0000000E+00   0.0000000E+00   0.0000000E+00   0.0000000E+00   0.0000000E+00   0.0000000E+00   0.0000000E+00   0.0000000E+00   0.0000000E+00   0.0000000E+00   0.0000000E+00   0.0000000E+00   0.0000000E+00   0.0000000E+00   0.0000000E+00   0.0000000E+00   0.0000000E+00   0.0000000E+00   0.0000000E+00   0.0000000E+00   0.0000000E+00   0.0000000E+00   0.0000000E+00   0.0000000E+00   0.0000000E+00   0.0000000E+00   0.0000000E+00   0.0000000E+00   0.0000000E+00   0.0000000E+00   0.0000000E+00   0.0000000E+00   0.0000000E+00   0.0000000E+00   0.0000000E+00   0.0000000E+00   0.0000000E+00   0.0000000E+00   0.0000000E+00   0.0000000E+00   0.0000000E+00   0.0000000E+00   0.0000000E+00   0.0000000E+00   0.0000000E+00   0.0000000E+00   0.0000000E+00   0.0000000E+00   0.0000000E+00   0.0000000E+00   0.0000000E+00   0.0000000E+00   0.0000000E+00   0.0000000E+00   0.0000000E+00   0.0000000E+00   0.0000000E+00   0.0000000E+00   0.0000000E+00   0.0000000E+00   0.0000000E+00   0.0000000E+00   0.0000000E+00   0.0000000E+00   0.0000000E+00   0.0000000E+00   0.0000000E+00   0.0000000E+00   0.0000000E+00
   0.0000000E+00   0.0000000E+00   0.0000000E+00   0.0000000E+00   0.0000000E+00   0.0000000E+00   0.0000000E+00   0.0000000E+00   0.0000000E+00   0.0000000E+00   0.0000000E+00   0.0000000E+00   0.0000000E+00   0.0000000E+00   0.0000000E+00   0.0000000E+00   0.0000000E+00   0.0000000E+00   0.0000000E+00   0.0000000E+00   0.0000000E+00   0.0000000E+00   0.0000000E+00   0.0000000E+00   0.0000000E+00   0.0000000E+00   0.0000000E+00   0.0000000E+00   0.0000000E+00   0.0000000E+00   0.0000000E+00   0.0000000E+00   0.0000000E+00   0.0000000E+00   0.0000000E+00   0.0000000E+00   0.0000000E+00   0.0000000E+00   0.0000000E+00   0.0000000E+00   0.0000000E+00   0.0000000E+00   0.0000000E+00   0.0000000E+00   0.0000000E+00   0.0000000E+00   0.0000000E+00   0.0000000E+00   0.0000000E+00   0.0000000E+00   0.0000000E+00   0.0000000E+00   0.0000000E+00   0.0000000E+00   0.0000000E+00   0.0000000E+00   0.0000000E+00   0.0000000E+00   0.0000000E+00   0.0000000E+00   0.0000000E+00   0.0000000E+00   0.0000000E+00   0.0000000E+00   0.0000000E+00   0.0000000E+00   0.0000000E+00   0.0000000E+00   0.0000000E+00   0.0000000E+00   0.0000000E+00   0.0000000E+00   0.0000000E+00   0.0000000E+00   0.0000000E+00   0.0000000E+00   0.0000000E+00   0.0000000E+00   0.0000000E+00   0.0000000E+00   0.0000000E+00   0.0000000E+00   0.0000000E+00   0.0000000E+00   0.0000000E+00   0.0000000E+00   0.0000000E+00   0.0000000E+00   0.0000000E+00   0.0000000E+00   0.0000000E+00   0.0000000E+00   0.0000000E+00   0.0000000E+00   0.0000000E+00   0.0000000E+00   0.0000000E+00   0.0000000E+00   0.0000000E+00   0.0000000E+00
   0.0000000E+00   0.0000000E+00   0.0000000E+00   0.0000000E+00   0.0000000E+00   0.0000000E+00   0.0000000E+00   0.0000000E+00   0.0000000E+00   0.0000000E+00   0.0000000E+00   0.0000000E+00   0.0000000E+00   0.0000000E+00   0.0000000E+00   0.0000000E+00   0.0000000E+00   0.0000000E+00   0.0000000E+00   0.0000000E+00   0.0000000E+00   0.0000000E+00   0.0000000E+00   0.0000000E+00   0.0000000E+00   0.0000000E+00   0.0000000E+00   0.0000000E+00   0.0000000E+00   0.0000000E+00   0.0000000E+00   0.0000000E+00   0.0000000E+00   0.0000000E+00   0.0000000E+00   0.0000000E+00   0.0000000E+00   0.0000000E+00   0.0000000E+00   0.0000000E+00   0.0000000E+00   0.0000000E+00   0.0000000E+00   3.9315709E-05   5.7974929E-05   8.5120574E-05   1.2462930E-04   1.8217759E-04   2.6609451E-04   3.8862824E-04   5.6783192E-04   8.3038002E-04   1.2157868E-03   1.7827445E-03   2.6186770E-03   3.8541878E-03   5.6849848E-03   8.4052697E-03   1.2458771E-02   1.8517039E-02   2.7600034E-02   4.1262584E-02   6.1883895E-02   9.3118927E-02   1.4060520E-01   2.1307447E-01   3.2410898E-01   5.1753115E-01   7.7094845E-01   1.1873178E+00   1.8364965E+00   2.8533491E+00   4.4536952E+00   6.9846472E+00   1.1007347E+01   1.7433656E+01   2.7753163E+01   4.4412139E+01   7.1449424E+01   1.1556891E+02   1.8795746E+02   3.0738162E+02   5.0548759E+02   8.3591311E+02   1.3900197E+03   2.3241604E+03   3.9071039E+03   6.6027517E+03   1.1214631E+04   1.9128440E+04   3.2069542E+04   3.3002736E+04   3.0560614E+04   2.8051575E+04   2.5415460E+04   2.1281438E+04   1.8611623E+04   1.5879927E+04   1.2466927E+04   1.0832057E+04
   0.0000000E+00   0.0000000E+00   0.0000000E+00   0.0000000E+00   0.0000000E+00   0.0000000E+00   0.0000000E+00   0.0000000E+00   0.0000000E+00   0.0000000E+00   0.0000000E+00   0.0000000E+00   0.0000000E+00   0.0000000E+00   0.0000000E+00   0.0000000E+00   0.0000000E+00   0.0000000E+00   0.0000000E+00   0.0000000E+00   0.0000000E+00   0.0000000E+00   0.0000000E+00   0.0000000E+00   0.0000000E+00   0.0000000E+00   0.0000000E+00   0.0000000E+00   0.0000000E+00   0.0000000E+00   0.0000000E+00   0.0000000E+00   0.0000000E+00   0.0000000E+00   0.0000000E+00   0.0000000E+00   0.0000000E+00   0.0000000E+00   0.0000000E+00   0.0000000E+00   0.0000000E+00   0.0000000E+00   0.0000000E+00   7.6136825E-05   1.1254793E-04   1.6567309E-04   2.4321855E-04   3.5649951E-04   5.2216356E-04   7.6475570E-04   1.1205461E-03   1.6432581E-03   2.4126636E-03   3.5475255E-03   5.2251340E-03   7.7109077E-03   1.1403384E-02   1.6902838E-02   2.5116326E-02   3.7419056E-02   5.5903268E-02   8.3763563E-02   1.2589589E-01   1.8983257E-01   2.8720793E-01   4.5658639E-01   6.9240629E-01   1.5590122E+00   2.3719330E+00   3.6571756E+00   5.6630160E+00   8.8078144E+00   1.3761482E+01   2.1602061E+01   3.4073102E+01   5.4008816E+01   8.6039761E+01   1.3776968E+02   2.2174653E+02   3.5877611E+02   5.8350854E+02   9.5386691E+02   1.5669312E+03   2.5855022E+03   4.2817379E+03   7.1060222E+03   1.1785838E+04   1.9432588E+04   3.1517985E+04   4.9092854E+04   6.7458874E+04   6.2665585E+04   5.7978439E+04   5.1795324E+04   3.0365711E+04   2.1179363E+04   1.8505326E+04   1.5748699E+04   1.2091373E+04   1.0832057E+04
   0.0000000E+00   0.0000000E+00   0.0000000E+00   0.0000000E+00   0.0000000E+00   0.0000000E+00   0.0000000E+00   0.0000000E+00   0.0000000E+00   0.0000000E+00   0.0000000E+00   0.0000000E+00   0.0000000E+00   0.0000000E+00   0.0000000E+00   0.0000000E+00   0.0000000E+00   0.0000000E+00   0.0000000E+00   0.0000000E+00   0.0000000E+00   0.0000000E+00   0.0000000E+00   0.0000000E+00   0.0000000E+00   0.0000000E+00   0.0000000E+00   0.0000000E+00   0.0000000E+00   0.0000000E+00   0.0000000E+00   0.0000000E+00   0.0000000E+00   0.0000000E+00   0.0000000E+00   0.0000000E+00   0.0000000E+00   0.0000000E+00   0.0000000E+00   0.0000000E+00   0.0000000E+00   0.0000000E+00   0.0000000E+00   1.1925210E-04   1.7674750E-04   2.6086869E-04   3.8399720E-04   5.6435999E-04   8.2884175E-04   1.2171796E-03   1.7882363E-03   2.6294046E-03   3.8707386E-03   5.7063315E-03   8.4265126E-03   1.2466839E-02   1.8482610E-02   2.7462688E-02   4.0903951E-02   6.1079619E-02   9.1453497E-02   1.3732189E-01   2.0681219E-01   3.2749115E-01   4.9673762E-01   1.1971518E+00   1.8414381E+00   3.3004292E+00   5.0521227E+00   7.7971084E+00   1.2083939E+01   1.8808570E+01   2.9405627E+01   4.6183296E+01   7.2873226E+01   1.1553758E+02   1.8407169E+02   2.9470313E+02   4.7416108E+02   7.6664578E+02   1.2454761E+03   2.0324770E+03   3.3298992E+03   5.4717028E+03   9.0017061E+03   1.4778661E+04   2.4070352E+04   3.8464763E+04   5.9041444E+04   8.3432544E+04   9.8780435E+04   9.1854101E+04   8.4662539E+04   7.2054515E+04   2.9990349E+04   2.1077100E+04   1.8398068E+04   1.5610294E+04   1.1728335E+04   1.0832057E+04
   0.0000000E+00   0.0000000E+00   0.0000000E+00   0.0000000E+00   0.0000000E+00   0.0000000E+00   0.0000000E+00   0.0000000E+00   0.0000000E+00   0.0000000E+00   0.0000000E+00   0.0000000E+00   0.0000000E+00   0.0000000E+00   0.0000000E+00   0.0000000E+00   0.0000000E+00   0.0000000E+00   0.0000000E+00   0.0000000E+00   0.0000000E+00   0.0000000E+00   0.0000000E+00   0.0000000E+00   0.0000000E+00   0.0000000E+00   0.0000000E+00   0.0000000E+00   0.0000000E+00   0.0000000E+00   0.0000000E+00   0.0000000E+00   0.0000000E+00   0.0000000E+00   0.0000000E+00   0.0000000E+00   0.0000000E+00   0.0000000E+00   0.0000000E+00   0.0000000E+00   0.0000000E+00   0.0000000E+00   0.0000000E+00   1.7158781E-04   2.5510908E-04   3.7769809E-04   5.5769432E-04   8.2217047E-04   1.2111667E-03   1.7840201E-03   2.6288487E-03   3.8767828E-03   5.7234688E-03   8.4614979E-03   1.2529468E-02   1.8586685E-02   2.7626928E-02   4.1152441E-02   6.1440774E-02   9.1955719E-02   1.3798193E-01   2.0760888E-01   3.2886896E-01   4.9968721E-01   1.2546294E+00   2.3365444E+00   3.6023462E+00   5.9813406E+00   9.1820285E+00   1.4181547E+01   2.1992053E+01   3.4246688E+01   5.3559074E+01   8.4131146E+01   1.3274939E+02   2.1042430E+02   3.3509822E+02   5.3613079E+02   8.6174115E+02   1.3913503E+03   2.2559640E+03   3.6714689E+03   5.9917503E+03   9.7892988E+03   1.5964382E+04   2.5850676E+04   4.1173548E+04   6.3418909E+04   9.1664357E+04   1.1841959E+05   1.2968249E+05   1.2062925E+05   1.1063820E+05   8.8625806E+04   3.0088851E+04   2.0974601E+04   1.8289658E+04   1.5465432E+04   1.1377486E+04   1.0832057E+04
   0.0000000E+00   0.0000000E+00   0.0000000E+00   0.0000000E+00   0.0000000E+00   0.0000000E+00   0.0000000E+00   0.0000000E+00   0.0000000E+00   0.0000000E+00   0.0000000E+00   0.0000000E+00   0.0000000E+00   0.0000000E+00   0.0000000E+00   0.0000000E+00   0.0000000E+00   0.0000000E+00   0.0000000E+00   0.0000000E+00   0.0000000E+00   0.0000000E+00   0.0000000E+00   0.0000000E+00   0.0000000E+00   0.0000000E+00   0.0000000E+00   0.0000000E+00   0.0000000E+00   0.0000000E+00   0.0000000E+00   0.0000000E+00   0.0000000E+00   0.0000000E+00   0.0000000E+00   0.0000000E+00   0.0000000E+00   0.0000000E+00   0.0000000E+00   0.0000000E+00   0.0000000E+00   0.0000000E+00   0.0000000E+00   2.3561853E-04   3.5153367E-04   5.2227160E-04   7.7383397E-04   1.1447202E-03   1.6920372E-03   2.5006587E-03   3.6972431E-03   5.4758517E-03   8.1100114E-03   1.2026943E-02   1.7862697E-02   2.6575373E-02   3.9611906E-02   5.9163409E-02   8.8557080E-02   1.3286021E-01   2.0984203E-01   3.0670176E-01   4.8173359E-01   1.2316936E+00   2.3664205E+00   4.0176615E+00   6.1950948E+00   9.9414825E+00   1.5287368E+01   2.3625674E+01   3.6654033E+01   5.7094555E+01   8.9299547E+01   1.4025791E+02   2.2124044E+02   3.5049903E+02   5.5770700E+02   8.9127586E+02   1.4304081E+03   2.3048800E+03   3.7272049E+03   6.0438689E+03   9.8135884E+03   1.5916431E+04   2.5673740E+04   4.0876454E+04   6.3399592E+04   9.3671065E+04   1.2726535E+05   1.5247366E+05   1.6010603E+05   1.4883047E+05   1.3470054E+05   1.0155907E+05   2.9702263E+04   2.0871820E+04   1.8179945E+04   1.5314791E+04   1.1038449E+04   1.0832057E+04
   0.0000000E+00   0.0000000E+00   0.0000000E+00   0.0000000E+00   0.0000000E+00   0.0000000E+00   0.0000000E+00   0.0000000E+00   0.0000000E+00   0.0000000E+00   0.0000000E+00   0.0000000E+00   0.0000000E+00   0.0000000E+00   0.0000000E+00   0.0000000E+00   0.0000000E+00   0.0000000E+00   0.0000000E+00   0.0000000E+00   0.0000000E+00   0.0000000E+00   0.0000000E+00   0.0000000E+00   0.0000000E+00   0.0000000E+00   0.0000000E+00   0.0000000E+00   0.0000000E+00   0.0000000E+00   0.0000000E+00   0.0000000E+00   0.0000000E+00   0.0000000E+00   0.0000000E+00   0.0000000E+00   0.0000000E+00   0.0000000E+00   0.0000000E+00   0.0000000E+00   0.0000000E+00   0.0000000E+00   0.0000000E+00   3.1489027E-04   4.7164203E-04   7.0344085E-04   1.0462863E-03   1.5536595E-03   2.3051459E-03   3.4194290E-03   5.0748004E-03   7.5502441E-03   1.1221570E-02   1.6698081E-02   2.4882292E-02   3.7136688E-02   5.5523132E-02   8.3169763E-02   1.2483443E-01   1.9775326E-01   2.9933477E-01   7.4923363E-01   1.1717447E+00   2.2816680E+00   3.9640474E+00   6.4622607E+00   1.0586389E+01   2.7849912E+01   3.9529118E+01   5.6795691E+01   8.2572530E+01   1.2145104E+02   1.8063229E+02   2.7099763E+02   4.0943773E+02   6.2736207E+02   9.7068907E+02   1.5153922E+03   2.3849824E+03   3.7819558E+03   6.0222228E+03   9.3829090E+03   1.5139115E+04   2.4332029E+04   3.8725436E+04   6.0418132E+04   9.0860655E+04   1.2826199E+05   1.6403403E+05   1.8533296E+05   1.8995162E+05   1.7629038E+05   1.5685692E+05   1.1107052E+05   2.9328788E+04   2.0768717E+04   1.8068810E+04   1.5159000E+04   1.0710834E+04   1.0832057E+04
   0.0000000E+00   0.0000000E+00   0.0000000E+00   0.0000000E+00   0.0000000E+00   0.0000000E+00   0.0000000E+00   0.0000000E+00   0.0000000E+00   0.0000000E+00   0.0000000E+00   0.0000000E+00   0.0000000E+00   0.0000000E+00   0.0000000E+00   0.0000000E+00   0.0000000E+00   0.0000000E+00   0.0000000E+00   0.0000000E+00   0.0000000E+00   0.0000000E+00   0.0000000E+00   0.0000000E+00   0.0000000E+00   0.0000000E+00   0.0000000E+00   0.0000000E+00   0.0000000E+00   0.0000000E+00   0.0000000E+00   0.0000000E+00   0.0000000E+00   0.0000000E+00   0.0000000E+00   0.0000000E+00   0.0000000E+00   0.0000000E+00   0.0000000E+00   0.0000000E+00   0.0000000E+00   0.0000000E+00   0.0000000E+00   4.1392209E-04   6.2265193E-04   9.3265626E-04   1.3931218E-03   2.0773884E-03   3.0949848E-03   4.6099004E-03   6.8704617E-03   1.0271023E-02   1.5323951E-02   2.2887535E-02   3.4228124E-02   5.1262038E-02   8.3165111E-02   2.2276873E-01   2.2303164E+00   2.8807340E+00   4.0269192E+00   5.4436386E+00   7.2879075E+00   1.0268838E+01   1.4455153E+01   2.0379819E+01   2.9736953E+01   5.2870372E+01   7.3473699E+01   1.0333145E+02   1.4709585E+02   2.1199039E+02   3.0920489E+02   4.5561931E+02   6.8070774E+02   1.0271333E+03   1.5670574E+03   2.4151217E+03   3.7560006E+03   5.8861361E+03   9.2551795E+03   1.4413718E+04   2.2913668E+04   3.6186115E+04   5.5924875E+04   8.5023980E+04   1.2343940E+05   1.6601593E+05   2.0067773E+05   2.1718881E+05   2.1907158E+05   2.0277987E+05   1.7668396E+05   1.1740605E+05   2.8960271E+04   2.0665250E+04   1.7956163E+04   1.4998645E+04   1.0394243E+04   1.0832057E+04
   0.0000000E+00   0.0000000E+00   0.0000000E+00   0.0000000E+00   0.0000000E+00   0.0000000E+00   0.0000000E+00   0.0000000E+00   0.0000000E+00   0.0000000E+00   0.0000000E+00   0.0000000E+00   0.0000000E+00   0.0000000E+00   0.0000000E+00   0.0000000E+00   0.0000000E+00   0.0000000E+00   0.0000000E+00   0.0000000E+00   0.0000000E+00   0.0000000E+00   0.0000000E+00   0.0000000E+00   0.0000000E+00   0.0000000E+00   0.0000000E+00   0.0000000E+00   0.0000000E+00   0.0000000E+00   0.0000000E+00   0.0000000E+00   0.0000000E+00   0.0000000E+00   0.0000000E+00   0.0000000E+00   0.0000000E+00   0.0000000E+00   0.0000000E+00   0.0000000E+00   0.0000000E+00   0.0000000E+00   0.0000000E+00   5.3871683E-04   8.1421681E-04   1.2253343E-03   1.8388263E-03   2.7546295E-03   4.1225835E-03   6.1680889E-03   9.2355196E-03   1.4972469E-02   6.5384020E-02   8.8802549E-01   1.1458096E+00   1.4636279E+00   1.8799496E+00   2.7131804E+00   5.3138374E+00   6.8558825E+00   9.1515814E+00   1.1937466E+01   1.5769373E+01   2.1376618E+01   2.9087861E+01   3.9859327E+01   5.6310359E+01   8.7915841E+01   1.2108811E+02   1.6868250E+02   2.3777974E+02   3.3928940E+02   4.9001296E+02   7.1581647E+02   1.0625420E+03   1.5896009E+03   2.4048490E+03   3.6755801E+03   5.6683443E+03   8.8021390E+03   1.3703543E+04   2.1245322E+04   3.3300789E+04   5.1684301E+04   7.8419199E+04   1.1507514E+05   1.6015719E+05   2.0502016E+05   2.3587862E+05   2.4827935E+05   2.4723956E+05   2.2762553E+05   1.9392422E+05   1.2092886E+05   2.8602990E+04   2.0561382E+04   1.7841939E+04   1.4834269E+04   1.0088283E+04   1.0832057E+04
   0.0000000E+00   0.0000000E+00   0.0000000E+00   0.0000000E+00   0.0000000E+00   0.0000000E+00   0.0000000E+00   0.0000000E+00   0.0000000E+00   0.0000000E+00   0.0000000E+00   0.0000000E+00   0.0000000E+00   0.0000000E+00   0.0000000E+00   0.0000000E+00   0.0000000E+00   0.0000000E+00   0.0000000E+00   0.0000000E+00   0.0000000E+00   0.0000000E+00   0.0000000E+00   0.0000000E+00   0.0000000E+00   0.0000000E+00   0.0000000E+00   0.0000000E+00   0.0000000E+00   0.0000000E+00   0.0000000E+00   0.0000000E+00   0.0000000E+00   0.0000000E+00   0.0000000E+00   0.0000000E+00   0.0000000E+00   0.0000000E+00   0.0000000E+00   0.0000000E+00   0.0000000E+00   0.0000000E+00   0.0000000E+00   6.9731293E-04   1.0593517E-03   1.6023967E-03   2.4168399E-03   3.6385866E-03   5.4722909E-03   9.0844830E-03   4.9920815E-02   7.2878299E-01   1.0291423E+00   2.0864076E+00   2.6911374E+00   3.4452124E+00   4.4378334E+00   6.0772779E+00   9.5330599E+00   1.2310244E+01   1.6193964E+01   2.1016477E+01   2.7649931E+01   3.6969884E+01   4.9673903E+01   6.7310689E+01   9.3522708E+01   1.3732315E+02   1.8825576E+02   2.6089496E+02   3.6572354E+02   5.1880148E+02   7.4480914E+02   1.0822754E+03   1.5968227E+03   2.3748816E+03   3.5708991E+03   5.4225668E+03   8.3038701E+03   1.2791805E+04   1.9739549E+04   3.0379117E+04   4.6922441E+04   7.1436849E+04   1.0532714E+05   1.5069710E+05   2.0007851E+05   2.4417151E+05   2.6958246E+05   2.7750474E+05   2.7395244E+05   2.5082335E+05   2.0831294E+05   1.2209776E+05   2.8257220E+04   2.0457074E+04   1.7726093E+04   1.4666378E+04   9.7925689E+03   1.0832057E+04
   0.0000000E+00   0.0000000E+00   0.0000000E+00   0.0000000E+00   0.0000000E+00   0.0000000E+00   0.0000000E+00   0.0000000E+00   0.0000000E+00   0.0000000E+00   0.0000000E+00   0.0000000E+00   0.0000000E+00   0.0000000E+00   0.0000000E+00   0.0000000E+00   0.0000000E+00   0.0000000E+00   0.0000000E+00   0.0000000E+00   0.0000000E+00   0.0000000E+00   0.0000000E+00   0.0000000E+00   0.0000000E+00   0.0000000E+00   0.0000000E+00   0.0000000E+00   0.0000000E+00   0.0000000E+00   0.0000000E+00   0.0000000E+00   0.0000000E+00   0.0000000E+00   0.0000000E+00   0.0000000E+00   0.0000000E+00   0.0000000E+00   0.0000000E+00   0.0000000E+00   0.0000000E+00   0.0000000E+00   0.0000000E+00   9.0055251E-04   1.3757285E-03   2.0924320E-03   3.1731344E-03   4.8028232E-03   7.2613873E-03   1.7057166E-02   1.5621580E-01   1.7089335E+00   2.3176814E+00   3.7050633E+00   4.7792013E+00   6.1365551E+00   7.9305697E+00   1.0659982E+01   1.5349284E+01   1.9857432E+01   2.5978169E+01   3.3776894E+01   4.4373851E+01   5.8957780E+01   7.8748195E+01   1.0610580E+02   1.4587851E+02   2.0716599E+02   2.8321159E+02   3.9121867E+02   5.4642057E+02   7.7204774E+02   1.1037426E+03   1.5972422E+03   2.3432698E+03   3.4680487E+03   5.1867660E+03   7.8295464E+03   1.1908249E+04   1.8197716E+04   2.7824400E+04   4.2390756E+04   6.4409731E+04   9.6014085E+04   1.3830757E+05   1.8948231E+05   2.4078994E+05   2.8112562E+05   3.0060380E+05   3.0532555E+05   2.9910625E+05   2.7171336E+05   2.1939196E+05   1.2136459E+05   2.7922843E+04   2.0352292E+04   1.7608598E+04   1.4495441E+04   9.5067253E+03   1.0832057E+04
   0.0000000E+00   0.0000000E+00   0.0000000E+00   0.0000000E+00   0.0000000E+00   0.0000000E+00   0.0000000E+00   0.0000000E+00   0.0000000E+00   0.0000000E+00   0.0000000E+00   0.0000000E+00   0.0000000E+00   0.0000000E+00   0.0000000E+00   0.0000000E+00   0.0000000E+00   0.0000000E+00   0.0000000E+00   0.0000000E+00   0.0000000E+00   0.0000000E+00   0.0000000E+00   0.0000000E+00   0.0000000E+00   0.0000000E+00   0.0000000E+00   0.0000000E+00   0.0000000E+00   0.0000000E+00   0.0000000E+00   0.0000000E+00   0.0000000E+00   0.0000000E+00   0.0000000E+00   0.0000000E+00   0.0000000E+00   0.0000000E+00   0.0000000E+00   0.0000000E+00   0.0000000E+00   0.0000000E+00   0.0000000E+00   1.1631532E-03   1.7874880E-03   2.7347279E-03   4.1712383E-03   6.3495260E-03   9.9702299E-03   3.0073548E-02   3.4310977E-01   3.0304775E+00   4.0553222E+00   5.9092407E+00   7.6300242E+00   9.8299380E+00   1.2744011E+01   1.6969473E+01   2.3432638E+01   3.0379262E+01   3.9672352E+01   5.1714193E+01   6.7912137E+01   8.9945749E+01   1.1976727E+02   1.6083861E+02   2.1951437E+02   3.0570827E+02   4.1714274E+02   5.7490566E+02   8.0082084E+02   1.1280264E+03   1.6072213E+03   2.3171992E+03   3.3821159E+03   4.9822596E+03   7.4118095E+03   1.1119297E+04   1.6787892E+04   2.5428429E+04   3.8469180E+04   5.7844116E+04   8.6244801E+04   1.2545837E+05   1.7474320E+05   2.3122884E+05   2.8066724E+05   3.1536275E+05   3.2934778E+05   3.3092602E+05   3.2209661E+05   2.9017911E+05   2.2727476E+05   1.1807553E+05   2.7599526E+04   2.0247000E+04   1.7489447E+04   1.4321893E+04   9.2303900E+03   1.0832057E+04
   0.0000000E+00   0.0000000E+00   0.0000000E+00   0.0000000E+00   0.0000000E+00   0.0000000E+00   0.0000000E+00   0.0000000E+00   0.0000000E+00   0.0000000E+00   0.0000000E+00   0.0000000E+00   0.0000000E+00   0.0000000E+00   0.0000000E+00   0.0000000E+00   0.0000000E+00   0.0000000E+00   0.0000000E+00   0.0000000E+00   0.0000000E+00   0.0000000E+00   0.0000000E+00   0.0000000E+00   0.0000000E+00   0.0000000E+00   0.0000000E+00   0.0000000E+00   0.0000000E+00   0.0000000E+00   0.0000000E+00   0.0000000E+00   0.0000000E+00   0.0000000E+00   0.0000000E+00   0.0000000E+00   0.0000000E+00   0.0000000E+00   0.0000000E+00   0.0000000E+00   0.0000000E+00   0.0000000E+00   0.0000000E+00   1.5052004E-03   2.3277654E-03   3.5834910E-03   5.4992144E-03   8.4209352E-03   1.6718444E-02   7.9038915E-02   6.4435378E-01   4.8240737E+00   6.4156203E+00   8.9307380E+00   1.1553017E+01   1.4934132E+01   1.9414139E+01   2.5706384E+01   3.4701020E+01   4.5076789E+01   5.8850258E+01   7.6851161E+01   1.0092278E+02   1.3343491E+02   1.7735582E+02   2.3762984E+02   3.2257542E+02   4.4386646E+02   6.0475048E+02   8.3188314E+02   1.1561158E+03   1.6240795E+03   2.3067836E+03   3.3135408E+03   4.8131335E+03   7.0556387E+03   1.0435662E+04   1.5547658E+04   2.3276976E+04   3.4894770E+04   5.2118720E+04   7.7094528E+04   1.1246535E+05   1.5917606E+05   2.1480856E+05   2.7179282E+05   3.1714710E+05   3.4555585E+05   3.5516718E+05   3.5458954E+05   3.4272189E+05   3.0549346E+05   2.3192660E+05   1.1569362E+05   2.7286832E+04   2.0141168E+04   1.7368645E+04   1.4146139E+04   8.9632127E+03   1.0832057E+04
   0.0000000E+00   0.0000000E+00   0.0000000E+00   0.0000000E+00   0.0000000E+00   0.0000000E+00   0.0000000E+00   0.0000000E+00   0.0000000E+00   0.0000000E+00   0.0000000E+00   0.0000000E+00   0.0000000E+00   0.0000000E+00   0.0000000E+00   0.0000000E+00   0.0000000E+00   0.0000000E+00   0.0000000E+00   0.0000000E+00   0.0000000E+00   0.0000000E+00   0.0000000E+00   0.0000000E+00   0.0000000E+00   0.0000000E+00   0.0000000E+00   0.0000000E+00   0.0000000E+00   0.0000000E+00   0.0000000E+00   0.0000000E+00   0.0000000E+00   0.0000000E+00   0.0000000E+00   0.0000000E+00   0.0000000E+00   0.0000000E+00   0.0000000E+00   0.0000000E+00   0.0000000E+00   0.0000000E+00   0.0000000E+00   1.9542058E-03   3.0421598E-03   4.7136113E-03   7.2791081E-03   1.1503348E-02   2.5794132E-02   1.5920867E-01   1.1083184E+00   7.2696846E+00   9.6351878E+00   1.3084350E+01   1.6965601E+01   2.1997552E+01   2.8656688E+01   3.7802555E+01   5.0368500E+01   6.5528931E+01   8.5562372E+01   1.1184092E+02   1.4686291E+02   1.9393779E+02   2.5741598E+02   3.4421433E+02   4.6525443E+02   6.3515566E+02   8.6402207E+02   1.1862176E+03   1.6446646E+03   2.3038825E+03   3.2614641E+03   4.6659924E+03   6.7435944E+03   9.8304238E+03   1.4442396E+04   2.1342619E+04   3.1635655E+04   4.6844763E+04   6.8897738E+04   9.9933805E+04   1.4224927E+05   1.9530477E+05   2.5347107E+05   3.0977661E+05   3.4906290E+05   3.7197888E+05   3.7835905E+05   3.7537613E+05   3.6038811E+05   3.1763566E+05   2.3360852E+05   1.1146258E+05   2.6984274E+04   2.0034765E+04   1.7246209E+04   1.3968552E+04   8.7048561E+03   1.0832057E+04
   0.0000000E+00   0.0000000E+00   0.0000000E+00   0.0000000E+00   0.0000000E+00   0.0000000E+00   0.0000000E+00   0.0000000E+00   0.0000000E+00   0.0000000E+00   0.0000000E+00   0.0000000E+00   0.0000000E+00   0.0000000E+00   0.0000000E+00   0.0000000E+00   0.0000000E+00   0.0000000E+00   0.0000000E+00   0.0000000E+00   0.0000000E+00   0.0000000E+00   0.0000000E+00   0.0000000E+00   0.0000000E+00   0.0000000E+00   0.0000000E+00   0.0000000E+00   0.0000000E+00   0.0000000E+00   0.0000000E+00   0.0000000E+00   0.0000000E+00   0.0000000E+00   0.0000000E+00   0.0000000E+00   0.0000000E+00   0.0000000E+00   0.0000000E+00   0.0000000E+00   0.0000000E+00   0.0000000E+00   0.0000000E+00   2.5478947E-03   3.9933770E-03   6.2282511E-03   9.6791282E-03   1.8470710E-02   6.3081766E-02   2.8751308E-01   1.8039409E+00   1.0608627E+01   1.4030624E+01   1.8787531E+01   2.4415113E+01   3.1732719E+01   4.1393468E+01   5.4447377E+01   7.1966914E+01   9.3702102E+01   1.2232628E+02   1.5991199E+02   2.0986477E+02   2.7674527E+02   3.6672632E+02   4.8928549E+02   6.5875067E+02   8.9406213E+02   1.2136861E+03   1.6621371E+03   2.2977549E+03   3.2075984E+03   4.5221410E+03   6.4374843E+03   9.2481270E+03   1.3388960E+04   1.9509421E+04   2.8547491E+04   4.1814189E+04   6.1026663E+04   8.8170042E+04   1.2510049E+05   1.7351908E+05   2.3096028E+05   2.8940709E+05   3.4146818E+05   3.7539971E+05   3.9423742E+05   3.9840615E+05   3.9347028E+05   3.7491519E+05   3.2614531E+05   2.3243677E+05   1.0831923E+05   2.6691348E+04   1.9927766E+04   1.7122169E+04   1.3789479E+04   8.4549956E+03   1.0832057E+04
   0.0000000E+00   0.0000000E+00   0.0000000E+00   0.0000000E+00   0.0000000E+00   0.0000000E+00   0.0000000E+00   0.0000000E+00   0.0000000E+00   0.0000000E+00   0.0000000E+00   0.0000000E+00   0.0000000E+00   0.0000000E+00   0.0000000E+00   0.0000000E+00   0.0000000E+00   0.0000000E+00   0.0000000E+00   0.0000000E+00   0.0000000E+00   0.0000000E+00   0.0000000E+00   0.0000000E+00   0.0000000E+00   0.0000000E+00   0.0000000E+00   0.0000000E+00   0.0000000E+00   0.0000000E+00   0.0000000E+00   0.0000000E+00   0.0000000E+00   0.0000000E+00   0.0000000E+00   0.0000000E+00   0.0000000E+00   0.0000000E+00   0.0000000E+00   0.0000000E+00   0.0000000E+00   0.0000000E+00   0.0000000E+00   3.3378373E-03   5.2671183E-03   8.2681256E-03   1.3512574E-02   2.6999432E-02   1.1928486E-01   4.8870577E-01   2.8282646E+00   1.5155451E+01   2.0011580E+01   2.6572103E+01   3.4586391E+01   4.5014804E+01   5.8734300E+01   7.7041481E+01   1.0125431E+02   1.3178899E+02   1.7186253E+02   2.2443424E+02   2.9406953E+02   3.8692067E+02   5.1143812E+02   6.8025968E+02   9.1195071E+02   1.2311013E+03   1.6657560E+03   2.2726832E+03   3.1281810E+03   4.3449400E+03   6.0896957E+03   8.6091849E+03   1.2268991E+04   1.7602654E+04   2.5384465E+04   3.6704389E+04   5.3030278E+04   7.6177160E+04   1.0801912E+05   1.4993295E+05   2.0299251E+05   2.6258445E+05   3.1796793E+05   3.6708340E+05   3.9643121E+05   4.1282269E+05   4.1549572E+05   4.0820806E+05   3.8585140E+05   3.3115189E+05   2.2918411E+05   1.0430711E+05   2.6407557E+04   1.9820147E+04   1.6996564E+04   1.3609243E+04   8.2133192E+03   1.0832057E+04
   0.0000000E+00   0.0000000E+00   0.0000000E+00   0.0000000E+00   0.0000000E+00   0.0000000E+00   0.0000000E+00   0.0000000E+00   0.0000000E+00   0.0000000E+00   0.0000000E+00   0.0000000E+00   0.0000000E+00   0.0000000E+00   0.0000000E+00   0.0000000E+00   0.0000000E+00   0.0000000E+00   0.0000000E+00   0.0000000E+00   0.0000000E+00   0.0000000E+00   0.0000000E+00   0.0000000E+00   0.0000000E+00   0.0000000E+00   0.0000000E+00   0.0000000E+00   0.0000000E+00   0.0000000E+00   0.0000000E+00   0.0000000E+00   0.0000000E+00   0.0000000E+00   0.0000000E+00   0.0000000E+00   0.0000000E+00   0.0000000E+00   0.0000000E+00   0.0000000E+00   0.0000000E+00   0.0000000E+00   0.0000000E+00   4.3938340E-03   6.9787647E-03   1.1021114E-02   2.1013674E-02   6.4435130E-02   2.0420654E-01   7.9853145E-01   4.3146899E+00   2.1299504E+01   2.8074434E+01   3.7064258E+01   4.8259466E+01   6.2803540E+01   8.1844488E+01   1.0698337E+02   1.3988507E+02   1.8171198E+02   2.3636057E+02   3.0783756E+02   4.0205891E+02   5.2702353E+02   6.9375687E+02   9.1840522E+02   1.2242257E+03   1.6420625E+03   2.2091934E+03   2.9947219E+03   4.0919318E+03   5.6366262E+03   7.8264541E+03   1.0949117E+04   1.5427091E+04   2.1871068E+04   3.1146261E+04   4.4450841E+04   6.3356519E+04   8.9717311E+04   1.2524203E+05   1.7086451E+05   2.2719311E+05   2.8754157E+05   3.3981359E+05   3.8561928E+05   4.1266039E+05   4.2777960E+05   4.2932107E+05   4.1990584E+05   3.9326949E+05   3.3259721E+05   2.2365941E+05   9.9906484E+04   2.6132413E+04   1.9711888E+04   1.6869441E+04   1.3428139E+04   7.9795271E+03   1.0832057E+04
   0.0000000E+00   0.0000000E+00   0.0000000E+00   0.0000000E+00   0.0000000E+00   0.0000000E+00   0.0000000E+00   0.0000000E+00   0.0000000E+00   0.0000000E+00   0.0000000E+00   0.0000000E+00   0.0000000E+00   0.0000000E+00   0.0000000E+00   0.0000000E+00   0.0000000E+00   0.0000000E+00   0.0000000E+00   0.0000000E+00   0.0000000E+00   0.0000000E+00   0.0000000E+00   0.0000000E+00   0.0000000E+00   0.0000000E+00   0.0000000E+00   0.0000000E+00   0.0000000E+00   0.0000000E+00   0.0000000E+00   0.0000000E+00   0.0000000E+00   0.0000000E+00   0.0000000E+00   0.0000000E+00   0.0000000E+00   0.0000000E+00   0.0000000E+00   0.0000000E+00   0.0000000E+00   0.0000000E+00   0.0000000E+00   5.8083782E-03   9.2790476E-03   1.5694672E-02   2.9897467E-02   1.1797702E-01   3.3214512E-01   1.2674963E+00   6.4388936E+00   2.9477669E+01   3.8750768E+01   5.0897120E+01   6.6169666E+01   8.5928170E+01   1.1162469E+02   1.4520424E+02   1.8874616E+02   2.4418309E+02   3.1614831E+02   4.0971658E+02   5.3212587E+02   6.9312487E+02   9.0603444E+02   1.1899873E+03   1.5720987E+03   2.0878708E+03   2.7794769E+03   3.7237259E+03   5.0228430E+03   6.8237470E+03   9.3378548E+03   1.2871467E+04   1.7878655E+04   2.5018189E+04   3.5215595E+04   4.9756862E+04   7.0319380E+04   9.8836121E+04   1.3695701E+05   1.8538041E+05   2.4431363E+05   3.0516596E+05   3.5465820E+05   3.9914661E+05   4.2503264E+05   4.3959599E+05   4.4019421E+05   4.2818640E+05   3.9712849E+05   3.3098341E+05   2.1760540E+05   9.5899027E+04   2.5865450E+04   1.9602972E+04   1.6740853E+04   1.3246444E+04   7.7533313E+03   1.0832057E+04
   0.0000000E+00   0.0000000E+00   0.0000000E+00   0.0000000E+00   0.0000000E+00   0.0000000E+00   0.0000000E+00   0.0000000E+00   0.0000000E+00   0.0000000E+00   0.0000000E+00   0.0000000E+00   0.0000000E+00   0.0000000E+00   0.0000000E+00   0.0000000E+00   0.0000000E+00   0.0000000E+00   0.0000000E+00   0.0000000E+00   0.0000000E+00   0.0000000E+00   0.0000000E+00   0.0000000E+00   0.0000000E+00   0.0000000E+00   0.0000000E+00   0.0000000E+00   0.0000000E+00   0.0000000E+00   0.0000000E+00   0.0000000E+00   0.0000000E+00   0.0000000E+00   0.0000000E+00   0.0000000E+00   0.0000000E+00   0.0000000E+00   0.0000000E+00   0.0000000E+00   0.0000000E+00   0.0000000E+00   0.0000000E+00   7.6991384E-03   1.2620058E-02   2.3578670E-02   7.0668692E-02   1.9458016E-01   5.2331868E-01   1.9643908E+00   9.4160636E+00   4.0094995E+01   5.2483310E+01   6.8526355E+01   8.8742627E+01   1.1471571E+02   1.4819631E+02   1.9146275E+02   2.4698981E+02   3.1735043E+02   4.0775233E+02   5.2398818E+02   6.7399548E+02   8.6828806E+02   1.1209155E+03   1.4517562E+03   1.8887307E+03   2.4671186E+03   3.2256665E+03   4.2418375E+03   5.6174621E+03   7.5005464E+03   1.0106615E+04   1.3753203E+04   1.8919855E+04   2.6304802E+04   3.6887735E+04   5.2036919E+04   7.3537432E+04   1.0343219E+05   1.4342452E+05   1.9415659E+05   2.5533110E+05   3.1686232E+05   3.6485074E+05   4.0887389E+05   4.3428876E+05   4.4854553E+05   4.4811479E+05   4.3358226E+05   3.9858076E+05   3.2676694E+05   2.0953923E+05   9.1942919E+04   2.5606219E+04   1.9493385E+04   1.6610862E+04   1.3064410E+04   7.5344552E+03   1.0832057E+04
   0.0000000E+00   0.0000000E+00   0.0000000E+00   0.0000000E+00   0.0000000E+00   0.0000000E+00   0.0000000E+00   0.0000000E+00   0.0000000E+00   0.0000000E+00   0.0000000E+00   0.0000000E+00   0.0000000E+00   0.0000000E+00   0.0000000E+00   0.0000000E+00   0.0000000E+00   0.0000000E+00   0.0000000E+00   0.0000000E+00   0.0000000E+00   0.0000000E+00   0.0000000E+00   0.0000000E+00   0.0000000E+00   0.0000000E+00   0.0000000E+00   0.0000000E+00   0.0000000E+00   0.0000000E+00   0.0000000E+00   0.0000000E+00   0.0000000E+00   0.0000000E+00   0.0000000E+00   0.0000000E+00   0.0000000E+00   0.0000000E+00   0.0000000E+00   0.0000000E+00   0.0000000E+00   0.0000000E+00   0.0000000E+00   1.0204657E-02   1.9587714E-02   5.4867085E-02   1.2704101E-01   3.0351743E-01   8.0505691E-01   2.9777260E+00   1.3480822E+01   5.3384066E+01   6.9429910E+01   8.9965065E+01   1.1574434E+02   1.4852831E+02   1.9028101E+02   2.4347707E+02   3.1075236E+02   3.9483137E+02   5.0085079E+02   6.3424537E+02   8.0208781E+02   1.0136955E+03   1.2815532E+03   1.6241191E+03   2.0683122E+03   2.6473559E+03   3.3976504E+03   4.4030925E+03   5.7766330E+03   7.7351962E+03   1.0413176E+04   1.4179593E+04   1.9519861E+04   2.7154198E+04   3.8092264E+04   5.3733997E+04   7.5885382E+04   1.0659704E+05   1.4776690E+05   2.0000522E+05   2.6253920E+05   3.2450189E+05   3.7221225E+05   4.1598450E+05   4.4121368E+05   4.5518673E+05   4.5368018E+05   4.3648777E+05   3.9742329E+05   3.2130173E+05   2.0270027E+05   8.8208525E+04   2.5354295E+04   1.9383117E+04   1.6479532E+04   1.2882273E+04   7.3226332E+03   1.0832057E+04
   0.0000000E+00   0.0000000E+00   0.0000000E+00   0.0000000E+00   0.0000000E+00   0.0000000E+00   0.0000000E+00   0.0000000E+00   0.0000000E+00   0.0000000E+00   0.0000000E+00   0.0000000E+00   0.0000000E+00   0.0000000E+00   0.0000000E+00   0.0000000E+00   0.0000000E+00   0.0000000E+00   0.0000000E+00   0.0000000E+00   0.0000000E+00   0.0000000E+00   0.0000000E+00   0.0000000E+00   0.0000000E+00   0.0000000E+00   0.0000000E+00   0.0000000E+00   0.0000000E+00   0.0000000E+00   0.0000000E+00   0.0000000E+00   0.0000000E+00   0.0000000E+00   0.0000000E+00   0.0000000E+00   0.0000000E+00   0.0000000E+00   0.0000000E+00   0.0000000E+00   0.0000000E+00   0.0000000E+00   0.0000000E+00   1.4920109E-02   2.6306751E-02   9.7656131E-02   2.0408172E-01   4.5647827E-01   1.2122302E+00   4.4125068E+00   1.8843604E+01   6.9233421E+01   8.9248114E+01   1.1450685E+02   1.4574296E+02   1.8211174E+02   2.0572529E+02   2.6281354E+02   3.3446852E+02   4.2322512E+02   5.3379878E+02   6.7108363E+02   8.4160410E+02   1.0545687E+03   1.3231515E+03   1.6679882E+03   2.1197387E+03   2.7128496E+03   3.4847045E+03   4.5214305E+03   5.9402375E+03   7.9571868E+03   1.0721631E+04   1.4612724E+04   2.0134167E+04   2.8029114E+04   3.9339516E+04   5.5493370E+04   7.8313346E+04   1.0984301E+05   1.5198101E+05   2.0522410E+05   2.6836294E+05   3.3026068E+05   3.7789516E+05   4.2130269E+05   4.4637755E+05   4.5994434E+05   4.5725790E+05   4.3767003E+05   3.9506042E+05   3.1439497E+05   1.9414536E+05   8.4685406E+04   2.5109273E+04   1.9272161E+04   1.6346933E+04   1.2700248E+04   7.1176104E+03   1.0832057E+04
   0.0000000E+00   0.0000000E+00   0.0000000E+00   0.0000000E+00   0.0000000E+00   0.0000000E+00   0.0000000E+00   0.0000000E+00   0.0000000E+00   0.0000000E+00   0.0000000E+00   0.0000000E+00   0.0000000E+00   0.0000000E+00   0.0000000E+00   0.0000000E+00   0.0000000E+00   0.0000000E+00   0.0000000E+00   0.0000000E+00   0.0000000E+00   0.0000000E+00   0.0000000E+00   0.0000000E+00   0.0000000E+00   0.0000000E+00   0.0000000E+00   0.0000000E+00   0.0000000E+00   0.0000000E+00   0.0000000E+00   0.0000000E+00   0.0000000E+00   0.0000000E+00   0.0000000E+00   0.0000000E+00   0.0000000E+00   0.0000000E+00   0.0000000E+00   0.0000000E+00   0.0000000E+00   0.0000000E+00   1.1814076E-03   2.0177023E-02   6.1064379E-02   1.5503217E-01   3.0732696E-01   6.6716402E-01   1.7848559E+00   6.3244247E+00   2.4500640E+01   7.6214284E+01   9.7932445E+01   1.2515338E+02   1.5818687E+02   1.9589755E+02   2.4919648E+02   3.0849334E+02   3.7958250E+02   4.6416366E+02   5.6743420E+02   6.9620706E+02   8.6174540E+02   1.0796346E+03   1.3549230E+03   1.7090476E+03   2.1724588E+03   2.7803246E+03   3.5745002E+03   4.6436558E+03   6.1093119E+03   8.1871637E+03   1.1041643E+04   1.5062749E+04   2.0773083E+04   2.8940105E+04   4.0638227E+04   5.7324309E+04   8.0837628E+04   1.1320642E+05   1.5624231E+05   2.1029004E+05   2.7360490E+05   3.3503056E+05   3.8254263E+05   4.2541072E+05   4.5024293E+05   4.6323630E+05   4.5928248E+05   4.3722522E+05   3.9100854E+05   3.0664070E+05   1.8681495E+05   8.1361388E+04   2.4870771E+04   1.9160512E+04   1.6213137E+04   1.2518535E+04   6.9191418E+03   1.0832057E+04
   0.0000000E+00   0.0000000E+00   0.0000000E+00   0.0000000E+00   0.0000000E+00   0.0000000E+00   0.0000000E+00   0.0000000E+00   0.0000000E+00   0.0000000E+00   0.0000000E+00   0.0000000E+00   0.0000000E+00   0.0000000E+00   0.0000000E+00   0.0000000E+00   0.0000000E+00   0.0000000E+00   0.0000000E+00   0.0000000E+00   0.0000000E+00   0.0000000E+00   0.0000000E+00   0.0000000E+00   0.0000000E+00   0.0000000E+00   0.0000000E+00   0.0000000E+00   0.0000000E+00   0.0000000E+00   0.0000000E+00   0.0000000E+00   0.0000000E+00   0.0000000E+00   0.0000000E+00   0.0000000E+00   0.0000000E+00   0.0000000E+00   0.0000000E+00   0.0000000E+00   0.0000000E+00   0.0000000E+00   2.9968026E-03   4.6753295E-02   1.0613408E-01   2.2987592E-01   4.4218962E-01   9.4992335E-01   2.5570995E+00   8.7576725E+00   3.1792243E+01   9.5928679E+01   1.2066784E+02   1.5031660E+02   1.8443242E+02   2.2225144E+02   2.6664817E+02   3.2194378E+02   3.8919315E+02   4.7406313E+02   5.7971606E+02   7.1200016E+02   8.8235763E+02   1.1053541E+03   1.3875997E+03   1.7512080E+03   2.2265318E+03   2.8498980E+03   3.6673996E+03   4.7699703E+03   6.2840589E+03   8.4253976E+03   1.1373639E+04   1.5530273E+04   2.1437453E+04   2.9887624E+04   4.1986643E+04   5.9221628E+04   8.3448875E+04   1.1666724E+05   1.6056620E+05   2.1529803E+05   2.7854484E+05   3.3924134E+05   3.8651292E+05   4.2865836E+05   4.5310729E+05   4.6533396E+05   4.5996501E+05   4.3548295E+05   3.8577982E+05   2.9793257E+05   1.7889623E+05   7.8224212E+04   2.4638427E+04   1.9048169E+04   1.6078220E+04   1.2337315E+04   6.7269923E+03   1.0832057E+04
   0.0000000E+00   0.0000000E+00   0.0000000E+00   0.0000000E+00   0.0000000E+00   0.0000000E+00   0.0000000E+00   0.0000000E+00   0.0000000E+00   0.0000000E+00   0.0000000E+00   0.0000000E+00   0.0000000E+00   0.0000000E+00   0.0000000E+00   0.0000000E+00   0.0000000E+00   0.0000000E+00   0.0000000E+00   0.0000000E+00   0.0000000E+00   0.0000000E+00   0.0000000E+00   0.0000000E+00   0.0000000E+00   0.0000000E+00   0.0000000E+00   0.0000000E+00   0.0000000E+00   0.0000000E+00   0.0000000E+00   0.0000000E+00   0.0000000E+00   0.0000000E+00   0.0000000E+00   0.0000000E+00   0.0000000E+00   0.0000000E+00   0.0000000E+00   0.0000000E+00   0.0000000E+00   0.0000000E+00   5.5167806E-03   8.0770875E-02   1.6298614E-01   3.2436054E-01   6.1340900E-01   1.3188991E+00   3.5660280E+00   1.1789741E+01   3.9821389E+01   1.0927522E+02   1.3395006E+02   1.6198584E+02   1.9291350E+02   2.2766484E+02   2.7205425E+02   3.2847706E+02   3.9741235E+02   4.8421391E+02   5.9238452E+02   7.2828896E+02   9.0346007E+02   1.1317479E+03   1.4211866E+03   1.7944702E+03   2.2820285E+03   2.9216682E+03   3.7634401E+03   4.9005414E+03   6.4646832E+03   8.6721988E+03   1.1718082E+04   1.6015973E+04   2.2128189E+04   3.0872700E+04   4.3386398E+04   6.1186187E+04   8.6138831E+04   1.2020878E+05   1.6494237E+05   2.2026014E+05   2.8327900E+05   3.4309598E+05   3.9000191E+05   4.3127935E+05   4.5519669E+05   4.6647428E+05   4.5954845E+05   4.3254978E+05   3.7943845E+05   2.8892666E+05   1.7151427E+05   7.5262136E+04   2.4411896E+04   1.8935134E+04   1.5942258E+04   1.2156757E+04   6.5409360E+03   1.0832057E+04
   0.0000000E+00   0.0000000E+00   0.0000000E+00   0.0000000E+00   0.0000000E+00   0.0000000E+00   0.0000000E+00   0.0000000E+00   0.0000000E+00   0.0000000E+00   0.0000000E+00   0.0000000E+00   0.0000000E+00   0.0000000E+00   0.0000000E+00   0.0000000E+00   0.0000000E+00   0.0000000E+00   0.0000000E+00   0.0000000E+00   0.0000000E+00   0.0000000E+00   0.0000000E+00   0.0000000E+00   0.0000000E+00   0.0000000E+00   0.0000000E+00   0.0000000E+00   0.0000000E+00   0.0000000E+00   0.0000000E+00   0.0000000E+00   0.0000000E+00   0.0000000E+00   0.0000000E+00   0.0000000E+00   0.0000000E+00   0.0000000E+00   0.0000000E+00   0.0000000E+00   0.0000000E+00   2.0328294E-04   8.6525967E-03   1.2285895E-01   2.3242234E-01   4.3982801E-01   8.2533733E-01   1.7885456E+00   4.8386976E+00   1.5331720E+01   4.7398854E+01   1.1400925E+02   1.3750172E+02   1.6503332E+02   1.9634468E+02   2.3208417E+02   2.7758001E+02   3.3518795E+02   4.0583098E+02   4.9463181E+02   6.0544349E+02   7.4506383E+02   9.2507157E+02   1.1588347E+03   1.4556889E+03   1.8388483E+03   2.3390249E+03   2.9957218E+03   3.8626841E+03   5.0355302E+03   6.6514094E+03   8.9279050E+03   1.2075473E+04   1.6520570E+04   2.2846249E+04   3.1896470E+04   4.4838926E+04   6.3218645E+04   8.8906962E+04   1.2382116E+05   1.6935141E+05   2.2517003E+05   2.8784343E+05   3.4669573E+05   3.9312847E+05   4.3342292E+05   4.5666704E+05   4.6682055E+05   4.5818972E+05   4.2864394E+05   3.7218526E+05   2.7887454E+05   1.6439573E+05   7.2464112E+04   2.4190856E+04   1.8821413E+04   1.5805329E+04   1.1977015E+04   6.3607559E+03   1.0832057E+04
   0.0000000E+00   0.0000000E+00   0.0000000E+00   0.0000000E+00   0.0000000E+00   0.0000000E+00   0.0000000E+00   0.0000000E+00   0.0000000E+00   0.0000000E+00   0.0000000E+00   0.0000000E+00   0.0000000E+00   0.0000000E+00   0.0000000E+00   0.0000000E+00   0.0000000E+00   0.0000000E+00   0.0000000E+00   0.0000000E+00   0.0000000E+00   0.0000000E+00   0.0000000E+00   0.0000000E+00   0.0000000E+00   0.0000000E+00   0.0000000E+00   0.0000000E+00   0.0000000E+00   0.0000000E+00   0.0000000E+00   0.0000000E+00   0.0000000E+00   0.0000000E+00   0.0000000E+00   0.0000000E+00   0.0000000E+00   0.0000000E+00   0.0000000E+00   0.0000000E+00   0.0000000E+00   1.1516670E-03   2.0592477E-02   1.7315134E-01   3.1467162E-01   5.7720268E-01   1.0821108E+00   2.3678846E+00   6.3575623E+00   1.9157198E+01   5.4207354E+01   1.1639844E+02   1.4025833E+02   1.6812556E+02   1.9988782E+02   2.3661258E+02   2.8323082E+02   3.4207786E+02   4.1445661E+02   5.0533034E+02   6.1889610E+02   7.6232048E+02   9.4721033E+02   1.1866314E+03   1.4911146E+03   1.8843692E+03   2.3975989E+03   3.0721395E+03   3.9652139E+03   5.1751038E+03   6.8444830E+03   9.1928821E+03   1.2446354E+04   1.7044834E+04   2.3592643E+04   3.2960134E+04   4.6345436E+04   6.5319369E+04   9.1751431E+04   1.2749977E+05   1.7378697E+05   2.3001190E+05   2.9224748E+05   3.5009726E+05   3.9596679E+05   4.3519030E+05   4.5763064E+05   4.6652627E+05   4.5606763E+05   4.2391150E+05   3.6433319E+05   2.6952919E+05   1.5766559E+05   6.9819819E+04   2.3974999E+04   1.8707011E+04   1.5667513E+04   1.1798229E+04   6.1862437E+03   1.0832057E+04
   0.0000000E+00   0.0000000E+00   0.0000000E+00   0.0000000E+00   0.0000000E+00   0.0000000E+00   0.0000000E+00   0.0000000E+00   0.0000000E+00   0.0000000E+00   0.0000000E+00   0.0000000E+00   0.0000000E+00   0.0000000E+00   0.0000000E+00   0.0000000E+00   0.0000000E+00   0.0000000E+00   0.0000000E+00   0.0000000E+00   0.0000000E+00   0.0000000E+00   0.0000000E+00   0.0000000E+00   0.0000000E+00   0.0000000E+00   0.0000000E+00   0.0000000E+00   0.0000000E+00   0.0000000E+00   0.0000000E+00   0.0000000E+00   0.0000000E+00   0.0000000E+00   0.0000000E+00   0.0000000E+00   0.0000000E+00   0.0000000E+00   0.0000000E+00   0.0000000E+00   0.0000000E+00   2.3773026E-03   3.6510494E-02   2.3148383E-01   4.0975026E-01   7.3695132E-01   1.3838126E+00   3.0439136E+00   8.0536213E+00   2.3125120E+01   6.0480922E+01   1.1882240E+02   1.4304630E+02   1.7127029E+02   2.0354012E+02   2.4125247E+02   2.8901185E+02   3.4914929E+02   4.2329770E+02   5.1632102E+02   6.3274545E+02   7.8005869E+02   9.6989381E+02   1.2151540E+03   1.5274757E+03   1.9310701E+03   2.4578285E+03   3.1510011E+03   4.0711296E+03   5.3194399E+03   7.0441693E+03   9.4675253E+03   1.2831306E+04   1.7589578E+04   2.4368423E+04   3.4064915E+04   4.7907029E+04   6.7488439E+04   9.4669975E+04   1.3123912E+05   1.7824087E+05   2.3478563E+05   2.9650737E+05   3.5332714E+05   3.9855631E+05   4.3663672E+05   4.5816177E+05   4.6566651E+05   4.5329945E+05   4.1855014E+05   3.5600569E+05   2.6009394E+05   1.5130345E+05   6.7319633E+04   2.3764038E+04   1.8591941E+04   1.5528890E+04   1.1620529E+04   6.0171992E+03   1.0832057E+04
   0.0000000E+00   0.0000000E+00   0.0000000E+00   0.0000000E+00   0.0000000E+00   0.0000000E+00   0.0000000E+00   0.0000000E+00   0.0000000E+00   0.0000000E+00   0.0000000E+00   0.0000000E+00   0.0000000E+00   0.0000000E+00   0.0000000E+00   0.0000000E+00   0.0000000E+00   0.0000000E+00   0.0000000E+00   0.0000000E+00   0.0000000E+00   0.0000000E+00   0.0000000E+00   0.0000000E+00   0.0000000E+00   0.0000000E+00   0.0000000E+00   0.0000000E+00   0.0000000E+00   0.0000000E+00   0.0000000E+00   0.0000000E+00   0.0000000E+00   0.0000000E+00   0.0000000E+00   0.0000000E+00   0.0000000E+00   0.0000000E+00   0.0000000E+00   0.0000000E+00   3.7058676E-04   6.0578091E-03   5.7002855E-02   2.9765565E-01   5.1721264E-01   9.1588545E-01   1.7152333E+00   3.7798781E+00   9.9143719E+00   2.7278037E+01   6.6334885E+01   1.2128059E+02   1.4586926E+02   1.7447367E+02   2.0729990E+02   2.4600651E+02   2.9492818E+02   3.5640570E+02   4.3236300E+02   5.2761386E+02   6.4699511E+02   7.9828128E+02   9.9313877E+02   1.2444181E+03   1.5647890E+03   1.9789958E+03   2.5197916E+03   3.2323876E+03   4.1805462E+03   5.4687275E+03   7.2507539E+03   9.7522579E+03   1.3230948E+04   1.8155652E+04   2.5174682E+04   3.5212038E+04   4.9524685E+04   6.9725639E+04   9.7659886E+04   1.3503336E+05   1.8270464E+05   2.3948796E+05   3.0063619E+05   3.5641943E+05   4.0095113E+05   4.3784418E+05   4.5836498E+05   4.6438453E+05   4.5005104E+05   4.1272519E+05   3.4748490E+05   2.5102369E+05   1.4528717E+05   6.4954593E+04   2.3557699E+04   1.8476213E+04   1.5389539E+04   1.1444031E+04   5.8534298E+03   1.0832057E+04
   0.0000000E+00   0.0000000E+00   0.0000000E+00   0.0000000E+00   0.0000000E+00   0.0000000E+00   0.0000000E+00   0.0000000E+00   0.0000000E+00   0.0000000E+00   0.0000000E+00   0.0000000E+00   0.0000000E+00   0.0000000E+00   0.0000000E+00   0.0000000E+00   0.0000000E+00   0.0000000E+00   0.0000000E+00   0.0000000E+00   0.0000000E+00   0.0000000E+00   0.0000000E+00   0.0000000E+00   0.0000000E+00   0.0000000E+00   0.0000000E+00   0.0000000E+00   0.0000000E+00   0.0000000E+00   0.0000000E+00   0.0000000E+00   0.0000000E+00   0.0000000E+00   0.0000000E+00   0.0000000E+00   0.0000000E+00   0.0000000E+00   0.0000000E+00   0.0000000E+00   8.1586697E-04   1.1514819E-02   8.2645506E-02   3.7107752E-01   6.3337775E-01   1.0988612E+00   2.0492950E+00   4.5980169E+00   1.2023458E+01   3.1565045E+01   7.1823920E+01   1.2377325E+02   1.4873096E+02   1.7774073E+02   2.1116646E+02   2.5087760E+02   3.0098494E+02   3.6385134E+02   4.4166130E+02   5.3921770E+02   6.6164930E+02   8.1699331E+02   1.0169615E+03   1.2744399E+03   1.6030764E+03   2.0281970E+03   2.5835660E+03   3.3163845E+03   4.2935926E+03   5.6231680E+03   7.4645421E+03   1.0047532E+04   1.3645932E+04   1.8743947E+04   2.6012536E+04   3.6402713E+04   5.1199235E+04   7.2030459E+04   1.0071810E+05   1.3887634E+05   1.8716968E+05   2.4411530E+05   3.0464228E+05   3.5939351E+05   4.0318120E+05   4.3885880E+05   4.5830151E+05   4.6276254E+05   4.4642623E+05   4.0659061E+05   3.3892791E+05   2.4229568E+05   1.3959484E+05   6.2716347E+04   2.3355724E+04   1.8359842E+04   1.5249540E+04   1.1268843E+04   5.6947508E+03   1.0832057E+04
   0.0000000E+00   0.0000000E+00   0.0000000E+00   0.0000000E+00   0.0000000E+00   0.0000000E+00   0.0000000E+00   0.0000000E+00   0.0000000E+00   0.0000000E+00   0.0000000E+00   0.0000000E+00   0.0000000E+00   0.0000000E+00   0.0000000E+00   0.0000000E+00   0.0000000E+00   0.0000000E+00   0.0000000E+00   0.0000000E+00   0.0000000E+00   0.0000000E+00   0.0000000E+00   0.0000000E+00   0.0000000E+00   0.0000000E+00   0.0000000E+00   0.0000000E+00   0.0000000E+00   0.0000000E+00   0.0000000E+00   0.0000000E+00   0.0000000E+00   0.0000000E+00   0.0000000E+00   0.0000000E+00   0.0000000E+00   0.0000000E+00   0.0000000E+00   0.0000000E+00   1.4779579E-03   1.9177545E-02   1.1375779E-01   4.4843395E-01   7.4517535E-01   1.2650072E+00   2.4126979E+00   5.5751513E+00   1.4363329E+01   3.5933538E+01   7.6995304E+01   1.2630125E+02   1.5163510E+02   1.8107569E+02   2.1513984E+02   2.5586888E+02   3.0718731E+02   3.7149110E+02   4.5120117E+02   5.5114060E+02   6.7671296E+02   8.3620155E+02   1.0413778E+03   1.3052367E+03   1.6423643E+03   2.0787285E+03   2.6492295E+03   3.4030825E+03   4.4104104E+03   5.7829758E+03   7.6858595E+03   1.0353826E+04   1.4076942E+04   1.9355384E+04   2.6883121E+04   3.7638102E+04   5.2931346E+04   7.4402097E+04   1.0384127E+05   1.4276179E+05   1.9162780E+05   2.4866392E+05   3.0853072E+05   3.6225972E+05   4.0526404E+05   4.3970708E+05   4.5800741E+05   4.6084969E+05   4.4248651E+05   4.0022517E+05   3.3041692E+05   2.3391794E+05   1.3420567E+05   6.0597114E+04   2.3157872E+04   1.8242845E+04   1.5108971E+04   1.1095062E+04   5.5409844E+03   1.0832057E+04
   0.0000000E+00   0.0000000E+00   0.0000000E+00   0.0000000E+00   0.0000000E+00   0.0000000E+00   0.0000000E+00   0.0000000E+00   0.0000000E+00   0.0000000E+00   0.0000000E+00   0.0000000E+00   0.0000000E+00   0.0000000E+00   0.0000000E+00   0.0000000E+00   0.0000000E+00   0.0000000E+00   0.0000000E+00   0.0000000E+00   0.0000000E+00   0.0000000E+00   0.0000000E+00   0.0000000E+00   0.0000000E+00   0.0000000E+00   0.0000000E+00   0.0000000E+00   0.0000000E+00   0.0000000E+00   0.0000000E+00   0.0000000E+00   0.0000000E+00   0.0000000E+00   0.0000000E+00   0.0000000E+00   0.0000000E+00   0.0000000E+00   0.0000000E+00   2.6128876E-04   3.6317057E-03   2.9463394E-02   1.4967658E-01   5.1907359E-01   8.3637781E-01   1.4370259E+00   2.8590222E+00   6.7156831E+00   1.6910911E+01   4.0343235E+01   8.1890147E+01   1.2886590E+02   1.5458526E+02   1.8448229E+02   2.1922074E+02   2.6098371E+02   3.1354057E+02   3.7933030E+02   4.6099089E+02   5.6339011E+02   6.9219179E+02   8.5591404E+02   1.0664038E+03   1.3368273E+03   1.6826839E+03   2.1306485E+03   2.7168612E+03   3.4925793E+03   4.5311530E+03   5.9483782E+03   7.9150522E+03   1.0671647E+04   1.4524694E+04   1.9990910E+04   2.7787574E+04   3.8919305E+04   5.4721493E+04   7.6839459E+04   1.0702577E+05   1.4668340E+05   1.9607133E+05   2.5313052E+05   3.1230507E+05   3.6502372E+05   4.0721023E+05   4.4040425E+05   4.5750443E+05   4.5867717E+05   4.3827347E+05   3.9367859E+05   3.2198718E+05   2.2588178E+05   1.2910022E+05   5.8589637E+04   2.2963913E+04   1.8125242E+04   1.4967910E+04   1.0922774E+04   5.3919597E+03   1.0832057E+04
   0.0000000E+00   0.0000000E+00   0.0000000E+00   0.0000000E+00   0.0000000E+00   0.0000000E+00   0.0000000E+00   0.0000000E+00   0.0000000E+00   0.0000000E+00   0.0000000E+00   0.0000000E+00   0.0000000E+00   0.0000000E+00   0.0000000E+00   0.0000000E+00   0.0000000E+00   0.0000000E+00   0.0000000E+00   0.0000000E+00   0.0000000E+00   0.0000000E+00   0.0000000E+00   0.0000000E+00   0.0000000E+00   0.0000000E+00   0.0000000E+00   0.0000000E+00   0.0000000E+00   0.0000000E+00   0.0000000E+00   0.0000000E+00   0.0000000E+00   0.0000000E+00   0.0000000E+00   0.0000000E+00   0.0000000E+00   0.0000000E+00   0.0000000E+00   5.5574845E-04   6.7649177E-03   4.2634587E-02   1.8781059E-01   5.6354183E-01   9.2723415E-01   1.6493367E+00   3.3969505E+00   8.0205007E+00   1.9642597E+01   4.4763585E+01   8.6544383E+01   1.3146884E+02   1.5758486E+02   1.8796388E+02   2.2341037E+02   2.6622563E+02   3.2005010E+02   3.8737458E+02   4.7103842E+02   5.7597348E+02   7.0809219E+02   8.7613984E+02   1.0920556E+03   1.3692326E+03   1.7240702E+03   2.1840177E+03   2.7865419E+03   3.5849799E+03   4.6559850E+03   6.1196165E+03   8.1524870E+03   1.1001526E+04   1.4989932E+04   2.0651495E+04   2.8727023E+04   4.0247335E+04   5.6569952E+04   7.9341173E+04   1.1026779E+05   1.5063492E+05   2.0049324E+05   2.5751234E+05   3.1596816E+05   3.6768858E+05   4.0902629E+05   4.4095884E+05   4.5680590E+05   4.5626611E+05   4.3381814E+05   3.8698978E+05   3.1366573E+05   2.1817616E+05   1.2426042E+05   5.6687149E+04   2.2773633E+04   1.8007051E+04   1.4826433E+04   1.0752059E+04   5.2475124E+03   1.0832057E+04
   0.0000000E+00   0.0000000E+00   0.0000000E+00   0.0000000E+00   0.0000000E+00   0.0000000E+00   0.0000000E+00   0.0000000E+00   0.0000000E+00   0.0000000E+00   0.0000000E+00   0.0000000E+00   0.0000000E+00   0.0000000E+00   0.0000000E+00   0.0000000E+00   0.0000000E+00   0.0000000E+00   0.0000000E+00   0.0000000E+00   0.0000000E+00   0.0000000E+00   0.0000000E+00   0.0000000E+00   0.0000000E+00   0.0000000E+00   0.0000000E+00   0.0000000E+00   0.0000000E+00   0.0000000E+00   0.0000000E+00   0.0000000E+00   0.0000000E+00   0.0000000E+00   0.0000000E+00   0.0000000E+00   0.0000000E+00   0.0000000E+00   1.9466350E-05   9.6437258E-04   1.1124402E-02   5.8879897E-02   2.2922190E-01   6.1638936E-01   1.0378761E+00   1.9083424E+00   4.0337321E+00   9.4875936E+00   2.2535340E+01   4.9171728E+01   9.0989574E+01   1.3411191E+02   1.6063712E+02   1.9152360E+02   2.2771040E+02   2.7159840E+02   3.2672137E+02   3.9562977E+02   4.8135139E+02   5.8889784E+02   7.2442118E+02   8.9688887E+02   1.1183500E+03   1.4024757E+03   1.7665619E+03   2.2388991E+03   2.8583550E+03   3.6803972E+03   4.7850825E+03   6.2969463E+03   8.3985516E+03   1.1344022E+04   1.5473424E+04   2.1338122E+04   2.9702571E+04   4.1623100E+04   5.8476785E+04   8.1905595E+04   1.1356332E+05   1.5461018E+05   2.0488711E+05   2.6180716E+05   3.1952235E+05   3.7025585E+05   4.1071615E+05   4.4137524E+05   4.5592012E+05   4.5363194E+05   4.2914587E+05   3.8019172E+05   3.0547272E+05   2.1078881E+05   1.1966953E+05   5.4883332E+04   2.2586828E+04   1.7888295E+04   1.4684616E+04   1.0582989E+04   5.1074847E+03   1.0832057E+04
   0.0000000E+00   0.0000000E+00   0.0000000E+00   0.0000000E+00   0.0000000E+00   0.0000000E+00   0.0000000E+00   0.0000000E+00   0.0000000E+00   0.0000000E+00   0.0000000E+00   0.0000000E+00   0.0000000E+00   0.0000000E+00   0.0000000E+00   0.0000000E+00   0.0000000E+00   0.0000000E+00   0.0000000E+00   0.0000000E+00   0.0000000E+00   0.0000000E+00   0.0000000E+00   0.0000000E+00   0.0000000E+00   0.0000000E+00   0.0000000E+00   0.0000000E+00   0.0000000E+00   0.0000000E+00   0.0000000E+00   0.0000000E+00   0.0000000E+00   0.0000000E+00   0.0000000E+00   0.0000000E+00   0.0000000E+00   0.0000000E+00   1.9267664E-04   2.3528898E-03   1.6979341E-02   7.8504755E-02   2.7469917E-01   6.7994771E-01   1.1718418E+00   2.2203254E+00   4.7750831E+00   1.1112663E+01   2.5567325E+01   5.3550892E+01   9.5253559E+01   1.3679711E+02   1.6374516E+02   1.9516449E+02   2.3212289E+02   2.7710591E+02   3.3355992E+02   4.0410182E+02   4.9193720E+02   6.0217035E+02   7.4118639E+02   9.1817186E+02   1.1453046E+03   1.4365820E+03   1.8102012E+03   2.2953578E+03   2.9323871E+03   3.7789529E+03   4.9186324E+03   6.4806382E+03   8.6536545E+03   1.1699717E+04   1.5975964E+04   2.2051782E+04   3.0715285E+04   4.3047387E+04   6.0441833E+04   8.4530831E+04   1.1690822E+05   1.5860321E+05   2.0924717E+05   2.6601332E+05   3.2296971E+05   3.7272614E+05   4.1228207E+05   4.4165532E+05   4.5485244E+05   4.5078691E+05   4.2427884E+05   3.7331368E+05   2.9742691E+05   2.0370694E+05   1.1531205E+05   5.3172287E+04   2.2403307E+04   1.7768998E+04   1.4542533E+04   1.0415626E+04   4.9717246E+03   1.0832057E+04
   0.0000000E+00   0.0000000E+00   0.0000000E+00   0.0000000E+00   0.0000000E+00   0.0000000E+00   0.0000000E+00   0.0000000E+00   0.0000000E+00   0.0000000E+00   0.0000000E+00   0.0000000E+00   0.0000000E+00   0.0000000E+00   0.0000000E+00   0.0000000E+00   0.0000000E+00   0.0000000E+00   0.0000000E+00   0.0000000E+00   0.0000000E+00   0.0000000E+00   0.0000000E+00   0.0000000E+00   0.0000000E+00   0.0000000E+00   0.0000000E+00   0.0000000E+00   0.0000000E+00   0.0000000E+00   0.0000000E+00   0.0000000E+00   0.0000000E+00   0.0000000E+00   0.0000000E+00   0.0000000E+00   0.0000000E+00   0.0000000E+00   4.0422115E-04   4.3425095E-03   2.4640611E-02   1.0204578E-01   3.2570838E-01   7.5592134E-01   1.3329866E+00   2.5912361E+00   5.6251951E+00   1.2889687E+01   2.8718364E+01   5.7889119E+01   9.9360998E+01   1.3952650E+02   1.6691195E+02   1.9888955E+02   2.3665023E+02   2.8275226E+02   3.4057131E+02   4.1279670E+02   5.0280302E+02   6.1579825E+02   7.5839600E+02   9.4000033E+02   1.1729381E+03   1.4715793E+03   1.8550328E+03   2.3534611E+03   3.0087292E+03   3.8807770E+03   5.0568327E+03   6.6709783E+03   8.9182254E+03   1.2069218E+04   1.6498362E+04   2.2793465E+04   3.1766182E+04   4.4520846E+04   6.2464720E+04   8.7214753E+04   1.2029825E+05   1.6260820E+05   2.1356817E+05   2.7012956E+05   3.2631206E+05   3.7509943E+05   4.1372513E+05   4.4179933E+05   4.5360654E+05   4.4774161E+05   4.1923735E+05   3.6638186E+05   2.8954114E+05   1.9691767E+05   1.1117363E+05   5.1548503E+04   2.2222890E+04   1.7649184E+04   1.4400254E+04   1.0250027E+04   4.8400859E+03   1.0832057E+04
   0.0000000E+00   0.0000000E+00   0.0000000E+00   0.0000000E+00   0.0000000E+00   0.0000000E+00   0.0000000E+00   0.0000000E+00   0.0000000E+00   0.0000000E+00   0.0000000E+00   0.0000000E+00   0.0000000E+00   0.0000000E+00   0.0000000E+00   0.0000000E+00   0.0000000E+00   0.0000000E+00   0.0000000E+00   0.0000000E+00   0.0000000E+00   0.0000000E+00   0.0000000E+00   0.0000000E+00   0.0000000E+00   0.0000000E+00   0.0000000E+00   0.0000000E+00   0.0000000E+00   0.0000000E+00   0.0000000E+00   0.0000000E+00   0.0000000E+00   0.0000000E+00   0.0000000E+00   0.0000000E+00   0.0000000E+00   1.5745481E-05   6.9191751E-04   7.1187802E-03   3.4552990E-02   1.3019992E-01   3.8328507E-01   8.4628323E-01   1.5253669E+00   3.0265337E+00   6.5868169E+00   1.4811412E+01   3.1970095E+01   6.2178261E+01   1.0333381E+02   1.4230222E+02   1.7014039E+02   2.0270176E+02   2.4129509E+02   2.8854166E+02   3.4776113E+02   4.2172041E+02   5.1395590E+02   6.2978893E+02   7.7605872E+02   9.6238666E+02   1.2012705E+03   1.5074978E+03   1.9011046E+03   2.4132786E+03   3.0874768E+03   3.9860088E+03   5.1998932E+03   6.8682691E+03   9.1927148E+03   1.2453151E+04   1.7041447E+04   2.3564153E+04   3.2856214E+04   4.6043982E+04   6.4544848E+04   8.9955022E+04   1.2372909E+05   1.6661958E+05   2.1784545E+05   2.7415501E+05   3.2955096E+05   3.7737526E+05   4.1504562E+05   4.4180665E+05   4.5218529E+05   4.4450584E+05   4.1404048E+05   3.5941983E+05   2.8182516E+05   1.9040833E+05   1.0724097E+05   5.0006829E+04   2.2045410E+04   1.7528879E+04   1.4257852E+04   1.0086243E+04   4.7124282E+03   1.0832057E+04
   0.0000000E+00   0.0000000E+00   0.0000000E+00   0.0000000E+00   0.0000000E+00   0.0000000E+00   0.0000000E+00   0.0000000E+00   0.0000000E+00   0.0000000E+00   0.0000000E+00   0.0000000E+00   0.0000000E+00   0.0000000E+00   0.0000000E+00   0.0000000E+00   0.0000000E+00   0.0000000E+00   0.0000000E+00   0.0000000E+00   0.0000000E+00   0.0000000E+00   0.0000000E+00   0.0000000E+00   0.0000000E+00   0.0000000E+00   0.0000000E+00   0.0000000E+00   0.0000000E+00   0.0000000E+00   0.0000000E+00   0.0000000E+00   0.0000000E+00   0.0000000E+00   0.0000000E+00   0.0000000E+00   0.0000000E+00   1.5423747E-04   1.6750176E-03   1.0936655E-02   4.7224230E-02   1.6361549E-01   4.4849943E-01   9.5327599E-01   1.7531150E+00   3.5310802E+00   7.6613831E+00   1.6869772E+01   3.5306043E+01   6.6413180E+01   1.0719157E+02   1.4512640E+02   1.7343332E+02   2.0660415E+02   2.4606041E+02   2.9447842E+02   3.5513495E+02   4.3087891E+02   5.2540279E+02   6.4415004E+02   7.9418383E+02   9.8534414E+02   1.2303231E+03   1.5443701E+03   1.9484669E+03   2.4748827E+03   3.1687308E+03   4.0947966E+03   5.3480351E+03   7.0728294E+03   9.4775937E+03   1.2852167E+04   1.7606056E+04   2.4364809E+04   3.3986258E+04   4.7617143E+04   6.6681408E+04   9.2749108E+04   1.2719639E+05   1.7063202E+05   2.2207479E+05   2.7808908E+05   3.3268773E+05   3.7955283E+05   4.1624327E+05   4.4167615E+05   4.5059128E+05   4.4108916E+05   4.0870648E+05   3.5244875E+05   2.7428608E+05   1.8416654E+05   1.0350172E+05   4.8542447E+04   2.1870706E+04   1.7408111E+04   1.4115393E+04   9.9243167E+03   4.5886161E+03   1.0832057E+04
   0.0000000E+00   0.0000000E+00   0.0000000E+00   0.0000000E+00   0.0000000E+00   0.0000000E+00   0.0000000E+00   0.0000000E+00   0.0000000E+00   0.0000000E+00   0.0000000E+00   0.0000000E+00   0.0000000E+00   0.0000000E+00   0.0000000E+00   0.0000000E+00   0.0000000E+00   0.0000000E+00   0.0000000E+00   0.0000000E+00   0.0000000E+00   0.0000000E+00   0.0000000E+00   0.0000000E+00   0.0000000E+00   0.0000000E+00   0.0000000E+00   0.0000000E+00   0.0000000E+00   0.0000000E+00   0.0000000E+00   0.0000000E+00   0.0000000E+00   0.0000000E+00   0.0000000E+00   0.0000000E+00   0.0000000E+00   3.2267253E-04   3.0961139E-03   1.6105400E-02   6.3208741E-02   2.0294288E-01   5.2252010E-01   1.0793776E+00   2.0203239E+00   4.1090803E+00   8.8491667E+00   1.9056230E+01   3.8711606E+01   7.0591113E+01   1.1095177E+02   1.4800123E+02   1.7679359E+02   2.1059982E+02   2.5094931E+02   3.0056698E+02   3.6269835E+02   4.4027816E+02   5.3715066E+02   6.5888944E+02   8.1278116E+02   1.0088870E+03   1.2601190E+03   1.5822311E+03   1.9971724E+03   2.5383490E+03   3.2525980E+03   4.2072982E+03   5.5014918E+03   7.2849951E+03   9.7733531E+03   1.3266933E+04   1.8193033E+04   2.5196371E+04   3.5157103E+04   4.9240519E+04   6.8873385E+04   9.5594321E+04   1.3069581E+05   1.7464043E+05   2.2625248E+05   2.8193140E+05   3.3572348E+05   3.8163111E+05   4.1731741E+05   4.4140654E+05   4.4882714E+05   4.3750114E+05   4.0325280E+05   3.4548753E+05   2.6692883E+05   1.7818036E+05   9.9944409E+04   4.7150849E+04   2.1698629E+04   1.7286907E+04   1.3972944E+04   9.7642876E+03   4.4685194E+03   1.0832057E+04
   0.0000000E+00   0.0000000E+00   0.0000000E+00   0.0000000E+00   0.0000000E+00   0.0000000E+00   0.0000000E+00   0.0000000E+00   0.0000000E+00   0.0000000E+00   0.0000000E+00   0.0000000E+00   0.0000000E+00   0.0000000E+00   0.0000000E+00   0.0000000E+00   0.0000000E+00   0.0000000E+00   0.0000000E+00   0.0000000E+00   0.0000000E+00   0.0000000E+00   0.0000000E+00   0.0000000E+00   0.0000000E+00   0.0000000E+00   0.0000000E+00   0.0000000E+00   0.0000000E+00   0.0000000E+00   0.0000000E+00   0.0000000E+00   0.0000000E+00   0.0000000E+00   0.0000000E+00   0.0000000E+00   8.1310803E-05   8.0907296E-04   5.1162305E-03   2.2995498E-02   8.3092344E-02   2.4883467E-01   6.0665991E-01   1.2272470E+00   2.3309500E+00   4.7640589E+00   1.0149440E+01   2.1362053E+01   4.2173975E+01   7.4711160E+01   1.1463016E+02   1.5092887E+02   1.8022401E+02   2.1469193E+02   2.5596511E+02   3.0681182E+02   3.7045683E+02   4.4992412E+02   5.4920648E+02   6.7401534E+02   8.3186116E+02   1.0330307E+03   1.2906827E+03   1.6211181E+03   2.0472767E+03   2.6037564E+03   3.3391915E+03   4.3236812E+03   5.6605092E+03   7.5051190E+03   1.0080503E+04   1.3698130E+04   1.8803223E+04   2.6059739E+04   3.6369445E+04   5.0914133E+04   7.1119571E+04   9.8487830E+04   1.3422301E+05   1.7864001E+05   2.3037518E+05   2.8568178E+05   3.3865904E+05   3.8360889E+05   4.1826713E+05   4.4099658E+05   4.4689579E+05   4.3375150E+05   3.9769619E+05   3.3855301E+05   2.5975652E+05   1.7243832E+05   9.6558382E+04   4.5827816E+04   2.1529040E+04   1.7165296E+04   1.3830571E+04   9.6061889E+03   4.3520130E+03   1.0832057E+04
   0.0000000E+00   0.0000000E+00   0.0000000E+00   0.0000000E+00   0.0000000E+00   0.0000000E+00   0.0000000E+00   0.0000000E+00   0.0000000E+00   0.0000000E+00   0.0000000E+00   0.0000000E+00   0.0000000E+00   0.0000000E+00   0.0000000E+00   0.0000000E+00   0.0000000E+00   0.0000000E+00   0.0000000E+00   0.0000000E+00   0.0000000E+00   0.0000000E+00   0.0000000E+00   0.0000000E+00   0.0000000E+00   0.0000000E+00   0.0000000E+00   0.0000000E+00   0.0000000E+00   0.0000000E+00   0.0000000E+00   0.0000000E+00   0.0000000E+00   0.0000000E+00   0.0000000E+00   0.0000000E+00   1.7593217E-04   1.5560928E-03   7.9411687E-03   3.2032097E-02   1.0747051E-01   3.0196402E-01   7.0239801E-01   1.3996610E+00   2.6887383E+00   5.4988663E+00   1.1560639E+01   2.3778528E+01   4.5682023E+01   7.8773885E+01   1.1824092E+02   1.5391153E+02   1.8372744E+02   2.1888373E+02   2.6111128E+02   3.1321750E+02   3.7841589E+02   4.5982273E+02   5.6157733E+02   6.8953625E+02   8.5143494E+02   1.0577916E+03   1.3220404E+03   1.6610705E+03   2.0988377E+03   2.6711875E+03   3.4286313E+03   4.4441231E+03   5.8253461E+03   7.7335714E+03   1.0399573E+04   1.4146457E+04   1.9437466E+04   2.6955771E+04   3.7623873E+04   5.2637847E+04   7.3418576E+04   1.0142669E+05   1.3777371E+05   1.8262621E+05   2.3443994E+05   2.8934012E+05   3.4149503E+05   3.8548479E+05   4.1909137E+05   4.4044526E+05   4.4480059E+05   4.2985019E+05   3.9205268E+05   3.3166006E+05   2.5277075E+05   1.6692940E+05   9.3333720E+04   4.4569395E+04   2.1361807E+04   1.7043307E+04   1.3688334E+04   9.4500489E+03   4.2389761E+03   1.0832057E+04
   0.0000000E+00   0.0000000E+00   0.0000000E+00   0.0000000E+00   0.0000000E+00   0.0000000E+00   0.0000000E+00   0.0000000E+00   0.0000000E+00   0.0000000E+00   0.0000000E+00   0.0000000E+00   0.0000000E+00   0.0000000E+00   0.0000000E+00   0.0000000E+00   0.0000000E+00   0.0000000E+00   0.0000000E+00   0.0000000E+00   0.0000000E+00   0.0000000E+00   0.0000000E+00   0.0000000E+00   0.0000000E+00   0.0000000E+00   0.0000000E+00   0.0000000E+00   0.0000000E+00   0.0000000E+00   0.0000000E+00   0.0000000E+00   0.0000000E+00   0.0000000E+00   0.0000000E+00   8.8227674E-06   3.1219684E-04   2.6657365E-03   1.1824470E-02   4.3682831E-02   1.3693440E-01   3.6305158E-01   8.1137982E-01   1.5994524E+00   3.0971671E+00   6.3157045E+00   1.3080509E+01   2.6297129E+01   4.9226188E+01   8.2780986E+01   1.2179686E+02   1.5695146E+02   1.8730679E+02   2.2317853E+02   2.6639142E+02   3.1978859E+02   3.8658097E+02   4.6998000E+02   5.7427043E+02   7.0546107E+02   8.7151432E+02   1.0831875E+03   1.3542202E+03   1.7021302E+03   2.1519165E+03   2.7407296E+03   3.5210444E+03   4.5688115E+03   5.9962744E+03   7.9707396E+03   1.0731107E+04   1.4612618E+04   2.0096589E+04   2.7885271E+04   3.8920866E+04   5.4411358E+04   7.5768843E+04   1.0440786E+05   1.4134371E+05   1.8659474E+05   2.3844412E+05   2.9290640E+05   3.4423185E+05   3.8725738E+05   4.1978903E+05   4.3975187E+05   4.4254535E+05   4.2580730E+05   3.8633753E+05   3.2482178E+05   2.4597191E+05   1.6164309E+05   9.0261186E+04   4.3371884E+04   2.1196807E+04   1.6920971E+04   1.3546293E+04   9.2958916E+03   4.1292928E+03   1.0832057E+04
   0.0000000E+00   0.0000000E+00   0.0000000E+00   0.0000000E+00   0.0000000E+00   0.0000000E+00   0.0000000E+00   0.0000000E+00   0.0000000E+00   0.0000000E+00   0.0000000E+00   0.0000000E+00   0.0000000E+00   0.0000000E+00   0.0000000E+00   0.0000000E+00   0.0000000E+00   0.0000000E+00   0.0000000E+00   0.0000000E+00   0.0000000E+00   0.0000000E+00   0.0000000E+00   0.0000000E+00   0.0000000E+00   0.0000000E+00   0.0000000E+00   0.0000000E+00   0.0000000E+00   0.0000000E+00   0.0000000E+00   0.0000000E+00   0.0000000E+00   0.0000000E+00   0.0000000E+00   8.6460586E-05   7.6322435E-04   4.2718377E-03   1.7066394E-02   5.8443072E-02   1.7206691E-01   4.3289227E-01   9.3540015E-01   1.8294529E+00   3.5594116E+00   7.2161668E+00   1.4706256E+01   2.8909632E+01   5.2798332E+01   8.6735044E+01   1.2530965E+02   1.6005091E+02   1.9096500E+02   2.2757973E+02   2.7180921E+02   3.2652969E+02   3.9495751E+02   4.8040196E+02   5.8729318E+02   7.2179914E+02   8.9211192E+02   1.1092375E+03   1.3872518E+03   1.7443412E+03   2.2065769E+03   2.8124743E+03   3.6165656E+03   4.6979447E+03   6.1735794E+03   8.2170276E+03   1.1075668E+04   1.5097326E+04   2.0781402E+04   2.8848984E+04   4.0260788E+04   5.6234205E+04   7.8168665E+04   1.0742823E+05   1.4492888E+05   1.9054157E+05   2.4238539E+05   2.9638062E+05   3.4686968E+05   3.8892512E+05   4.2035904E+05   4.3891611E+05   4.4013438E+05   4.2163310E+05   3.8056514E+05   3.1804866E+05   2.3935938E+05   1.5656932E+05   8.7332168E+04   4.2231811E+04   2.1033923E+04   1.6798317E+04   1.3404508E+04   9.1437368E+03   4.0228512E+03   1.0832057E+04
   0.0000000E+00   0.0000000E+00   0.0000000E+00   0.0000000E+00   0.0000000E+00   0.0000000E+00   0.0000000E+00   0.0000000E+00   0.0000000E+00   0.0000000E+00   0.0000000E+00   0.0000000E+00   0.0000000E+00   0.0000000E+00   0.0000000E+00   0.0000000E+00   0.0000000E+00   0.0000000E+00   0.0000000E+00   0.0000000E+00   0.0000000E+00   0.0000000E+00   0.0000000E+00   0.0000000E+00   0.0000000E+00   0.0000000E+00   0.0000000E+00   0.0000000E+00   0.0000000E+00   0.0000000E+00   0.0000000E+00   0.0000000E+00   0.0000000E+00   0.0000000E+00   5.5070669E-06   1.7724491E-04   1.4356526E-03   6.5433894E-03   2.4008991E-02   7.6821937E-02   2.1344789E-01   5.1237601E-01   1.0763756E+00   2.0924455E+00   4.0783224E+00   8.2012876E+00   1.6434665E+01   3.1608212E+01   5.6391612E+01   9.0639313E+01   1.2878987E+02   1.6321221E+02   1.9470510E+02   2.3209081E+02   2.7736846E+02   3.3344544E+02   4.0355091E+02   4.9109474E+02   6.0065320E+02   7.3856025E+02   9.1324119E+02   1.1359619E+03   1.4211671E+03   1.7877501E+03   2.2628859E+03   2.8865186E+03   3.7153374E+03   4.8317316E+03   6.3575601E+03   8.4728558E+03   1.1433829E+04   1.5601295E+04   2.1492692E+04   2.9847585E+04   4.1643883E+04   5.8105774E+04   8.0616195E+04   1.1048466E+05   1.4852521E+05   1.9446292E+05   2.4626164E+05   2.9976279E+05   3.4940851E+05   3.9048650E+05   4.2080044E+05   4.3793813E+05   4.3757250E+05   4.1733793E+05   3.7474919E+05   3.1135181E+05   2.3293171E+05   1.5169852E+05   8.4538631E+04   4.1145923E+04   2.0873048E+04   1.6675377E+04   1.3263033E+04   8.9936005E+03   3.9195436E+03   1.0832057E+04
   0.0000000E+00   0.0000000E+00   0.0000000E+00   0.0000000E+00   0.0000000E+00   0.0000000E+00   0.0000000E+00   0.0000000E+00   0.0000000E+00   0.0000000E+00   0.0000000E+00   0.0000000E+00   0.0000000E+00   0.0000000E+00   0.0000000E+00   0.0000000E+00   0.0000000E+00   0.0000000E+00   0.0000000E+00   0.0000000E+00   0.0000000E+00   0.0000000E+00   0.0000000E+00   0.0000000E+00   0.0000000E+00   0.0000000E+00   0.0000000E+00   0.0000000E+00   0.0000000E+00   0.0000000E+00   0.0000000E+00   0.0000000E+00   0.0000000E+00   0.0000000E+00   5.5139026E-05   4.4877651E-04   2.4195845E-03   9.6857116E-03   3.3028250E-02   9.9331644E-02   2.6166584E-01   6.0249967E-01   1.2363116E+00   2.3911244E+00   4.6564163E+00   9.2715965E+00   1.8262215E+01   3.4385493E+01   6.0000353E+01   9.4497559E+01   1.3224726E+02   1.6643773E+02   1.9853015E+02   2.3671529E+02   2.8307300E+02   3.4054047E+02   4.1236659E+02   5.0206458E+02   6.1435840E+02   7.5575472E+02   9.3491652E+02   1.1633828E+03   1.4559995E+03   1.8324058E+03   2.3209143E+03   2.9629647E+03   3.8175108E+03   4.9703920E+03   6.5485292E+03   8.7386600E+03   1.1806176E+04   1.6125236E+04   2.2231214E+04   3.0881678E+04   4.3070274E+04   6.0025305E+04   8.3109469E+04   1.1357396E+05   1.5212879E+05   1.9835528E+05   2.5007102E+05   3.0305290E+05   3.5184816E+05   3.9193998E+05   4.2111240E+05   4.3681855E+05   4.3486501E+05   4.1293211E+05   3.6890251E+05   3.0473969E+05   2.2668680E+05   1.4702154E+05   8.1873070E+04   4.0111164E+04   2.0714079E+04   1.6552181E+04   1.3121923E+04   8.8454951E+03   3.8192663E+03   1.0832057E+04
   0.0000000E+00   0.0000000E+00   0.0000000E+00   0.0000000E+00   0.0000000E+00   0.0000000E+00   0.0000000E+00   0.0000000E+00   0.0000000E+00   0.0000000E+00   0.0000000E+00   0.0000000E+00   0.0000000E+00   0.0000000E+00   0.0000000E+00   0.0000000E+00   0.0000000E+00   0.0000000E+00   0.0000000E+00   0.0000000E+00   0.0000000E+00   0.0000000E+00   0.0000000E+00   0.0000000E+00   0.0000000E+00   0.0000000E+00   0.0000000E+00   0.0000000E+00   0.0000000E+00   0.0000000E+00   0.0000000E+00   0.0000000E+00   0.0000000E+00   3.9581489E-06   1.1578670E-04   8.6812684E-04   3.8297755E-03   1.3939198E-02   4.4524812E-02   1.2648167E-01   3.1733269E-01   7.0436962E-01   1.4172691E+00   2.7280647E+00   5.2958774E+00   1.0427175E+01   2.0185178E+01   3.7234592E+01   6.3619927E+01   9.8313927E+01   1.3569072E+02   1.6972989E+02   2.0244329E+02   2.4145675E+02   2.8892674E+02   3.4781941E+02   4.2140997E+02   5.1331788E+02   6.2841698E+02   7.7339345E+02   9.5715326E+02   1.1915233E+03   1.4917846E+03   1.8783600E+03   2.3807363E+03   3.0419211E+03   3.9232453E+03   5.1141571E+03   6.7468131E+03   9.0148908E+03   1.2193304E+04   1.6669855E+04   2.2997687E+04   3.1951787E+04   4.4539964E+04   6.1991897E+04   8.5646418E+04   1.1669294E+05   1.5573585E+05   2.0221532E+05   2.5381184E+05   3.0625089E+05   3.5418831E+05   3.9328410E+05   4.2129434E+05   4.3555849E+05   4.3201759E+05   4.0842594E+05   3.6303708E+05   2.9821950E+05   2.2062203E+05   1.4252966E+05   7.9328471E+04   3.9124668E+04   2.0556923E+04   1.6428761E+04   1.2981228E+04   8.6994296E+03   3.7219196E+03   1.0832057E+04
   0.0000000E+00   0.0000000E+00   0.0000000E+00   0.0000000E+00   0.0000000E+00   0.0000000E+00   0.0000000E+00   0.0000000E+00   0.0000000E+00   0.0000000E+00   0.0000000E+00   0.0000000E+00   0.0000000E+00   0.0000000E+00   0.0000000E+00   0.0000000E+00   0.0000000E+00   0.0000000E+00   0.0000000E+00   0.0000000E+00   0.0000000E+00   0.0000000E+00   0.0000000E+00   0.0000000E+00   0.0000000E+00   0.0000000E+00   0.0000000E+00   0.0000000E+00   0.0000000E+00   0.0000000E+00   0.0000000E+00   0.0000000E+00   0.0000000E+00   3.9482990E-05   2.9432172E-04   1.4955302E-03   5.8075084E-03   1.9575845E-02   5.8914862E-02   1.5877792E-01   3.8109843E-01   8.1919632E-01   1.6213318E+00   3.1056999E+00   5.9985645E+00   1.1667711E+01   2.2199698E+01   4.0149138E+01   6.7246641E+01   1.0209284E+02   1.3912849E+02   1.7309119E+02   2.0644774E+02   2.4631883E+02   2.9493362E+02   3.5528694E+02   4.3068655E+02   5.2486121E+02   6.4283752E+02   7.9148796E+02   9.7996783E+02   1.2204084E+03   1.5285599E+03   1.9256670E+03   2.4424304E+03   3.1235021E+03   4.0327090E+03   5.2632693E+03   6.9527515E+03   9.3020120E+03   1.2595813E+04   1.7235845E+04   2.3792788E+04   3.3058352E+04   4.6052834E+04   6.4004522E+04   8.8224882E+04   1.1983841E+05   1.5934273E+05   2.0603996E+05   2.5748258E+05   3.0935666E+05   3.5642851E+05   3.9451746E+05   4.2134589E+05   4.3415956E+05   4.2903633E+05   4.0382957E+05   3.5716403E+05   2.9179735E+05   2.1473432E+05   1.3821459E+05   7.6898272E+04   3.8183744E+04   2.0401490E+04   1.6305149E+04   1.2840998E+04   8.5554099E+03   3.6274070E+03   1.0832057E+04
   0.0000000E+00   0.0000000E+00   0.0000000E+00   0.0000000E+00   0.0000000E+00   0.0000000E+00   0.0000000E+00   0.0000000E+00   0.0000000E+00   0.0000000E+00   0.0000000E+00   0.0000000E+00   0.0000000E+00   0.0000000E+00   0.0000000E+00   0.0000000E+00   0.0000000E+00   0.0000000E+00   0.0000000E+00   0.0000000E+00   0.0000000E+00   0.0000000E+00   0.0000000E+00   0.0000000E+00   0.0000000E+00   0.0000000E+00   0.0000000E+00   0.0000000E+00   0.0000000E+00   0.0000000E+00   0.0000000E+00   0.0000000E+00   3.1035898E-06   8.2846485E-05   5.7354131E-04   2.4089662E-03   8.5210049E-03   2.6894154E-02   7.6622569E-02   1.9672619E-01   4.5366349E-01   9.4828272E-01   1.8505786E+00   3.5263057E+00   6.7660254E+00   1.2992556E+01   2.4301865E+01   4.3123276E+01   7.0877636E+01   1.0583894E+02   1.4256820E+02   1.7652420E+02   2.1054674E+02   2.5130517E+02   3.0109762E+02   3.6294773E+02   4.4020186E+02   5.3670138E+02   6.5762897E+02   8.1005043E+02   1.0033778E+03   1.2500647E+03   1.5663652E+03   1.9743839E+03   2.5060792E+03   3.2078287E+03   4.1460796E+03   5.4179823E+03   7.1666973E+03   9.6004991E+03   1.3014306E+04   1.7823885E+04   2.4617149E+04   3.4201730E+04   4.7608647E+04   6.6062029E+04   9.0842630E+04   1.2300721E+05   1.6294592E+05   2.0982631E+05   2.6108183E+05   3.1237007E+05   3.5856820E+05   3.9563880E+05   4.2126695E+05   4.3262383E+05   4.2592761E+05   3.9915296E+05   3.5129367E+05   2.8547832E+05   2.0902029E+05   1.3406843E+05   7.4576330E+04   3.7285863E+04   2.0247696E+04   1.6181374E+04   1.2701281E+04   8.4134393E+03   3.5356360E+03   1.0832057E+04
   0.0000000E+00   0.0000000E+00   0.0000000E+00   0.0000000E+00   0.0000000E+00   0.0000000E+00   0.0000000E+00   0.0000000E+00   0.0000000E+00   0.0000000E+00   0.0000000E+00   0.0000000E+00   0.0000000E+00   0.0000000E+00   0.0000000E+00   0.0000000E+00   0.0000000E+00   0.0000000E+00   0.0000000E+00   0.0000000E+00   0.0000000E+00   0.0000000E+00   0.0000000E+00   0.0000000E+00   0.0000000E+00   0.0000000E+00   0.0000000E+00   0.0000000E+00   0.0000000E+00   0.0000000E+00   0.0000000E+00   0.0000000E+00   3.0542381E-05   2.0879633E-04   9.9568495E-04   3.7058332E-03   1.2164342E-02   3.6213225E-02   9.8074938E-02   2.4083860E-01   5.3578724E-01   1.0930088E+00   2.1070585E+00   3.9919905E+00   7.5995142E+00   1.4400777E+01   2.6487772E+01   4.6151668E+01   7.4510793E+01   1.0955696E+02   1.4601696E+02   1.8003154E+02   2.1474362E+02   2.5641947E+02   3.0742275E+02   3.7080649E+02   4.4996157E+02   5.4884541E+02   6.7280074E+02   8.2909382E+02   1.0274017E+03   1.2805204E+03   1.6052422E+03   2.0245713E+03   2.5717703E+03   3.2950291E+03   4.2635435E+03   5.5785613E+03   7.3890158E+03   9.9108379E+03   1.3449387E+04   1.8434631E+04   2.5471345E+04   3.5382185E+04   4.9207051E+04   6.8163159E+04   9.3497368E+04   1.2619621E+05   1.6654205E+05   2.1357167E+05   2.6460831E+05   3.1529088E+05   3.6060678E+05   3.9664695E+05   4.2105773E+05   4.3095382E+05   4.2269806E+05   3.9440582E+05   3.4543549E+05   2.7926661E+05   2.0347629E+05   1.3008365E+05   7.2356889E+04   3.6428650E+04   2.0095466E+04   1.6057469E+04   1.2562120E+04   8.2735182E+03   3.4465172E+03   1.0832057E+04
   0.0000000E+00   0.0000000E+00   0.0000000E+00   0.0000000E+00   0.0000000E+00   0.0000000E+00   0.0000000E+00   0.0000000E+00   0.0000000E+00   0.0000000E+00   0.0000000E+00   0.0000000E+00   0.0000000E+00   0.0000000E+00   0.0000000E+00   0.0000000E+00   0.0000000E+00   0.0000000E+00   0.0000000E+00   0.0000000E+00   0.0000000E+00   0.0000000E+00   0.0000000E+00   0.0000000E+00   0.0000000E+00   0.0000000E+00   0.0000000E+00   0.0000000E+00   0.0000000E+00   0.0000000E+00   0.0000000E+00   2.5861374E-06   6.3299700E-05   4.0554702E-04   1.6155254E-03   5.5037962E-03   1.6955077E-02   4.7866888E-02   1.2369941E-01   2.9164147E-01   6.2829230E-01   1.2548142E+00   2.3927715E+00   4.5046900E+00   8.5000116E+00   1.5891200E+01   2.8753560E+01   4.9229481E+01   7.8144652E+01   1.1325177E+02   1.4948142E+02   1.8361594E+02   2.1904172E+02   2.6166545E+02   3.1391304E+02   3.7886798E+02   4.5997144E+02   5.6130064E+02   6.8836274E+02   8.4863185E+02   1.0520597E+03   1.3118053E+03   1.6452351E+03   2.0762926E+03   2.6395959E+03   3.3852383E+03   4.3852971E+03   5.7452829E+03   7.6200842E+03   1.0233523E+04   1.3901655E+04   1.9068715E+04   2.6355900E+04   3.6599894E+04   5.0847584E+04   7.0306552E+04   9.6186757E+04   1.2940230E+05   1.7012786E+05   2.1727349E+05   2.6806084E+05   3.1811884E+05   3.6254358E+05   3.9754094E+05   4.2071874E+05   4.2915250E+05   4.1935451E+05   3.8959759E+05   3.3959818E+05   2.7316560E+05   1.9809847E+05   1.2625309E+05   7.0234551E+04   3.5609871E+04   1.9944725E+04   1.5933465E+04   1.2423560E+04   8.1356449E+03   3.3599643E+03   1.0832057E+04
