   0.0000000E+00   0.0000000E+00   0.0000000E+00   0.0000000E+00   0.0000000E+00   0.0000000E+00   0.0000000E+00   0.0000000E+00   0.0000000E+00   0.0000000E+00   0.0000000E+00   0.0000000E+00   0.0000000E+00   0.0000000E+00   0.0000000E+00   0.0000000E+00   0.0000000E+00   0.0000000E+00   0.0000000E+00   0.0000000E+00   0.0000000E+00   0.0000000E+00   0.0000000E+00   0.0000000E+00   0.0000000E+00   0.0000000E+00   0.0000000E+00   0.0000000E+00   0.0000000E+00   0.0000000E+00   0.0000000E+00   0.0000000E+00   0.0000000E+00   0.0000000E+00   0.0000000E+00   0.0000000E+00   0.0000000E+00   0.0000000E+00   0.0000000E+00   0.0000000E+00   0.0000000E+00   0.0000000E+00   0.0000000E+00   0.0000000E+00   0.0000000E+00   0.0000000E+00   0.0000000E+00   0.0000000E+00   0.0000000E+00   0.0000000E+00   0.0000000E+00   0.0000000E+00   0.0000000E+00   0.0000000E+00   0.0000000E+00   0.0000000E+00   0.0000000E+00   0.0000000E+00   0.0000000E+00   0.0000000E+00   0.0000000E+00   0.0000000E+00   0.0000000E+00   0.0000000E+00   0.0000000E+00   0.0000000E+00   0.0000000E+00   0.0000000E+00   0.0000000E+00   0.0000000E+00   0.0000000E+00   0.0000000E+00   0.0000000E+00   0.0000000E+00   0.0000000E+00   0.0000000E+00   0.0000000E+00   0.0000000E+00   0.0000000E+00   0.0000000E+00   0.0000000E+00   0.0000000E+00   0.0000000E+00   0.0000000E+00   0.0000000E+00   0.0000000E+00   0.0000000E+00   0.0000000E+00   0.0000000E+00   0.0000000E+00   0.0000000E+00   0.0000000E+00   0.0000000E+00   0.0000000E+00   0.0000000E+00   0.0000000E+00   0.0000000E+00   0.0000000E+00   0.0000000E+00   0.0000000E+00
   0.0000000E+00   0.0000000E+00   0.0000000E+00   0.0000000E+00   0.0000000E+00   1.6073339E-10   1.6552201E-07   1.4434605E-04   2.9417808E-04   4.4614238E-04   5.8075545E-04   6.9666033E-04   8.1278859E-04   9.2908652E-04   1.0454979E-03   1.1619639E-03   1.2784233E-03   1.3948126E-03   1.5110654E-03   1.6271134E-03   1.7428856E-03   1.8583085E-03   1.9733066E-03   2.0878019E-03   2.2017140E-03   2.3149606E-03   2.4274571E-03   2.5391168E-03   2.6498509E-03   2.7595689E-03   2.8681783E-03   2.9755849E-03   3.0816929E-03   3.1864050E-03   3.2896224E-03   3.3912450E-03   3.4911718E-03   3.5893005E-03   3.6855279E-03   3.7797504E-03   3.8718634E-03   3.9617621E-03   4.0493413E-03   4.1344958E-03   4.2171204E-03   4.2971097E-03   4.3743592E-03   4.4487645E-03   4.5202218E-03   4.5886282E-03   4.6538817E-03   4.7158812E-03   4.7745269E-03   4.8297201E-03   4.8813637E-03   4.9293620E-03   4.9736209E-03   5.0140480E-03   5.0505525E-03   5.0830456E-03   5.1114403E-03   5.1356517E-03   5.1555965E-03   5.1711936E-03   5.1823639E-03   5.1890301E-03   5.1911170E-03   5.1885514E-03   5.1812617E-03   5.1691785E-03   5.1522338E-03   5.1303615E-03   5.1034972E-03   5.0715779E-03   5.0345419E-03   4.9923289E-03   4.9448799E-03   4.8921367E-03   4.8340421E-03   4.7705398E-03   4.7015739E-03   4.6270890E-03   4.5470299E-03   4.4613418E-03   4.3699694E-03   4.2728577E-03   4.1699507E-03   4.0611923E-03   3.9465255E-03   3.8258921E-03   3.6992331E-03   3.5664882E-03   3.4275954E-03   3.2824911E-03   3.1311102E-03   2.9733853E-03   2.8092462E-03   2.6384295E-03   2.4343596E-03   2.2815106E-03
   0.0000000E+00   0.0000000E+00   0.0000000E+00   0.0000000E+00   0.0000000E+00   1.5929229E-10   1.6446844E-07   1.4380204E-04   2.9095106E-04   4.3818625E-04   5.6703683E-04   6.7696970E-04   7.8613853E-04   8.9452668E-04   1.0021168E-03   1.1088906E-03   1.2148292E-03   1.3199130E-03   1.4241215E-03   1.5274332E-03   1.6298259E-03   1.7312764E-03   1.8317605E-03   1.9312528E-03   2.0297268E-03   2.1271549E-03   2.2235081E-03   2.3187564E-03   2.4128680E-03   2.5058101E-03   2.5975483E-03   2.6880466E-03   2.7772677E-03   2.8651725E-03   2.9517206E-03   3.0368697E-03   3.1205760E-03   3.2027941E-03   3.2834768E-03   3.3625751E-03   3.4400386E-03   3.5158151E-03   3.5898504E-03   3.6620890E-03   3.7324733E-03   3.8009443E-03   3.8674410E-03   3.9319007E-03   3.9942591E-03   4.0544500E-03   4.1124055E-03   4.1680558E-03   4.2213294E-03   4.2721530E-03   4.3204512E-03   4.3661468E-03   4.4091608E-03   4.4494120E-03   4.4868171E-03   4.5212908E-03   4.5527456E-03   4.5810916E-03   4.6062366E-03   4.6280860E-03   4.6465429E-03   4.6615076E-03   4.6728777E-03   4.6805484E-03   4.6844121E-03   4.6843582E-03   4.6802737E-03   4.6720425E-03   4.6595460E-03   4.6426630E-03   4.6212694E-03   4.5952391E-03   4.5644433E-03   4.5287516E-03   4.4880313E-03   4.4421487E-03   4.3909686E-03   4.3343551E-03   4.2721720E-03   4.2042829E-03   4.1305524E-03   4.0508458E-03   3.9650301E-03   3.8729743E-03   3.7745502E-03   3.6696312E-03   3.5579373E-03   3.4292395E-03   3.3005636E-03   3.1369940E-03   1.1063215E-03   0.0000000E+00   4.3368087E-19   0.0000000E+00   0.0000000E+00   0.0000000E+00
   0.0000000E+00   0.0000000E+00   0.0000000E+00   0.0000000E+00   0.0000000E+00   1.6020361E-10   1.6515014E-07   1.4417205E-04   2.9147350E-04   4.3874642E-04   5.6757506E-04   6.7755143E-04   7.8675141E-04   8.9515700E-04   1.0027491E-03   1.1095077E-03   1.2154119E-03   1.3204398E-03   1.4245690E-03   1.5277760E-03   1.6300365E-03   1.7313256E-03   1.8316173E-03   1.9308847E-03   2.0291003E-03   2.1262353E-03   2.2222601E-03   2.3171443E-03   2.4108562E-03   2.5033632E-03   2.5946316E-03   2.6846266E-03   2.7733123E-03   2.8606515E-03   2.9466059E-03   3.0311358E-03   3.1142004E-03   3.1957574E-03   3.2757631E-03   3.3541723E-03   3.4309387E-03   3.5060140E-03   3.5793484E-03   3.6508908E-03   3.7205881E-03   3.7883854E-03   3.8542262E-03   3.9180520E-03   3.9798026E-03   4.0394154E-03   4.0968262E-03   4.1519682E-03   4.2047708E-03   4.2551669E-03   4.3030814E-03   4.3484386E-03   4.3911605E-03   4.4311665E-03   4.4683734E-03   4.5026956E-03   4.5340444E-03   4.5623289E-03   4.5874549E-03   4.6093259E-03   4.6278421E-03   4.6429012E-03   4.6543978E-03   4.6622237E-03   4.6662678E-03   4.6664161E-03   4.6625518E-03   4.6545554E-03   4.6423046E-03   4.6256743E-03   4.6045371E-03   4.5787628E-03   4.5482188E-03   4.5127703E-03   4.4722798E-03   4.4266076E-03   4.3756115E-03   4.3191466E-03   4.2570648E-03   4.1892146E-03   4.1154399E-03   4.0355786E-03   3.9494612E-03   3.8569075E-03   3.7577231E-03   3.6516891E-03   3.5383582E-03   3.4140322E-03   3.2834093E-03   3.0758210E-03   2.8225058E-04   0.0000000E+00   0.0000000E+00   0.0000000E+00   0.0000000E+00   0.0000000E+00
   0.0000000E+00   0.0000000E+00   0.0000000E+00   0.0000000E+00   0.0000000E+00   1.6111998E-10   1.6583454E-07   1.4454294E-04   2.9199718E-04   4.3931009E-04   5.6812282E-04   6.7815180E-04   7.8739751E-04   8.9584224E-04   1.0034670E-03   1.1102518E-03   1.2161755E-03   1.3212162E-03   1.4253513E-03   1.5285569E-03   1.6308086E-03   1.7320809E-03   1.8323477E-03   1.9315816E-03   2.0297546E-03   2.1268376E-03   2.2228006E-03   2.3176126E-03   2.4112414E-03   2.5036540E-03   2.5948163E-03   2.6846927E-03   2.7732471E-03   2.8604416E-03   2.9462375E-03   3.0305946E-03   3.1134717E-03   3.1948259E-03   3.2746134E-03   3.3527885E-03   3.4293044E-03   3.5041129E-03   3.5771639E-03   3.6484060E-03   3.7177862E-03   3.7852497E-03   3.8507401E-03   3.9141992E-03   3.9755671E-03   4.0347818E-03   4.0917795E-03   4.1464925E-03   4.1988556E-03   4.2487990E-03   4.2962499E-03   4.3411339E-03   4.3833745E-03   4.4228928E-03   4.4596075E-03   4.4934349E-03   4.5242886E-03   4.5520798E-03   4.5767171E-03   4.5981062E-03   4.6161503E-03   4.6307496E-03   4.6418017E-03   4.6492011E-03   4.6528399E-03   4.6526069E-03   4.6483880E-03   4.6400666E-03   4.6275228E-03   4.6106339E-03   4.5892745E-03   4.5633160E-03   4.5326272E-03   4.4970735E-03   4.4565174E-03   4.4108180E-03   4.3598305E-03   4.3034058E-03   4.2413895E-03   4.1736203E-03   4.0999280E-03   4.0201300E-03   3.9340262E-03   3.8413909E-03   3.7419612E-03   3.6354116E-03   3.5211708E-03   3.3976728E-03   3.2626766E-03   2.9811747E-03   1.6336616E-04   0.0000000E+00   0.0000000E+00   0.0000000E+00   0.0000000E+00   0.0000000E+00
   0.0000000E+00   0.0000000E+00   0.0000000E+00   0.0000000E+00   0.0000000E+00   1.6204132E-10   1.6652158E-07   1.4491469E-04   2.9252148E-04   4.3987403E-04   5.6867098E-04   6.7875239E-04   7.8804354E-04   8.9652694E-04   1.0041837E-03   1.1109935E-03   1.2169352E-03   1.3219870E-03   1.4261268E-03   1.5293273E-03   1.6315636E-03   1.7328205E-03   1.8330538E-03   1.9322409E-03   2.0303684E-03   2.1273897E-03   2.2232916E-03   2.3180078E-03   2.4115381E-03   2.5038385E-03   2.5948740E-03   2.6846085E-03   2.7730048E-03   2.8600245E-03   2.9456278E-03   3.0297740E-03   3.1124209E-03   3.1935251E-03   3.2730419E-03   3.3509250E-03   3.4271271E-03   3.5015983E-03   3.5741834E-03   3.6451408E-03   3.7141146E-03   3.7811482E-03   3.8461851E-03   3.9091675E-03   3.9700357E-03   4.0287304E-03   4.0853979E-03   4.1393450E-03   4.1911252E-03   4.2404676E-03   4.2873014E-03   4.3315542E-03   4.3731519E-03   4.4120178E-03   4.4480738E-03   4.4812392E-03   4.5114311E-03   4.5385642E-03   4.5625509E-03   4.5833012E-03   4.6007224E-03   4.6147191E-03   4.6251936E-03   4.6320449E-03   4.6351697E-03   4.6344613E-03   4.6298102E-03   4.6211038E-03   4.6082264E-03   4.5910587E-03   4.5694785E-03   4.5433596E-03   4.5125725E-03   4.4769835E-03   4.4364545E-03   4.3908426E-03   4.3399988E-03   4.2837672E-03   4.2219820E-03   4.1544648E-03   4.0810192E-03   4.0014221E-03   3.9154090E-03   3.8226501E-03   3.7227730E-03   3.6153477E-03   3.5000696E-03   3.3768948E-03   3.2256733E-03   2.8403685E-03   9.0712070E-05   0.0000000E+00   0.0000000E+00   0.0000000E+00   0.0000000E+00   0.0000000E+00
   0.0000000E+00   0.0000000E+00   0.0000000E+00   0.0000000E+00   0.0000000E+00   1.6296766E-10   1.6721128E-07   1.4528728E-04   2.9304638E-04   4.4043821E-04   5.6921953E-04   6.7935319E-04   7.8868943E-04   8.9721098E-04   1.0048989E-03   1.1117328E-03   1.2176909E-03   1.3227517E-03   1.4268942E-03   1.5300860E-03   1.6323018E-03   1.7335401E-03   1.8337324E-03   1.9328629E-03   2.0309373E-03   2.1278857E-03   2.2237170E-03   2.3183174E-03   2.4117306E-03   2.5038970E-03   2.5947803E-03   2.6843059E-03   2.7725876E-03   2.8593556E-03   2.9447232E-03   3.0286096E-03   3.1109709E-03   3.1916790E-03   3.2710282E-03   3.3484565E-03   3.4242604E-03   3.4982991E-03   3.5702800E-03   3.6408930E-03   3.7093412E-03   3.7758158E-03   3.8402602E-03   3.9026165E-03   3.9628254E-03   4.0208356E-03   4.0770716E-03   4.1299438E-03   4.1809375E-03   4.2294664E-03   4.2754624E-03   4.3188559E-03   4.3595760E-03   4.3975502E-03   4.4327047E-03   4.4649636E-03   4.4942491E-03   4.5204818E-03   4.5435801E-03   4.5634604E-03   4.5800367E-03   4.5932207E-03   4.6029219E-03   4.6090463E-03   4.6114982E-03   4.6101777E-03   4.6049821E-03   4.5958054E-03   4.5825375E-03   4.5650645E-03   4.5432683E-03   4.5170260E-03   4.4862095E-03   4.4506851E-03   4.4103123E-03   4.3649429E-03   4.3144184E-03   4.2585673E-03   4.1972002E-03   4.1301019E-03   4.0570201E-03   3.9776479E-03   3.8916001E-03   3.7983839E-03   3.6974965E-03   3.5886169E-03   3.4724086E-03   3.3487530E-03   3.1791188E-03   2.6567508E-03   2.2891820E-05   0.0000000E+00   0.0000000E+00   0.0000000E+00   0.0000000E+00   0.0000000E+00
   0.0000000E+00   0.0000000E+00   0.0000000E+00   0.0000000E+00   0.0000000E+00   1.6389903E-10   1.6790363E-07   1.4566074E-04   2.9357189E-04   4.4100265E-04   5.6976846E-04   6.7995415E-04   7.8933514E-04   8.9789428E-04   1.0056126E-03   1.1124693E-03   1.2184422E-03   1.3235097E-03   1.4276525E-03   1.5308315E-03   1.6330214E-03   1.7342371E-03   1.8343798E-03   1.9334425E-03   2.0314547E-03   2.1283173E-03   2.2240659E-03   2.3185277E-03   2.4118013E-03   2.5038074E-03   2.5945070E-03   2.6837786E-03   2.7719291E-03   2.8583830E-03   2.9434604E-03   3.0270249E-03   3.1090283E-03   3.1892380E-03   3.2682653E-03   3.3453564E-03   3.4203627E-03   3.4941649E-03   3.5651979E-03   3.6353683E-03   3.7031275E-03   3.7688648E-03   3.8325231E-03   3.8940440E-03   3.9533688E-03   4.0104605E-03   4.0661077E-03   4.1175051E-03   4.1674212E-03   4.2148315E-03   4.2596710E-03   4.3018744E-03   4.3413760E-03   4.3781088E-03   4.4120060E-03   4.4429989E-03   4.4710182E-03   4.4959975E-03   4.5178572E-03   4.5365273E-03   4.5519326E-03   4.5639960E-03   4.5726384E-03   4.5777771E-03   4.5793278E-03   4.5772019E-03   4.5713073E-03   4.5615476E-03   4.5478217E-03   4.5300218E-03   4.5079756E-03   4.4816753E-03   4.4509421E-03   4.4156401E-03   4.3756224E-03   4.3307285E-03   4.2807803E-03   4.2255752E-03   4.1648764E-03   4.0983966E-03   4.0257758E-03   3.9465514E-03   3.8601318E-03   3.7658041E-03   3.6630347E-03   3.5521005E-03   3.4352162E-03   3.3100976E-03   3.1157575E-03   2.4396079E-03   0.0000000E+00   0.0000000E+00   0.0000000E+00   0.0000000E+00   0.0000000E+00   0.0000000E+00
   0.0000000E+00   0.0000000E+00   0.0000000E+00   0.0000000E+00   0.0000000E+00   1.6483543E-10   1.6859864E-07   1.4603505E-04   2.9409801E-04   4.4156733E-04   5.7031775E-04   6.8055525E-04   7.8998060E-04   8.9857673E-04   1.0063245E-03   1.1132026E-03   1.2191885E-03   1.3242605E-03   1.4284009E-03   1.5315625E-03   1.6337201E-03   1.7349087E-03   1.8349922E-03   1.9339744E-03   2.0319136E-03   2.1286749E-03   2.2243267E-03   2.3186230E-03   2.4117300E-03   2.5035437E-03   2.5940212E-03   2.6829843E-03   2.7709777E-03   2.8570436E-03   2.9417620E-03   3.0249256E-03   3.1064786E-03   3.1860584E-03   3.2646822E-03   3.3413501E-03   3.4153189E-03   3.4888275E-03   3.5586049E-03   3.6281945E-03   3.6950415E-03   3.7597965E-03   3.8224007E-03   3.8827949E-03   3.9409205E-03   3.9967630E-03   4.0515834E-03   4.1009487E-03   4.1493707E-03   4.1952226E-03   4.2384442E-03   4.2789768E-03   4.3167621E-03   4.3517420E-03   4.3838600E-03   4.4130589E-03   4.4392824E-03   4.4624791E-03   4.4825825E-03   4.4995396E-03   4.5132925E-03   4.5237818E-03   4.5309465E-03   4.5347218E-03   4.5350418E-03   4.5318351E-03   4.5250259E-03   4.5145330E-03   4.5002681E-03   4.4821299E-03   4.4599360E-03   4.4337224E-03   4.4032892E-03   4.3684932E-03   4.3291722E-03   4.2851463E-03   4.2362167E-03   4.1821064E-03   4.1224904E-03   4.0569496E-03   3.9849170E-03   3.9049095E-03   3.8175341E-03   3.7211179E-03   3.6154066E-03   3.5020104E-03   3.3848892E-03   3.2564184E-03   3.0333750E-03   2.1980102E-03   0.0000000E+00   0.0000000E+00   0.0000000E+00   0.0000000E+00   0.0000000E+00   0.0000000E+00
   0.0000000E+00   0.0000000E+00   0.0000000E+00   0.0000000E+00   0.0000000E+00   1.6577691E-10   1.6929632E-07   1.4641021E-04   2.9462473E-04   4.4213224E-04   5.7086740E-04   6.8115646E-04   7.9062577E-04   8.9925825E-04   1.0070346E-03   1.1139326E-03   1.2199296E-03   1.3250033E-03   1.4291383E-03   1.5322775E-03   1.6343959E-03   1.7355522E-03   1.8355653E-03   1.9344524E-03   2.0323062E-03   2.1289483E-03   2.2244860E-03   2.3185849E-03   2.4114930E-03   2.5030756E-03   2.5932839E-03   2.6818720E-03   2.7696740E-03   2.8552606E-03   2.9395328E-03   3.0221944E-03   3.1031783E-03   3.1820003E-03   3.2600296E-03   3.3361836E-03   3.4088189E-03   3.4819280E-03   3.5500656E-03   3.6188798E-03   3.6845086E-03   3.7479431E-03   3.8091211E-03   3.8679810E-03   3.9244637E-03   3.9785871E-03   4.0322232E-03   4.0787759E-03   4.1251026E-03   4.1687589E-03   4.2096916E-03   4.2478513E-03   4.2831909E-03   4.3156657E-03   4.3452351E-03   4.3718598E-03   4.3955038E-03   4.4161387E-03   4.4337200E-03   4.4482215E-03   4.4596124E-03   4.4678613E-03   4.4729354E-03   4.4747947E-03   4.4734098E-03   4.4687322E-03   4.4607115E-03   4.4492889E-03   4.4343950E-03   4.4159369E-03   4.3937321E-03   4.3678553E-03   4.3380831E-03   4.3042574E-03   4.2661887E-03   4.2236541E-03   4.1764044E-03   4.1241461E-03   4.0662071E-03   4.0020183E-03   3.9299608E-03   3.8499166E-03   3.7607072E-03   3.6610301E-03   3.5513168E-03   3.4332513E-03   3.3166224E-03   3.1893099E-03   2.9291568E-03   1.9406826E-03   0.0000000E+00   0.0000000E+00   0.0000000E+00   0.0000000E+00   0.0000000E+00   0.0000000E+00
   0.0000000E+00   0.0000000E+00   0.0000000E+00   0.0000000E+00   0.0000000E+00   1.6672348E-10   1.6999668E-07   1.4678623E-04   2.9515206E-04   4.4269740E-04   5.7141739E-04   6.8175776E-04   7.9127058E-04   8.9993873E-04   1.0077425E-03   1.1146589E-03   1.2206648E-03   1.3257375E-03   1.4298637E-03   1.5329749E-03   1.6350461E-03   1.7361642E-03   1.8360943E-03   1.9348696E-03   2.0326232E-03   2.1291251E-03   2.2245284E-03   2.3183920E-03   2.4110622E-03   2.5023667E-03   2.5922483E-03   2.6803801E-03   2.7679458E-03   2.8529391E-03   2.9366546E-03   3.0186848E-03   3.0989469E-03   3.1768424E-03   3.2540268E-03   3.3295428E-03   3.4004589E-03   3.4730144E-03   3.5390053E-03   3.6067701E-03   3.6707597E-03   3.7324045E-03   3.7916366E-03   3.8483894E-03   3.9026021E-03   3.9543356E-03   4.0062512E-03   4.0488925E-03   4.0922549E-03   4.1327903E-03   4.1704560E-03   4.2052159E-03   4.2370399E-03   4.2659036E-03   4.2917905E-03   4.3146905E-03   4.3345991E-03   4.3515234E-03   4.3654547E-03   4.3764087E-03   4.3843976E-03   4.3894343E-03   4.3915294E-03   4.3906843E-03   4.3869242E-03   4.3802366E-03   4.3706092E-03   4.3580171E-03   4.3424172E-03   4.3237284E-03   4.3017736E-03   4.2766676E-03   4.2481525E-03   4.2160422E-03   4.1800980E-03   4.1400221E-03   4.0954860E-03   4.0461125E-03   3.9907138E-03   3.9284522E-03   3.8571239E-03   3.7756313E-03   3.6831732E-03   3.5782911E-03   3.4632116E-03   3.3437937E-03   3.2294398E-03   3.1015532E-03   2.7954323E-03   1.6768473E-03   0.0000000E+00   0.0000000E+00   0.0000000E+00   0.0000000E+00   0.0000000E+00   0.0000000E+00
   0.0000000E+00   0.0000000E+00   0.0000000E+00   0.0000000E+00   0.0000000E+00   1.6767516E-10   1.7069973E-07   1.4716310E-04   2.9567998E-04   4.4326278E-04   5.7196770E-04   6.8235911E-04   7.9191498E-04   9.0061806E-04   1.0084482E-03   1.1153812E-03   1.2213937E-03   1.3264621E-03   1.4305759E-03   1.5336528E-03   1.6356681E-03   1.7367412E-03   1.8365740E-03   1.9352183E-03   2.0328545E-03   2.1291915E-03   2.2244357E-03   2.3180193E-03   2.4104045E-03   2.5013735E-03   2.5908578E-03   2.6784337E-03   2.7657043E-03   2.8499620E-03   2.9329798E-03   3.0142122E-03   3.0935553E-03   3.1703019E-03   3.2463881E-03   3.3209472E-03   3.3898077E-03   3.4613907E-03   3.5246613E-03   3.5909900E-03   3.6527579E-03   3.7119601E-03   3.7685179E-03   3.8223560E-03   3.8734088E-03   3.9217920E-03   3.9711860E-03   4.0083650E-03   4.0475053E-03   4.0835762E-03   4.1165503E-03   4.1464113E-03   4.1731551E-03   4.1967889E-03   4.2173337E-03   4.2348251E-03   4.2493079E-03   4.2608451E-03   4.2694855E-03   4.2753102E-03   4.2783989E-03   4.2788334E-03   4.2766912E-03   4.2720402E-03   4.2649865E-03   4.2555723E-03   4.2438425E-03   4.2298207E-03   4.2135006E-03   4.1948168E-03   4.1736030E-03   4.1500132E-03   4.1237380E-03   4.0945407E-03   4.0620990E-03   4.0259958E-03   3.9857809E-03   3.9408745E-03   3.8893366E-03   3.8298956E-03   3.7589928E-03   3.6766872E-03   3.5799334E-03   3.4685813E-03   3.3478638E-03   3.2260190E-03   3.1158350E-03   2.9925520E-03   2.6391023E-03   1.4143217E-03   0.0000000E+00   0.0000000E+00   0.0000000E+00   0.0000000E+00   0.0000000E+00   0.0000000E+00
   0.0000000E+00   0.0000000E+00   0.0000000E+00   0.0000000E+00   0.0000000E+00   1.6863198E-10   1.7140547E-07   1.4754083E-04   2.9620850E-04   4.4382838E-04   5.7251832E-04   6.8296048E-04   7.9255892E-04   9.0129613E-04   1.0091514E-03   1.1160991E-03   1.2221157E-03   1.3271763E-03   1.4312738E-03   1.5343092E-03   1.6362588E-03   1.7372791E-03   1.8369981E-03   1.9354895E-03   2.0329881E-03   2.1291311E-03   2.2241867E-03   2.3174370E-03   2.4094804E-03   2.5000440E-03   2.5890438E-03   2.6759412E-03   2.7628395E-03   2.8461833E-03   2.9283229E-03   3.0085427E-03   3.0867108E-03   3.1620155E-03   3.2366649E-03   3.3098379E-03   3.3761907E-03   3.4462260E-03   3.5060158E-03   3.5703620E-03   3.6291001E-03   3.6849475E-03   3.7378078E-03   3.7875898E-03   3.8342182E-03   3.8778744E-03   3.9235547E-03   3.9530851E-03   3.9861893E-03   4.0158539E-03   4.0420746E-03   4.0648663E-03   4.0842653E-03   4.1003283E-03   4.1131363E-03   4.1227961E-03   4.1294308E-03   4.1331901E-03   4.1342142E-03   4.1326853E-03   4.1287869E-03   4.1227056E-03   4.1146195E-03   4.1046985E-03   4.0931665E-03   4.0801454E-03   4.0657609E-03   4.0501042E-03   4.0332171E-03   4.0150550E-03   3.9954686E-03   3.9746414E-03   3.9521895E-03   3.9277923E-03   3.9009945E-03   3.8711982E-03   3.8377661E-03   3.7997204E-03   3.7540402E-03   3.6987837E-03   3.6294027E-03   3.5446066E-03   3.4421740E-03   3.3227327E-03   3.1965311E-03   3.0767937E-03   2.9746308E-03   2.8548887E-03   2.4553245E-03   1.1592437E-03   0.0000000E+00   0.0000000E+00   0.0000000E+00   0.0000000E+00   0.0000000E+00   0.0000000E+00
   0.0000000E+00   0.0000000E+00   0.0000000E+00   0.0000000E+00   0.0000000E+00   1.6959397E-10   1.7211391E-07   1.4791942E-04   2.9673761E-04   4.4439421E-04   5.7306923E-04   6.8356185E-04   7.9320232E-04   9.0197282E-04   1.0098520E-03   1.1168122E-03   1.2228303E-03   1.3278793E-03   1.4319559E-03   1.5349421E-03   1.6368148E-03   1.7377733E-03   1.8373599E-03   1.9356729E-03   2.0330103E-03   2.1289252E-03   2.2237566E-03   2.3166101E-03   2.4082426E-03   2.4983151E-03   2.5867230E-03   2.6727900E-03   2.7592153E-03   2.8414202E-03   2.9224500E-03   3.0013786E-03   3.0780379E-03   3.1515133E-03   3.2242712E-03   3.2954882E-03   3.3587144E-03   3.4264238E-03   3.4817050E-03   3.5432960E-03   3.5978804E-03   3.6490974E-03   3.6968214E-03   3.7409356E-03   3.7813510E-03   3.8188763E-03   3.8579332E-03   3.8773366E-03   3.9018130E-03   3.9222989E-03   3.9388276E-03   3.9514646E-03   3.9603117E-03   3.9655057E-03   3.9672233E-03   3.9656845E-03   3.9611341E-03   3.9538564E-03   3.9441331E-03   3.9322981E-03   3.9186890E-03   3.9036448E-03   3.8874869E-03   3.8705332E-03   3.8531687E-03   3.8356223E-03   3.8181262E-03   3.8008574E-03   3.7839163E-03   3.7672845E-03   3.7508342E-03   3.7347555E-03   3.7185642E-03   3.7018129E-03   3.6838497E-03   3.6638175E-03   3.6407905E-03   3.6130825E-03   3.5761490E-03   3.5270647E-03   3.4595465E-03   3.3726926E-03   3.2634904E-03   3.1356465E-03   3.0057704E-03   2.8893211E-03   2.7996012E-03   2.6904697E-03   2.2487701E-03   9.2230874E-04   0.0000000E+00   0.0000000E+00   0.0000000E+00   0.0000000E+00   0.0000000E+00   0.0000000E+00
   0.0000000E+00   0.0000000E+00   0.0000000E+00   0.0000000E+00   0.0000000E+00   1.7056113E-10   1.7282506E-07   1.4829887E-04   2.9726731E-04   4.4496025E-04   5.7362043E-04   6.8416317E-04   7.9384512E-04   9.0264802E-04   1.0105497E-03   1.1175202E-03   1.2235367E-03   1.3285700E-03   1.4326208E-03   1.5355488E-03   1.6373323E-03   1.7382188E-03   1.8376514E-03   1.9357570E-03   2.0329052E-03   2.1285514E-03   2.2231159E-03   2.3154964E-03   2.4066342E-03   2.4961102E-03   2.5837929E-03   2.6688412E-03   2.7546613E-03   2.8354427E-03   2.9150637E-03   2.9923387E-03   3.0670514E-03   3.1381836E-03   3.2084390E-03   3.2769377E-03   3.3361906E-03   3.4005162E-03   3.4498979E-03   3.5076404E-03   3.5565085E-03   3.6013134E-03   3.6418847E-03   3.6780660E-03   3.7097583E-03   3.7390578E-03   3.7673811E-03   3.7732875E-03   3.7855096E-03   3.7929570E-03   3.7957301E-03   3.7939818E-03   3.7879245E-03   3.7778273E-03   3.7640218E-03   3.7469059E-03   3.7269124E-03   3.7045271E-03   3.6802414E-03   3.6546040E-03   3.6281654E-03   3.6014671E-03   3.5750146E-03   3.5493189E-03   3.5249618E-03   3.5022941E-03   3.4816693E-03   3.4633579E-03   3.4475224E-03   3.4341733E-03   3.4232063E-03   3.4147832E-03   3.4083033E-03   3.4031492E-03   3.3984057E-03   3.3928689E-03   3.3851675E-03   3.3724248E-03   3.3480219E-03   3.3076689E-03   3.2436480E-03   3.1531415E-03   3.0363943E-03   2.9006642E-03   2.7702154E-03   2.6638277E-03   2.5921725E-03   2.4954536E-03   2.0202423E-03   7.0604616E-04   0.0000000E+00   0.0000000E+00   0.0000000E+00   0.0000000E+00   0.0000000E+00   0.0000000E+00
   0.0000000E+00   0.0000000E+00   0.0000000E+00   0.0000000E+00   0.0000000E+00   1.7153351E-10   1.7353893E-07   1.4867917E-04   2.9779761E-04   4.4552651E-04   5.7417189E-04   6.8476442E-04   7.9448725E-04   9.0332158E-04   1.0112442E-03   1.1182225E-03   1.2242344E-03   1.3292472E-03   1.4332667E-03   1.5361268E-03   1.6378070E-03   1.7386096E-03   1.8378637E-03   1.9357281E-03   2.0326543E-03   2.1279839E-03   2.2222296E-03   2.3140458E-03   2.4045863E-03   2.4933361E-03   2.5801280E-03   2.6639222E-03   2.7489640E-03   2.8279599E-03   2.9057851E-03   2.9809327E-03   3.0531224E-03   3.1212270E-03   3.1881563E-03   3.2529124E-03   3.3070349E-03   3.3665351E-03   3.4081349E-03   3.4604882E-03   3.5014744E-03   3.5373933E-03   3.5680100E-03   3.5931199E-03   3.6134890E-03   3.6297370E-03   3.6426595E-03   3.6305386E-03   3.6256277E-03   3.6149139E-03   3.5986257E-03   3.5770752E-03   3.5506676E-03   3.5198925E-03   3.4853313E-03   3.4476541E-03   3.4075690E-03   3.3658453E-03   3.3232562E-03   3.2806212E-03   3.2387428E-03   3.1983850E-03   3.1602420E-03   3.1250351E-03   3.0935234E-03   3.0661563E-03   3.0433866E-03   3.0255591E-03   3.0128882E-03   3.0054135E-03   3.0030578E-03   3.0059318E-03   3.0133387E-03   3.0244803E-03   3.0381393E-03   3.0526848E-03   3.0660601E-03   3.0734904E-03   3.0657263E-03   3.0367327E-03   2.9768479E-03   2.8828628E-03   2.7588432E-03   2.6182451E-03   2.4923385E-03   2.3996997E-03   2.3509423E-03   2.2753581E-03   1.7792729E-03   5.1249256E-04   0.0000000E+00   0.0000000E+00   0.0000000E+00   0.0000000E+00   0.0000000E+00   0.0000000E+00
   0.0000000E+00   0.0000000E+00   0.0000000E+00   0.0000000E+00   0.0000000E+00   1.7251112E-10   1.7425552E-07   1.4906034E-04   2.9832848E-04   4.4609296E-04   5.7472360E-04   6.8536555E-04   7.9512864E-04   9.0399336E-04   1.0119353E-03   1.1189188E-03   1.2249225E-03   1.3299098E-03   1.4338919E-03   1.5366730E-03   1.6382342E-03   1.7389392E-03   1.8379865E-03   1.9355708E-03   2.0322358E-03   2.1271919E-03   2.2210562E-03   2.3121979E-03   2.4020157E-03   2.4898786E-03   2.5755725E-03   2.6578178E-03   2.7418540E-03   2.8186020E-03   2.8941279E-03   2.9665265E-03   3.0354316E-03   3.0995943E-03   3.1620866E-03   3.2217196E-03   3.2691332E-03   3.3218447E-03   3.3531263E-03   3.3979329E-03   3.4280648E-03   3.4517074E-03   3.4685438E-03   3.4783362E-03   3.4837254E-03   3.4803992E-03   3.4719425E-03   3.4360872E-03   3.4079485E-03   3.3728650E-03   3.3313170E-03   3.2839108E-03   3.2313841E-03   3.1745849E-03   3.1144759E-03   3.0521087E-03   2.9885510E-03   2.9249115E-03   2.8622671E-03   2.8016919E-03   2.7441906E-03   2.6906677E-03   2.6419111E-03   2.5987960E-03   2.5620930E-03   2.5322668E-03   2.5097870E-03   2.4950197E-03   2.4882151E-03   2.4894522E-03   2.4987243E-03   2.5161508E-03   2.5410462E-03   2.5725150E-03   2.6090844E-03   2.6486532E-03   2.6881233E-03   2.7199050E-03   2.7318451E-03   2.7158534E-03   2.6608072E-03   2.5620512E-03   2.4327288E-03   2.2922411E-03   2.1769566E-03   2.1056448E-03   2.0846917E-03   2.0319652E-03   1.5302932E-03   3.4623260E-04   0.0000000E+00   0.0000000E+00   0.0000000E+00   0.0000000E+00   0.0000000E+00   0.0000000E+00
   0.0000000E+00   0.0000000E+00   0.0000000E+00   0.0000000E+00   0.0000000E+00   1.7349398E-10   1.7497484E-07   1.4944236E-04   2.9885995E-04   4.4665961E-04   5.7527553E-04   6.8596653E-04   7.9576920E-04   9.0466323E-04   1.0126228E-03   1.1196085E-03   1.2256002E-03   1.3305565E-03   1.4344942E-03   1.5371841E-03   1.6386084E-03   1.7391999E-03   1.8380079E-03   1.9352667E-03   2.0316245E-03   2.1261391E-03   2.2195457E-03   2.3098800E-03   2.3988207E-03   2.4855970E-03   2.5699334E-03   2.6502584E-03   2.7329895E-03   2.8068968E-03   2.8794661E-03   2.9482973E-03   3.0129083E-03   3.0719060E-03   3.1284615E-03   3.1811109E-03   3.2196720E-03   3.2629353E-03   3.2805138E-03   3.3147954E-03   3.3300667E-03   3.3369010E-03   3.3349024E-03   3.3238574E-03   3.3094114E-03   3.2783937E-03   3.2414270E-03   3.1754986E-03   3.1175634E-03   3.0518856E-03   2.9794189E-03   2.9012798E-03   2.8187332E-03   2.7331430E-03   2.6459700E-03   2.5586838E-03   2.4726925E-03   2.3893579E-03   2.3099022E-03   2.2354462E-03   2.1669460E-03   2.1051729E-03   2.0507718E-03   2.0046385E-03   1.9671087E-03   1.9385936E-03   1.9194746E-03   1.9101089E-03   1.9108214E-03   1.9218093E-03   1.9433399E-03   1.9758226E-03   2.0188310E-03   2.0716258E-03   2.1326580E-03   2.1993426E-03   2.2670194E-03   2.3243079E-03   2.3565524E-03   2.3533669E-03   2.3022664E-03   2.2001624E-03   2.0700154E-03   1.9369618E-03   1.8389623E-03   1.7912278E-03   1.8003807E-03   1.7767150E-03   1.2848022E-03   2.0419227E-04   0.0000000E+00   0.0000000E+00   0.0000000E+00   0.0000000E+00   0.0000000E+00   0.0000000E+00
   0.0000000E+00   0.0000000E+00   0.0000000E+00   0.0000000E+00   0.0000000E+00   1.7448213E-10   1.7569690E-07   1.4982524E-04   2.9939199E-04   4.4722645E-04   5.7582768E-04   6.8656731E-04   7.9640885E-04   9.0533100E-04   1.0133063E-03   1.1202911E-03   1.2262667E-03   1.3311856E-03   1.4350713E-03   1.5376561E-03   1.6389234E-03   1.7393831E-03   1.8379144E-03   1.9347949E-03   2.0307905E-03   2.1247823E-03   2.2176384E-03   2.3070035E-03   2.3948765E-03   2.4803173E-03   2.5629694E-03   2.6409042E-03   2.7219351E-03   2.7922381E-03   2.8609897E-03   2.9251739E-03   2.9841502E-03   3.0363462E-03   3.0849457E-03   3.1281138E-03   3.1549373E-03   3.1851931E-03   3.1846345E-03   3.2043814E-03   3.1995720E-03   3.1838178E-03   3.1581471E-03   3.1183281E-03   3.0763376E-03   3.0104298E-03   2.9379026E-03   2.8366580E-03   2.7440319E-03   2.6442039E-03   2.5388918E-03   2.4299453E-03   2.3192800E-03   2.2087863E-03   2.1003311E-03   1.9955293E-03   1.8958077E-03   1.8023641E-03   1.7160628E-03   1.6375822E-03   1.5673430E-03   1.5055618E-03   1.4525213E-03   1.4090794E-03   1.3742926E-03   1.3488201E-03   1.3330343E-03   1.3274787E-03   1.3328162E-03   1.3496767E-03   1.3791821E-03   1.4226448E-03   1.4802243E-03   1.5516779E-03   1.6355334E-03   1.7285221E-03   1.8235851E-03   1.9047264E-03   1.9558812E-03   1.9640336E-03   1.9163907E-03   1.8135665E-03   1.6890846E-03   1.5711277E-03   1.4952201E-03   1.4748601E-03   1.5137544E-03   1.5165810E-03   1.0477947E-03   8.4115458E-05   0.0000000E+00   0.0000000E+00   0.0000000E+00   0.0000000E+00   0.0000000E+00   0.0000000E+00
   0.0000000E+00   0.0000000E+00   0.0000000E+00   0.0000000E+00   0.0000000E+00   1.7547557E-10   1.7642170E-07   1.5020898E-04   2.9992461E-04   4.4779347E-04   5.7638002E-04   6.8716785E-04   7.9704750E-04   9.0599651E-04   1.0139855E-03   1.1209658E-03   1.2269208E-03   1.3317956E-03   1.4356208E-03   1.5380848E-03   1.6391722E-03   1.7394789E-03   1.8376900E-03   1.9341306E-03   2.0296983E-03   2.1230698E-03   2.2152618E-03   2.3034607E-03   2.3900298E-03   2.4738231E-03   2.5543775E-03   2.6293254E-03   2.7081330E-03   2.7738448E-03   2.8376485E-03   2.8957589E-03   2.9473208E-03   2.9905309E-03   3.0284727E-03   3.0588385E-03   3.0701055E-03   3.0826970E-03   3.0583880E-03   3.0584341E-03   3.0271421E-03   2.9819941E-03   2.9240397E-03   2.8532163E-03   2.7730280E-03   2.6668765E-03   2.5547751E-03   2.4175450E-03   2.2910032E-03   2.1605357E-03   2.0287191E-03   1.8980364E-03   1.7707339E-03   1.6487302E-03   1.5336852E-03   1.4264792E-03   1.3278382E-03   1.2380355E-03   1.1567701E-03   1.0837268E-03   1.0183993E-03   9.6033294E-04   9.0982045E-04   8.6800934E-04   8.3160433E-04   8.0294728E-04   7.8310047E-04   7.7351702E-04   7.7581270E-04   7.9156694E-04   8.2332407E-04   8.7350152E-04   9.4263467E-04   1.0308482E-03   1.1365546E-03   1.2553921E-03   1.3770435E-03   1.4805837E-03   1.5495430E-03   1.5681924E-03   1.5245832E-03   1.4273050E-03   1.3159728E-03   1.2195568E-03   1.1681810E-03   1.1717960E-03   1.2357857E-03   1.2649640E-03   8.2910963E-04   1.3552527E-20   0.0000000E+00   0.0000000E+00   0.0000000E+00   0.0000000E+00   0.0000000E+00   0.0000000E+00
   0.0000000E+00   0.0000000E+00   0.0000000E+00   0.0000000E+00   0.0000000E+00   1.7647435E-10   1.7714925E-07   1.5059358E-04   3.0045780E-04   4.4836067E-04   5.7693252E-04   6.8776811E-04   7.9768505E-04   9.0665957E-04   1.0146601E-03   1.1216322E-03   1.2275616E-03   1.3323846E-03   1.4361398E-03   1.5384655E-03   1.6393469E-03   1.7394758E-03   1.8373163E-03   1.9332449E-03   2.0283061E-03   2.1209395E-03   2.2123281E-03   2.2991196E-03   2.3840908E-03   2.4658440E-03   2.5437759E-03   2.6149751E-03   2.6908664E-03   2.7507080E-03   2.8080778E-03   2.8582306E-03   2.9000236E-03   2.9313530E-03   2.9550664E-03   2.9682968E-03   2.9590975E-03   2.9481725E-03   2.8934281E-03   2.8676217E-03   2.8028541E-03   2.7233614E-03   2.6253451E-03   2.5177933E-03   2.3957702E-03   2.2498260E-03   2.1019153E-03   1.9371294E-03   1.7875185E-03   1.6405955E-03   1.4990803E-03   1.3651386E-03   1.2402118E-03   1.1250388E-03   1.0199691E-03   9.2383839E-04   8.3609146E-04   7.5550037E-04   6.8024963E-04   6.0938253E-04   5.4220415E-04   4.7901002E-04   4.2202268E-04   3.7363147E-04   3.2884997E-04   2.9404939E-04   2.7384319E-04   2.7063561E-04   2.7829062E-04   2.9840836E-04   3.3389157E-04   3.8787904E-04   4.6220410E-04   5.5856406E-04   6.7672180E-04   8.1257564E-04   9.5444673E-04   1.0764434E-03   1.1610649E-03   1.1897656E-03   1.1524815E-03   1.0666039E-03   9.7426102E-04   9.0240633E-04   8.7422224E-04   8.9899452E-04   9.8150039E-04   1.0278640E-03   6.3014007E-04   0.0000000E+00   0.0000000E+00   0.0000000E+00   0.0000000E+00   0.0000000E+00   0.0000000E+00   0.0000000E+00
   0.0000000E+00   0.0000000E+00   0.0000000E+00   0.0000000E+00   0.0000000E+00   1.7747847E-10   1.7787956E-07   1.5097904E-04   3.0099156E-04   4.4892804E-04   5.7748517E-04   6.8836803E-04   7.9832141E-04   9.0731999E-04   1.0153297E-03   1.1222895E-03   1.2281877E-03   1.3329506E-03   1.4366250E-03   1.5387925E-03   1.6394384E-03   1.7393604E-03   1.8367719E-03   1.9321035E-03   2.0265639E-03   2.1183169E-03   2.2087302E-03   2.2938177E-03   2.3768232E-03   2.4560405E-03   2.5306804E-03   2.5971553E-03   2.6692096E-03   2.7215211E-03   2.7705055E-03   2.8102237E-03   2.8391564E-03   2.8548217E-03   2.8596928E-03   2.8503206E-03   2.8146576E-03   2.7733719E-03   2.6811016E-03   2.6231639E-03   2.5208415E-03   2.3966529E-03   2.2641373E-03   2.1161423E-03   1.9576075E-03   1.7830114E-03   1.6148206E-03   1.4416026E-03   1.2895711E-03   1.1478385E-03   1.0173060E-03   8.9816277E-04   7.8954280E-04   6.9005468E-04   5.9820650E-04   5.1023883E-04   4.2555593E-04   3.4293975E-04   2.6173281E-04   1.8436653E-04   1.1436434E-04   5.6518145E-05   2.1781688E-05   3.3186372E-06   1.0140421E-10   1.0332417E-07   8.9025252E-05   1.8822907E-06   1.5623750E-05   3.4779406E-05   6.2156990E-05   1.0168064E-04   1.5752614E-04   2.3404087E-04   3.3456200E-04   4.5861438E-04   5.9772711E-04   7.2345999E-04   8.1565555E-04   8.5200134E-04   8.2264102E-04   7.5361578E-04   6.8326722E-04   6.3530768E-04   6.2640345E-04   6.6408347E-04   7.5661223E-04   8.1485940E-04   4.5581573E-04   0.0000000E+00   0.0000000E+00   0.0000000E+00   0.0000000E+00   0.0000000E+00   0.0000000E+00   0.0000000E+00
   0.0000000E+00   0.0000000E+00   0.0000000E+00   0.0000000E+00   0.0000000E+00   3.9854894E-10   2.9756875E-07   1.5136536E-04   3.0152589E-04   4.4949556E-04   5.7803795E-04   6.8896756E-04   7.9895646E-04   9.0797753E-04   1.0159938E-03   1.1229368E-03   1.2287979E-03   1.3334913E-03   1.4370727E-03   1.5390597E-03   1.6394361E-03   1.7391175E-03   1.8360316E-03   1.9306660E-03   2.0244116E-03   2.1151113E-03   2.2043366E-03   2.2873538E-03   2.3679317E-03   2.4439836E-03   2.5144746E-03   2.5749718E-03   2.6419658E-03   2.6845939E-03   2.7226403E-03   2.7486945E-03   2.7607700E-03   2.7559481E-03   2.7362446E-03   2.6977708E-03   2.6289675E-03   2.5503470E-03   2.4147539E-03   2.3203071E-03   2.1799617E-03   2.0122528E-03   1.8498391E-03   1.6729976E-03   1.4954248E-03   1.3150058E-03   1.1510485E-03   9.9154461E-04   8.5705735E-04   7.3591057E-04   6.2527072E-04   5.2297183E-04   4.2564348E-04   3.3123688E-04   2.3945812E-04   1.4854890E-04   6.5131986E-05   0.0000000E+00   0.0000000E+00   0.0000000E+00   0.0000000E+00   0.0000000E+00   0.0000000E+00   4.2351647E-22   0.0000000E+00   0.0000000E+00   0.0000000E+00   0.0000000E+00   0.0000000E+00   0.0000000E+00   8.1684455E-11   3.1332621E-08   1.0242845E-05   5.5851829E-05   1.2359059E-04   2.1680283E-04   3.3147604E-04   4.4344952E-04   5.3167098E-04   5.7090338E-04   5.5006631E-04   4.9885223E-04   4.4976287E-04   4.2200143E-04   4.2680513E-04   4.7260486E-04   5.6738832E-04   6.2638881E-04   3.0374000E-04   0.0000000E+00   0.0000000E+00   0.0000000E+00   0.0000000E+00   0.0000000E+00   0.0000000E+00   0.0000000E+00
   0.0000000E+00   0.0000000E+00   0.0000000E+00   0.0000000E+00   0.0000000E+00   8.3527941E-10   4.7621667E-07   1.5175254E-04   3.0206078E-04   4.5006324E-04   5.7859082E-04   6.8956664E-04   7.9959008E-04   9.0863198E-04   1.0166521E-03   1.1235733E-03   1.2293907E-03   1.3340042E-03   1.4374790E-03   1.5392599E-03   1.6393280E-03   1.7387289E-03   1.8350657E-03   1.9288843E-03   2.0217772E-03   2.1112123E-03   2.1989855E-03   2.2794774E-03   2.3570449E-03   2.4291294E-03   2.4943704E-03   2.5472763E-03   2.6075865E-03   2.6377477E-03   2.6615473E-03   2.6697958E-03   2.6599849E-03   2.6287909E-03   2.5778693E-03   2.5033783E-03   2.3952867E-03   2.2742201E-03   2.0939404E-03   1.9657244E-03   1.7905807E-03   1.5936823E-03   1.4168714E-03   1.2345054E-03   1.0640754E-03   9.0380388E-04   7.6391209E-04   6.2642076E-04   5.1285664E-04   4.0757900E-04   3.0527629E-04   2.0526233E-04   1.0522940E-04   1.6841903E-05   0.0000000E+00   0.0000000E+00   0.0000000E+00   0.0000000E+00   0.0000000E+00   0.0000000E+00   0.0000000E+00   0.0000000E+00   0.0000000E+00   0.0000000E+00   0.0000000E+00   0.0000000E+00   0.0000000E+00   0.0000000E+00   0.0000000E+00   0.0000000E+00   0.0000000E+00   0.0000000E+00   2.6291137E-11   1.4554794E-08   6.8878569E-06   6.7268474E-05   1.5002427E-04   2.3864068E-04   3.1427715E-04   3.5164454E-04   3.3778632E-04   3.0407827E-04   2.7308370E-04   2.6057929E-04   2.7397692E-04   3.2093601E-04   4.1090301E-04   4.6590700E-04   1.7478572E-04   0.0000000E+00   0.0000000E+00   0.0000000E+00   0.0000000E+00   0.0000000E+00   0.0000000E+00   0.0000000E+00
   0.0000000E+00   0.0000000E+00   0.0000000E+00   0.0000000E+00   0.0000000E+00   1.2785552E-09   6.5513597E-07   1.5214058E-04   3.0259623E-04   4.5063106E-04   5.7914377E-04   6.9016522E-04   8.0022215E-04   9.0928306E-04   1.0173040E-03   1.1241980E-03   1.2299644E-03   1.3344865E-03   1.4378392E-03   1.5393850E-03   1.6391002E-03   1.7381738E-03   1.8338391E-03   1.9267008E-03   2.0185731E-03   2.1064847E-03   2.1924757E-03   2.2698748E-03   2.3436933E-03   2.4107844E-03   2.4693571E-03   2.5125937E-03   2.5640735E-03   2.5782002E-03   2.5835346E-03   2.5688178E-03   2.5310868E-03   2.4668828E-03   2.3779968E-03   2.2617056E-03   2.1110733E-03   1.9403020E-03   1.7392152E-03   1.5767546E-03   1.3836570E-03   1.1824264E-03   1.0147268E-03   8.5302393E-04   7.1205813E-04   5.8526940E-04   4.6708373E-04   3.3289697E-04   2.2529627E-04   1.2086163E-04   2.1194354E-05   0.0000000E+00   0.0000000E+00   0.0000000E+00   0.0000000E+00   0.0000000E+00   0.0000000E+00   0.0000000E+00   0.0000000E+00   0.0000000E+00   0.0000000E+00   0.0000000E+00   0.0000000E+00   0.0000000E+00   0.0000000E+00   0.0000000E+00   0.0000000E+00   0.0000000E+00   0.0000000E+00   0.0000000E+00   0.0000000E+00   0.0000000E+00   0.0000000E+00   0.0000000E+00   7.7106768E-10   1.7497972E-07   3.3833310E-05   9.7779518E-05   1.5729835E-04   1.8971768E-04   1.8139656E-04   1.6142889E-04   1.4427237E-04   1.4209202E-04   1.5987207E-04   2.0528686E-04   2.8620544E-04   3.2938278E-04   6.4976943E-05   0.0000000E+00   0.0000000E+00   0.0000000E+00   0.0000000E+00   0.0000000E+00   0.0000000E+00   0.0000000E+00
   0.0000000E+00   0.0000000E+00   0.0000000E+00   0.0000000E+00   1.3460056E-12   1.7229948E-09   8.3432909E-07   1.5252948E-04   3.0313224E-04   4.5119900E-04   5.7969675E-04   6.9076322E-04   8.0085252E-04   9.0993052E-04   1.0179489E-03   1.1248099E-03   1.2305172E-03   1.3349348E-03   1.4381479E-03   1.5394256E-03   1.6387366E-03   1.7374274E-03   1.8323103E-03   1.9240465E-03   2.0146930E-03   2.1007618E-03   2.1845564E-03   2.2581513E-03   2.3272804E-03   2.3880616E-03   2.4381362E-03   2.4690349E-03   2.5088685E-03   2.5024606E-03   2.4841085E-03   2.4403149E-03   2.3680226E-03   2.2643922E-03   2.1325236E-03   1.9726046E-03   1.7826801E-03   1.5734984E-03   1.3672782E-03   1.1892461E-03   1.0031910E-03   8.2440697E-04   6.8635712E-04   5.6119686E-04   4.5599145E-04   3.5365375E-04   2.2842358E-04   6.9280623E-05   0.0000000E+00   0.0000000E+00   0.0000000E+00   0.0000000E+00   0.0000000E+00   0.0000000E+00   0.0000000E+00   0.0000000E+00   0.0000000E+00   0.0000000E+00   0.0000000E+00   0.0000000E+00   0.0000000E+00   0.0000000E+00   0.0000000E+00   0.0000000E+00   0.0000000E+00   0.0000000E+00   0.0000000E+00   0.0000000E+00   0.0000000E+00   0.0000000E+00   0.0000000E+00   0.0000000E+00   0.0000000E+00   0.0000000E+00   0.0000000E+00   8.5108733E-12   6.9060626E-09   4.7779670E-06   4.8768753E-05   7.5127014E-05   7.0186465E-05   6.1095016E-05   5.3700582E-05   5.8006243E-05   7.7276420E-05   1.1771316E-04   1.8654381E-04   2.1663121E-04   0.0000000E+00   0.0000000E+00   0.0000000E+00   0.0000000E+00   0.0000000E+00   0.0000000E+00   0.0000000E+00   0.0000000E+00
   0.0000000E+00   0.0000000E+00   0.0000000E+00   0.0000000E+00   2.9843568E-12   2.1687348E-09   1.0137988E-06   1.5291925E-04   3.0366879E-04   4.5176706E-04   5.8024975E-04   6.9136059E-04   8.0148105E-04   9.1057403E-04   1.0185864E-03   1.1254078E-03   1.2310471E-03   1.3353456E-03   1.4383992E-03   1.5393710E-03   1.6382182E-03   1.7364604E-03   1.8304295E-03   1.9208377E-03   2.0100065E-03   2.0938370E-03   2.1749126E-03   2.2438068E-03   2.3070450E-03   2.3598229E-03   2.3990412E-03   2.4141970E-03   2.4387461E-03   2.4062867E-03   2.3581107E-03   2.2786376E-03   2.1656410E-03   2.0184278E-03   1.8433683E-03   1.6456645E-03   1.4295534E-03   1.2042602E-03   1.0130709E-03   8.4488986E-04   6.8821672E-04   5.4844710E-04   4.4769461E-04   3.5823174E-04   2.7405279E-04   1.5816096E-04   0.0000000E+00   0.0000000E+00   0.0000000E+00   0.0000000E+00   0.0000000E+00   0.0000000E+00   0.0000000E+00   0.0000000E+00   0.0000000E+00   0.0000000E+00   0.0000000E+00   0.0000000E+00   0.0000000E+00   0.0000000E+00   0.0000000E+00   0.0000000E+00   0.0000000E+00   0.0000000E+00   0.0000000E+00   0.0000000E+00   0.0000000E+00   0.0000000E+00   0.0000000E+00   0.0000000E+00   0.0000000E+00   0.0000000E+00   0.0000000E+00   0.0000000E+00   0.0000000E+00   0.0000000E+00   0.0000000E+00   0.0000000E+00   0.0000000E+00   0.0000000E+00   0.0000000E+00   0.0000000E+00   2.0887109E-10   6.6091854E-08   1.7777748E-05   5.2924453E-05   1.0877822E-04   1.2228671E-04   0.0000000E+00   0.0000000E+00   0.0000000E+00   0.0000000E+00   0.0000000E+00   0.0000000E+00   0.0000000E+00   0.0000000E+00
   0.0000000E+00   0.0000000E+00   0.0000000E+00   0.0000000E+00   3.6460183E-12   2.6167278E-09   1.1935478E-06   1.5330987E-04   3.0420590E-04   4.5233524E-04   5.8080273E-04   6.9195723E-04   8.0210758E-04   9.1121328E-04   1.0192157E-03   1.1259904E-03   1.2315517E-03   1.3357147E-03   1.4385861E-03   1.5392088E-03   1.6375229E-03   1.7352383E-03   1.8281369E-03   1.9169729E-03   2.0043527E-03   2.0854521E-03   2.1631461E-03   2.2262048E-03   2.2820116E-03   2.3246074E-03   2.3499423E-03   2.3450707E-03   2.3497538E-03   2.2848130E-03   2.2002472E-03   2.0791916E-03   1.9220274E-03   1.7325439E-03   1.5225132E-03   1.3030002E-03   1.0773663E-03   8.7605276E-04   7.1058465E-04   5.7259938E-04   4.5513912E-04   3.5587146E-04   2.8639665E-04   2.1412561E-04   1.0819220E-04   0.0000000E+00   0.0000000E+00   0.0000000E+00   0.0000000E+00   0.0000000E+00   0.0000000E+00   0.0000000E+00   0.0000000E+00   0.0000000E+00   0.0000000E+00   0.0000000E+00   0.0000000E+00   0.0000000E+00   0.0000000E+00   0.0000000E+00   0.0000000E+00   0.0000000E+00   0.0000000E+00   0.0000000E+00   0.0000000E+00   0.0000000E+00   0.0000000E+00   0.0000000E+00   0.0000000E+00   0.0000000E+00   0.0000000E+00   0.0000000E+00   0.0000000E+00   0.0000000E+00   0.0000000E+00   0.0000000E+00   0.0000000E+00   0.0000000E+00   0.0000000E+00   0.0000000E+00   0.0000000E+00   0.0000000E+00   0.0000000E+00   9.0556495E-12   6.9903527E-09   4.5985063E-06   4.6889541E-05   4.4227147E-05   0.0000000E+00   0.0000000E+00   0.0000000E+00   0.0000000E+00   0.0000000E+00   0.0000000E+00   0.0000000E+00   0.0000000E+00
   0.0000000E+00   0.0000000E+00   0.0000000E+00   0.0000000E+00   5.5089999E-12   3.0646312E-09   1.3735786E-06   1.5370135E-04   3.0474354E-04   4.5290350E-04   5.8135565E-04   6.9255308E-04   8.0273193E-04   9.1184791E-04   1.0198362E-03   1.1265563E-03   1.2320285E-03   1.3360376E-03   1.4387008E-03   1.5389244E-03   1.6366249E-03   1.7337196E-03   1.8253603E-03   1.9123278E-03   1.9975322E-03   2.0752828E-03   2.1487504E-03   2.2045304E-03   2.2509273E-03   2.2805437E-03   2.2881472E-03   2.2579886E-03   2.2372914E-03   2.1330390E-03   2.0063095E-03   1.8407272E-03   1.6418651E-03   1.4202902E-03   1.1935756E-03   9.7088452E-04   7.7494539E-04   6.0729117E-04   4.7905475E-04   3.7764404E-04   2.9634380E-04   2.2800682E-04   1.6950091E-04   6.7900438E-05   0.0000000E+00   0.0000000E+00   0.0000000E+00   0.0000000E+00   0.0000000E+00   0.0000000E+00   0.0000000E+00   0.0000000E+00   0.0000000E+00   0.0000000E+00   0.0000000E+00   0.0000000E+00   0.0000000E+00   0.0000000E+00   0.0000000E+00   0.0000000E+00   0.0000000E+00   0.0000000E+00   0.0000000E+00   0.0000000E+00   0.0000000E+00   0.0000000E+00   0.0000000E+00   0.0000000E+00   0.0000000E+00   0.0000000E+00   0.0000000E+00   0.0000000E+00   0.0000000E+00   0.0000000E+00   0.0000000E+00   0.0000000E+00   0.0000000E+00   0.0000000E+00   0.0000000E+00   0.0000000E+00   0.0000000E+00   0.0000000E+00   0.0000000E+00   0.0000000E+00   8.2718061E-25   0.0000000E+00   0.0000000E+00   0.0000000E+00   0.0000000E+00   0.0000000E+00   0.0000000E+00   0.0000000E+00   0.0000000E+00   0.0000000E+00   0.0000000E+00   0.0000000E+00
   0.0000000E+00   0.0000000E+00   0.0000000E+00   0.0000000E+00   6.3653223E-12   3.5146045E-09   1.5538937E-06   1.5409369E-04   3.0528172E-04   4.5347185E-04   5.8190848E-04   6.9314805E-04   8.0335391E-04   9.1247753E-04   1.0204470E-03   1.1271039E-03   1.2324745E-03   1.3363089E-03   1.4387340E-03   1.5385008E-03   1.6354933E-03   1.7318545E-03   1.8220119E-03   1.9067492E-03   1.9892952E-03   2.0629184E-03   2.1310769E-03   2.1777366E-03   2.2121827E-03   2.2252520E-03   2.2103236E-03   2.1487024E-03   2.0965012E-03   1.9469621E-03   1.7753599E-03   1.5685088E-03   1.3395063E-03   1.1057494E-03   8.8229006E-04   6.9324796E-04   5.3431513E-04   4.0738212E-04   3.1661124E-04   2.4700958E-04   1.9117446E-04   1.3178103E-04   3.4103807E-05   0.0000000E+00   0.0000000E+00   0.0000000E+00   0.0000000E+00   0.0000000E+00   0.0000000E+00   0.0000000E+00   0.0000000E+00   0.0000000E+00   0.0000000E+00   0.0000000E+00   0.0000000E+00   0.0000000E+00   0.0000000E+00   0.0000000E+00   0.0000000E+00   0.0000000E+00   0.0000000E+00   0.0000000E+00   0.0000000E+00   0.0000000E+00   0.0000000E+00   0.0000000E+00   0.0000000E+00   0.0000000E+00   0.0000000E+00   0.0000000E+00   0.0000000E+00   0.0000000E+00   0.0000000E+00   0.0000000E+00   0.0000000E+00   0.0000000E+00   0.0000000E+00   0.0000000E+00   0.0000000E+00   0.0000000E+00   0.0000000E+00   0.0000000E+00   0.0000000E+00   0.0000000E+00   0.0000000E+00   0.0000000E+00   0.0000000E+00   0.0000000E+00   0.0000000E+00   0.0000000E+00   0.0000000E+00   0.0000000E+00   0.0000000E+00   0.0000000E+00   0.0000000E+00   0.0000000E+00
   0.0000000E+00   0.0000000E+00   0.0000000E+00   0.0000000E+00   7.2243093E-12   3.9655924E-09   1.7344955E-06   1.5448690E-04   3.0582043E-04   4.5404026E-04   5.8246117E-04   6.9374204E-04   8.0397333E-04   9.1310170E-04   1.0210473E-03   1.1276313E-03   1.2328865E-03   1.3365225E-03   1.4386750E-03   1.5379183E-03   1.6340917E-03   1.7295830E-03   1.8179842E-03   1.9000471E-03   1.9793270E-03   2.0478353E-03   2.1092902E-03   2.1444745E-03   2.1637185E-03   2.1557539E-03   2.1125066E-03   2.0127366E-03   1.9232330E-03   1.7256112E-03   1.5127030E-03   1.2769958E-03   1.0387535E-03   8.1335763E-04   6.2731729E-04   4.7703721E-04   3.5858699E-04   2.6936265E-04   2.0854242E-04   1.6015551E-04   1.0713973E-04   2.6444582E-06   0.0000000E+00   0.0000000E+00   0.0000000E+00   0.0000000E+00   0.0000000E+00   0.0000000E+00   0.0000000E+00   0.0000000E+00   0.0000000E+00   0.0000000E+00   0.0000000E+00   0.0000000E+00   0.0000000E+00   0.0000000E+00   0.0000000E+00   0.0000000E+00   0.0000000E+00   0.0000000E+00   0.0000000E+00   0.0000000E+00   0.0000000E+00   0.0000000E+00   0.0000000E+00   0.0000000E+00   0.0000000E+00   0.0000000E+00   0.0000000E+00   0.0000000E+00   0.0000000E+00   0.0000000E+00   0.0000000E+00   0.0000000E+00   0.0000000E+00   0.0000000E+00   0.0000000E+00   0.0000000E+00   0.0000000E+00   0.0000000E+00   0.0000000E+00   0.0000000E+00   0.0000000E+00   0.0000000E+00   0.0000000E+00   0.0000000E+00   0.0000000E+00   0.0000000E+00   0.0000000E+00   0.0000000E+00   0.0000000E+00   0.0000000E+00   0.0000000E+00   0.0000000E+00   0.0000000E+00   0.0000000E+00
   0.0000000E+00   0.0000000E+00   0.0000000E+00   0.0000000E+00   8.0858310E-12   4.4175761E-09   1.9153862E-06   1.5488096E-04   3.0635967E-04   4.5460873E-04   5.8301369E-04   6.9433495E-04   8.0458994E-04   9.1371995E-04   1.0216361E-03   1.1281366E-03   1.2332607E-03   1.3366715E-03   1.4385116E-03   1.5371533E-03   1.6323761E-03   1.7268318E-03   1.8131441E-03   1.8919831E-03   1.9672278E-03   2.0293608E-03   2.0823083E-03   2.1030059E-03   2.1029258E-03   2.0684330E-03   1.9903154E-03   1.8462607E-03   1.7158580E-03   1.4738299E-03   1.2323139E-03   9.8918479E-04   7.6250385E-04   5.7722989E-04   4.3170680E-04   3.2108136E-04   2.3814397E-04   1.7800375E-04   1.3577981E-04   8.5008990E-05   0.0000000E+00   0.0000000E+00   0.0000000E+00   0.0000000E+00   0.0000000E+00   0.0000000E+00   0.0000000E+00   0.0000000E+00   0.0000000E+00   0.0000000E+00   0.0000000E+00   0.0000000E+00   0.0000000E+00   0.0000000E+00   0.0000000E+00   0.0000000E+00   0.0000000E+00   0.0000000E+00   0.0000000E+00   0.0000000E+00   0.0000000E+00   0.0000000E+00   0.0000000E+00   0.0000000E+00   0.0000000E+00   0.0000000E+00   0.0000000E+00   0.0000000E+00   0.0000000E+00   0.0000000E+00   0.0000000E+00   0.0000000E+00   0.0000000E+00   0.0000000E+00   0.0000000E+00   0.0000000E+00   0.0000000E+00   0.0000000E+00   0.0000000E+00   0.0000000E+00   0.0000000E+00   0.0000000E+00   0.0000000E+00   0.0000000E+00   0.0000000E+00   0.0000000E+00   0.0000000E+00   0.0000000E+00   0.0000000E+00   0.0000000E+00   0.0000000E+00   0.0000000E+00   0.0000000E+00   0.0000000E+00   0.0000000E+00   0.0000000E+00
   0.0000000E+00   0.0000000E+00   0.0000000E+00   0.0000000E+00   8.9498113E-12   4.8705462E-09   2.0965682E-06   1.5527588E-04   3.0689943E-04   4.5517723E-04   5.8356599E-04   6.9492667E-04   8.0520352E-04   9.1433176E-04   1.0222123E-03   1.1286175E-03   1.2335929E-03   1.3367477E-03   1.4382292E-03   1.5361779E-03   1.6302940E-03   1.7235110E-03   1.8073264E-03   1.8822566E-03   1.9524847E-03   2.0066246E-03   2.0487253E-03   2.0511032E-03   2.0265715E-03   1.9591449E-03   1.8395963E-03   1.6477271E-03   1.4778848E-03   1.2046017E-03   9.5606213E-04   7.2648382E-04   5.4124284E-04   3.9776100E-04   2.9166683E-04   2.1452058E-04   1.5827235E-04   1.1559921E-04   6.5827472E-05   0.0000000E+00   0.0000000E+00   0.0000000E+00   0.0000000E+00   0.0000000E+00   0.0000000E+00   0.0000000E+00   0.0000000E+00   0.0000000E+00   0.0000000E+00   0.0000000E+00   0.0000000E+00   0.0000000E+00   0.0000000E+00   0.0000000E+00   0.0000000E+00   0.0000000E+00   0.0000000E+00   0.0000000E+00   0.0000000E+00   0.0000000E+00   0.0000000E+00   0.0000000E+00   0.0000000E+00   0.0000000E+00   0.0000000E+00   0.0000000E+00   0.0000000E+00   0.0000000E+00   0.0000000E+00   0.0000000E+00   0.0000000E+00   0.0000000E+00   0.0000000E+00   0.0000000E+00   0.0000000E+00   0.0000000E+00   0.0000000E+00   0.0000000E+00   0.0000000E+00   0.0000000E+00   0.0000000E+00   0.0000000E+00   0.0000000E+00   0.0000000E+00   0.0000000E+00   0.0000000E+00   0.0000000E+00   0.0000000E+00   0.0000000E+00   0.0000000E+00   0.0000000E+00   0.0000000E+00   0.0000000E+00   0.0000000E+00   0.0000000E+00   0.0000000E+00
   0.0000000E+00   0.0000000E+00   0.0000000E+00   0.0000000E+00   1.0881829E-11   5.3234233E-09   2.2780435E-06   1.5567166E-04   3.0743970E-04   4.5574574E-04   5.8411801E-04   6.9551708E-04   8.0581378E-04   9.1493655E-04   1.0227747E-03   1.1290715E-03   1.2338782E-03   1.3367418E-03   1.4378106E-03   1.5349589E-03   1.6277811E-03   1.7195094E-03   1.8003228E-03   1.8704837E-03   1.9344343E-03   1.9784939E-03   2.0067127E-03   1.9859473E-03   1.9308135E-03   1.8236566E-03   1.6577683E-03   1.4202615E-03   1.2204017E-03   9.3844342E-04   7.0409211E-04   5.1667658E-04   3.7381740E-04   2.6975077E-04   1.9603521E-04   1.4352317E-04   1.0241262E-04   4.7918462E-05   0.0000000E+00   0.0000000E+00   0.0000000E+00   0.0000000E+00   0.0000000E+00   0.0000000E+00   0.0000000E+00   0.0000000E+00   0.0000000E+00   0.0000000E+00   0.0000000E+00   0.0000000E+00   0.0000000E+00   0.0000000E+00   0.0000000E+00   0.0000000E+00   0.0000000E+00   0.0000000E+00   0.0000000E+00   0.0000000E+00   0.0000000E+00   0.0000000E+00   0.0000000E+00   0.0000000E+00   0.0000000E+00   0.0000000E+00   0.0000000E+00   0.0000000E+00   0.0000000E+00   0.0000000E+00   0.0000000E+00   0.0000000E+00   0.0000000E+00   0.0000000E+00   0.0000000E+00   0.0000000E+00   0.0000000E+00   0.0000000E+00   0.0000000E+00   0.0000000E+00   0.0000000E+00   0.0000000E+00   0.0000000E+00   0.0000000E+00   0.0000000E+00   0.0000000E+00   0.0000000E+00   0.0000000E+00   0.0000000E+00   0.0000000E+00   0.0000000E+00   0.0000000E+00   0.0000000E+00   0.0000000E+00   0.0000000E+00   0.0000000E+00   0.0000000E+00   0.0000000E+00
   0.0000000E+00   0.0000000E+00   0.0000000E+00   0.0000000E+00   1.1846752E-11   5.7782620E-09   2.4598144E-06   1.5606830E-04   3.0798047E-04   4.5631426E-04   5.8466971E-04   6.9610605E-04   8.0642045E-04   9.1553369E-04   1.0233220E-03   1.1294956E-03   1.2341110E-03   1.3366428E-03   1.4372356E-03   1.5334559E-03   1.6247589E-03   1.7146879E-03   1.7918691E-03   1.8561699E-03   1.9122106E-03   1.9434872E-03   1.9539042E-03   1.9040706E-03   1.8114504E-03   1.6586860E-03   1.4460143E-03   1.1739703E-03   9.6208993E-04   6.9449428E-04   5.0243089E-04   3.5794650E-04   2.5445547E-04   1.8223687E-04   1.3195360E-04   9.2314149E-05   3.3425535E-05   0.0000000E+00   0.0000000E+00   0.0000000E+00   0.0000000E+00   0.0000000E+00   0.0000000E+00   0.0000000E+00   0.0000000E+00   0.0000000E+00   0.0000000E+00   0.0000000E+00   0.0000000E+00   0.0000000E+00   0.0000000E+00   0.0000000E+00   0.0000000E+00   0.0000000E+00   0.0000000E+00   0.0000000E+00   0.0000000E+00   0.0000000E+00   0.0000000E+00   0.0000000E+00   0.0000000E+00   0.0000000E+00   0.0000000E+00   0.0000000E+00   0.0000000E+00   0.0000000E+00   0.0000000E+00   0.0000000E+00   0.0000000E+00   0.0000000E+00   0.0000000E+00   0.0000000E+00   0.0000000E+00   0.0000000E+00   0.0000000E+00   0.0000000E+00   0.0000000E+00   0.0000000E+00   0.0000000E+00   0.0000000E+00   0.0000000E+00   0.0000000E+00   0.0000000E+00   0.0000000E+00   0.0000000E+00   0.0000000E+00   0.0000000E+00   0.0000000E+00   0.0000000E+00   0.0000000E+00   0.0000000E+00   0.0000000E+00   0.0000000E+00   0.0000000E+00   0.0000000E+00   0.0000000E+00
   0.0000000E+00   0.0000000E+00   0.0000000E+00   0.0000000E+00   1.2814317E-11   6.2340856E-09   2.6418830E-06   1.5646579E-04   3.0852175E-04   4.5688275E-04   5.8522102E-04   6.9669344E-04   8.0702318E-04   9.1612246E-04   1.0238526E-03   1.1298866E-03   1.2342848E-03   1.3364380E-03   1.4364799E-03   1.5316204E-03   1.6211304E-03   1.7088708E-03   1.7816253E-03   1.8386703E-03   1.8846731E-03   1.8996653E-03   1.8872825E-03   1.8014408E-03   1.6646467E-03   1.4637804E-03   1.2118061E-03   9.2612878E-04   7.2140170E-04   4.9788763E-04   3.4932207E-04   2.4453454E-04   1.7264514E-04   1.2323385E-04   8.3962167E-05   1.9700493E-05   0.0000000E+00   0.0000000E+00   0.0000000E+00   0.0000000E+00   0.0000000E+00   0.0000000E+00   0.0000000E+00   0.0000000E+00   0.0000000E+00   0.0000000E+00   0.0000000E+00   0.0000000E+00   0.0000000E+00   0.0000000E+00   0.0000000E+00   0.0000000E+00   0.0000000E+00   0.0000000E+00   0.0000000E+00   0.0000000E+00   0.0000000E+00   0.0000000E+00   0.0000000E+00   0.0000000E+00   0.0000000E+00   0.0000000E+00   0.0000000E+00   0.0000000E+00   0.0000000E+00   0.0000000E+00   0.0000000E+00   0.0000000E+00   0.0000000E+00   0.0000000E+00   0.0000000E+00   0.0000000E+00   0.0000000E+00   0.0000000E+00   0.0000000E+00   0.0000000E+00   0.0000000E+00   0.0000000E+00   0.0000000E+00   0.0000000E+00   0.0000000E+00   0.0000000E+00   0.0000000E+00   0.0000000E+00   0.0000000E+00   0.0000000E+00   0.0000000E+00   0.0000000E+00   0.0000000E+00   0.0000000E+00   0.0000000E+00   0.0000000E+00   0.0000000E+00   0.0000000E+00   0.0000000E+00   0.0000000E+00
   0.0000000E+00   0.0000000E+00   0.0000000E+00   0.0000000E+00   1.3784520E-11   6.6908975E-09   2.8242515E-06   1.5686415E-04   3.0906351E-04   4.5745119E-04   5.8577189E-04   6.9727910E-04   8.0762163E-04   9.1670207E-04   1.0243649E-03   1.1302406E-03   1.2343922E-03   1.3361121E-03   1.4355143E-03   1.5293924E-03   1.6167743E-03   1.7018332E-03   1.7691487E-03   1.8171345E-03   1.8503092E-03   1.8445036E-03   1.8031266E-03   1.6738860E-03   1.4884290E-03   1.2438295E-03   9.7006684E-04   6.9722116E-04   5.2037816E-04   3.4777292E-04   2.3944307E-04   1.6651002E-04   1.1711570E-04   7.7054744E-05   5.6980382E-06   0.0000000E+00   0.0000000E+00   0.0000000E+00   0.0000000E+00   0.0000000E+00   0.0000000E+00   0.0000000E+00   0.0000000E+00   0.0000000E+00   0.0000000E+00   0.0000000E+00   0.0000000E+00   0.0000000E+00   0.0000000E+00   0.0000000E+00   0.0000000E+00   0.0000000E+00   0.0000000E+00   0.0000000E+00   0.0000000E+00   0.0000000E+00   0.0000000E+00   0.0000000E+00   0.0000000E+00   0.0000000E+00   0.0000000E+00   0.0000000E+00   0.0000000E+00   0.0000000E+00   0.0000000E+00   0.0000000E+00   0.0000000E+00   0.0000000E+00   0.0000000E+00   0.0000000E+00   0.0000000E+00   0.0000000E+00   0.0000000E+00   0.0000000E+00   0.0000000E+00   0.0000000E+00   0.0000000E+00   0.0000000E+00   0.0000000E+00   0.0000000E+00   0.0000000E+00   0.0000000E+00   0.0000000E+00   0.0000000E+00   0.0000000E+00   0.0000000E+00   0.0000000E+00   0.0000000E+00   0.0000000E+00   0.0000000E+00   0.0000000E+00   0.0000000E+00   0.0000000E+00   0.0000000E+00   0.0000000E+00   0.0000000E+00
   0.0000000E+00   0.0000000E+00   0.0000000E+00   0.0000000E+00   1.4757364E-11   7.1487027E-09   3.0069218E-06   1.5726335E-04   3.0960576E-04   4.5801956E-04   5.8632223E-04   6.9786285E-04   8.0821533E-04   9.1727172E-04   1.0248569E-03   1.1305534E-03   1.2344243E-03   1.3356471E-03   1.4343033E-03   1.5266980E-03   1.6115371E-03   1.6932837E-03   1.7538544E-03   1.7904272E-03   1.8071062E-03   1.7747750E-03   1.6971591E-03   1.5181629E-03   1.2850197E-03   1.0109222E-03   7.3759566E-04   5.0681306E-04   3.6502255E-04   2.3938737E-04   1.6349909E-04   1.1315546E-04   7.1403651E-05   0.0000000E+00   0.0000000E+00   0.0000000E+00   0.0000000E+00   0.0000000E+00   0.0000000E+00   0.0000000E+00   0.0000000E+00   0.0000000E+00   0.0000000E+00   0.0000000E+00   0.0000000E+00   0.0000000E+00   0.0000000E+00   0.0000000E+00   0.0000000E+00   0.0000000E+00   0.0000000E+00   0.0000000E+00   0.0000000E+00   0.0000000E+00   0.0000000E+00   0.0000000E+00   0.0000000E+00   0.0000000E+00   0.0000000E+00   0.0000000E+00   0.0000000E+00   0.0000000E+00   0.0000000E+00   0.0000000E+00   0.0000000E+00   0.0000000E+00   0.0000000E+00   0.0000000E+00   0.0000000E+00   0.0000000E+00   0.0000000E+00   0.0000000E+00   0.0000000E+00   0.0000000E+00   0.0000000E+00   0.0000000E+00   0.0000000E+00   0.0000000E+00   0.0000000E+00   0.0000000E+00   0.0000000E+00   0.0000000E+00   0.0000000E+00   0.0000000E+00   0.0000000E+00   0.0000000E+00   0.0000000E+00   0.0000000E+00   0.0000000E+00   0.0000000E+00   0.0000000E+00   0.0000000E+00   0.0000000E+00   0.0000000E+00   0.0000000E+00   0.0000000E+00
   0.0000000E+00   0.0000000E+00   0.0000000E+00   0.0000000E+00   1.5732857E-11   7.6075065E-09   3.1898960E-06   1.5766342E-04   3.1014849E-04   4.5858784E-04   5.8687199E-04   6.9844451E-04   8.0880363E-04   9.1783062E-04   1.0253264E-03   1.1308200E-03   1.2343708E-03   1.3350215E-03   1.4328035E-03   1.5234445E-03   1.6052224E-03   1.6828381E-03   1.7349569E-03   1.7570173E-03   1.7523962E-03   1.6865266E-03   1.5651581E-03   1.3339331E-03   1.0632079E-03   7.8018479E-04   5.4014536E-04   3.5761800E-04   2.5196120E-04   1.6414303E-04   1.1114944E-04   6.6654272E-05   0.0000000E+00   0.0000000E+00   0.0000000E+00   0.0000000E+00   0.0000000E+00   0.0000000E+00   0.0000000E+00   0.0000000E+00   0.0000000E+00   0.0000000E+00   0.0000000E+00   0.0000000E+00   0.0000000E+00   0.0000000E+00   0.0000000E+00   0.0000000E+00   0.0000000E+00   0.0000000E+00   0.0000000E+00   0.0000000E+00   0.0000000E+00   0.0000000E+00   0.0000000E+00   0.0000000E+00   0.0000000E+00   0.0000000E+00   0.0000000E+00   0.0000000E+00   0.0000000E+00   0.0000000E+00   0.0000000E+00   0.0000000E+00   0.0000000E+00   0.0000000E+00   0.0000000E+00   0.0000000E+00   0.0000000E+00   0.0000000E+00   0.0000000E+00   0.0000000E+00   0.0000000E+00   0.0000000E+00   0.0000000E+00   0.0000000E+00   0.0000000E+00   0.0000000E+00   0.0000000E+00   0.0000000E+00   0.0000000E+00   0.0000000E+00   0.0000000E+00   0.0000000E+00   0.0000000E+00   0.0000000E+00   0.0000000E+00   0.0000000E+00   0.0000000E+00   0.0000000E+00   0.0000000E+00   0.0000000E+00   0.0000000E+00   0.0000000E+00   0.0000000E+00   0.0000000E+00
   0.0000000E+00   0.0000000E+00   0.0000000E+00   0.0000000E+00   1.6711011E-11   8.0673150E-09   3.3731762E-06   1.5806434E-04   3.1069168E-04   4.5915599E-04   5.8742107E-04   6.9902388E-04   8.0938604E-04   9.1837767E-04   1.0257708E-03   1.1310346E-03   1.2342195E-03   1.3342091E-03   1.4309610E-03   1.5195139E-03   1.5975738E-03   1.6699812E-03   1.7113842E-03   1.7148249E-03   1.6827112E-03   1.5753438E-03   1.4043994E-03   1.1263459E-03   8.3570955E-04   5.7828867E-04   3.8258797E-04   2.4776348E-04   1.7301490E-04   1.1344893E-04   6.2603617E-05   0.0000000E+00   0.0000000E+00   0.0000000E+00   0.0000000E+00   0.0000000E+00   0.0000000E+00   0.0000000E+00   0.0000000E+00   0.0000000E+00   0.0000000E+00   0.0000000E+00   0.0000000E+00   0.0000000E+00   0.0000000E+00   0.0000000E+00   0.0000000E+00   0.0000000E+00   0.0000000E+00   0.0000000E+00   0.0000000E+00   0.0000000E+00   0.0000000E+00   0.0000000E+00   0.0000000E+00   0.0000000E+00   0.0000000E+00   0.0000000E+00   0.0000000E+00   0.0000000E+00   0.0000000E+00   0.0000000E+00   0.0000000E+00   0.0000000E+00   0.0000000E+00   0.0000000E+00   0.0000000E+00   0.0000000E+00   0.0000000E+00   0.0000000E+00   0.0000000E+00   0.0000000E+00   0.0000000E+00   0.0000000E+00   0.0000000E+00   0.0000000E+00   0.0000000E+00   0.0000000E+00   0.0000000E+00   0.0000000E+00   0.0000000E+00   0.0000000E+00   0.0000000E+00   0.0000000E+00   0.0000000E+00   0.0000000E+00   0.0000000E+00   0.0000000E+00   0.0000000E+00   0.0000000E+00   0.0000000E+00   0.0000000E+00   0.0000000E+00   0.0000000E+00   0.0000000E+00   0.0000000E+00
   0.0000000E+00   0.0000000E+00   0.0000000E+00   0.0000000E+00   1.7691839E-11   8.5281345E-09   3.5567644E-06   1.5846611E-04   3.1123533E-04   4.5972399E-04   5.8796939E-04   6.9960072E-04   8.0996196E-04   9.1891166E-04   1.0261873E-03   1.1311904E-03   1.2339558E-03   1.3331777E-03   1.4287081E-03   1.5147544E-03   1.5882514E-03   1.6540073E-03   1.6816488E-03   1.6610306E-03   1.5937584E-03   1.4372436E-03   1.2160950E-03   9.0780358E-04   6.2612957E-04   4.1288723E-04   2.6507595E-04   1.7047955E-04   1.1973661E-04   8.1671505E-05   0.0000000E+00   0.0000000E+00   0.0000000E+00   0.0000000E+00   0.0000000E+00   0.0000000E+00   0.0000000E+00   0.0000000E+00   0.0000000E+00   0.0000000E+00   0.0000000E+00   0.0000000E+00   0.0000000E+00   0.0000000E+00   0.0000000E+00   0.0000000E+00   0.0000000E+00   0.0000000E+00   0.0000000E+00   0.0000000E+00   0.0000000E+00   0.0000000E+00   0.0000000E+00   0.0000000E+00   0.0000000E+00   0.0000000E+00   0.0000000E+00   0.0000000E+00   0.0000000E+00   0.0000000E+00   0.0000000E+00   0.0000000E+00   0.0000000E+00   0.0000000E+00   0.0000000E+00   0.0000000E+00   0.0000000E+00   0.0000000E+00   0.0000000E+00   0.0000000E+00   0.0000000E+00   0.0000000E+00   0.0000000E+00   0.0000000E+00   0.0000000E+00   0.0000000E+00   0.0000000E+00   0.0000000E+00   0.0000000E+00   0.0000000E+00   0.0000000E+00   0.0000000E+00   0.0000000E+00   0.0000000E+00   0.0000000E+00   0.0000000E+00   0.0000000E+00   0.0000000E+00   0.0000000E+00   0.0000000E+00   0.0000000E+00   0.0000000E+00   0.0000000E+00   0.0000000E+00   0.0000000E+00   0.0000000E+00
   0.0000000E+00   0.0000000E+00   0.0000000E+00   0.0000000E+00   1.8675357E-11   8.9899718E-09   3.7406625E-06   1.5886873E-04   3.1177942E-04   4.6029180E-04   5.8851685E-04   7.0017478E-04   8.1053075E-04   9.1943117E-04   1.0265725E-03   1.1312793E-03   1.2335620E-03   1.3318880E-03   1.4259584E-03   1.5089661E-03   1.5767942E-03   1.6339289E-03   1.6436605E-03   1.5918876E-03   1.4807798E-03   1.2705757E-03   1.0080562E-03   6.9378762E-04   4.5201577E-04   2.8700648E-04   1.8183738E-04   1.1800262E-04   8.5998635E-05   6.7141975E-05   0.0000000E+00   0.0000000E+00   0.0000000E+00   0.0000000E+00   0.0000000E+00   0.0000000E+00   0.0000000E+00   0.0000000E+00   0.0000000E+00   0.0000000E+00   0.0000000E+00   0.0000000E+00   0.0000000E+00   0.0000000E+00   0.0000000E+00   0.0000000E+00   0.0000000E+00   0.0000000E+00   0.0000000E+00   0.0000000E+00   0.0000000E+00   0.0000000E+00   0.0000000E+00   0.0000000E+00   0.0000000E+00   0.0000000E+00   0.0000000E+00   0.0000000E+00   0.0000000E+00   0.0000000E+00   0.0000000E+00   0.0000000E+00   0.0000000E+00   0.0000000E+00   0.0000000E+00   0.0000000E+00   0.0000000E+00   0.0000000E+00   0.0000000E+00   0.0000000E+00   0.0000000E+00   0.0000000E+00   0.0000000E+00   0.0000000E+00   0.0000000E+00   0.0000000E+00   0.0000000E+00   0.0000000E+00   0.0000000E+00   0.0000000E+00   0.0000000E+00   0.0000000E+00   0.0000000E+00   0.0000000E+00   0.0000000E+00   0.0000000E+00   0.0000000E+00   0.0000000E+00   0.0000000E+00   0.0000000E+00   0.0000000E+00   0.0000000E+00   0.0000000E+00   0.0000000E+00   0.0000000E+00   0.0000000E+00
   0.0000000E+00   0.0000000E+00   0.0000000E+00   0.0000000E+00   1.9661582E-11   9.4528336E-09   3.9248726E-06   1.5927220E-04   3.1232395E-04   4.6085938E-04   5.8906334E-04   7.0074579E-04   8.1109169E-04   9.1993461E-04   1.0269225E-03   1.1312920E-03   1.2330167E-03   1.3302901E-03   1.4225999E-03   1.5018805E-03   1.5625607E-03   1.6083314E-03   1.5944728E-03   1.5026897E-03   1.3397381E-03   1.0788196E-03   7.9280046E-04   5.0853107E-04   3.1606210E-04   1.9666474E-04   1.2508756E-04   8.3701821E-05   6.5959057E-05   6.0727670E-05   0.0000000E+00   0.0000000E+00   0.0000000E+00   0.0000000E+00   0.0000000E+00   0.0000000E+00   0.0000000E+00   0.0000000E+00   0.0000000E+00   0.0000000E+00   0.0000000E+00   0.0000000E+00   0.0000000E+00   0.0000000E+00   0.0000000E+00   0.0000000E+00   0.0000000E+00   0.0000000E+00   0.0000000E+00   0.0000000E+00   0.0000000E+00   0.0000000E+00   0.0000000E+00   0.0000000E+00   0.0000000E+00   0.0000000E+00   0.0000000E+00   0.0000000E+00   0.0000000E+00   0.0000000E+00   0.0000000E+00   0.0000000E+00   0.0000000E+00   0.0000000E+00   0.0000000E+00   0.0000000E+00   0.0000000E+00   0.0000000E+00   0.0000000E+00   0.0000000E+00   0.0000000E+00   0.0000000E+00   0.0000000E+00   0.0000000E+00   0.0000000E+00   0.0000000E+00   0.0000000E+00   0.0000000E+00   0.0000000E+00   0.0000000E+00   0.0000000E+00   0.0000000E+00   0.0000000E+00   0.0000000E+00   0.0000000E+00   0.0000000E+00   0.0000000E+00   0.0000000E+00   0.0000000E+00   0.0000000E+00   0.0000000E+00   0.0000000E+00   0.0000000E+00   0.0000000E+00   0.0000000E+00   0.0000000E+00
   0.0000000E+00   0.0000000E+00   0.0000000E+00   0.0000000E+00   2.0650532E-11   9.9167270E-09   4.1093967E-06   1.5967652E-04   3.1286890E-04   4.6142669E-04   5.8960875E-04   7.0131343E-04   8.1164396E-04   9.2042013E-04   1.0272327E-03   1.1312170E-03   1.2322932E-03   1.3283208E-03   1.4184838E-03   1.4931265E-03   1.5446329E-03   1.5751508E-03   1.5300068E-03   1.3882437E-03   1.1697174E-03   8.7287445E-04   5.9307971E-04   3.5877183E-04   2.1662356E-04   1.3454349E-04   8.7513609E-05   6.1826337E-05   5.4390856E-05   5.8636340E-05   0.0000000E+00   0.0000000E+00   0.0000000E+00   0.0000000E+00   0.0000000E+00   0.0000000E+00   0.0000000E+00   0.0000000E+00   0.0000000E+00   0.0000000E+00   0.0000000E+00   0.0000000E+00   0.0000000E+00   0.0000000E+00   0.0000000E+00   0.0000000E+00   0.0000000E+00   0.0000000E+00   0.0000000E+00   0.0000000E+00   0.0000000E+00   0.0000000E+00   0.0000000E+00   0.0000000E+00   0.0000000E+00   0.0000000E+00   0.0000000E+00   0.0000000E+00   0.0000000E+00   0.0000000E+00   0.0000000E+00   0.0000000E+00   0.0000000E+00   0.0000000E+00   0.0000000E+00   0.0000000E+00   0.0000000E+00   0.0000000E+00   0.0000000E+00   0.0000000E+00   0.0000000E+00   0.0000000E+00   0.0000000E+00   0.0000000E+00   0.0000000E+00   0.0000000E+00   0.0000000E+00   0.0000000E+00   0.0000000E+00   0.0000000E+00   0.0000000E+00   0.0000000E+00   0.0000000E+00   0.0000000E+00   0.0000000E+00   0.0000000E+00   0.0000000E+00   0.0000000E+00   0.0000000E+00   0.0000000E+00   0.0000000E+00   0.0000000E+00   0.0000000E+00   0.0000000E+00   0.0000000E+00   0.0000000E+00
   0.0000000E+00   0.0000000E+00   0.0000000E+00   0.0000000E+00   2.1642226E-11   1.0381659E-08   4.2942366E-06   1.6008169E-04   3.1341426E-04   4.6199370E-04   5.9015294E-04   7.0187736E-04   8.1218663E-04   9.2088559E-04   1.0274977E-03   1.1310405E-03   1.2313585E-03   1.3258976E-03   1.4134076E-03   1.4821749E-03   1.5216580E-03   1.5313517E-03   1.4449356E-03   1.2444126E-03   9.7610820E-04   6.7010931E-04   4.2419603E-04   2.4642094E-04   1.4743972E-04   9.3078738E-05   6.3055666E-05   4.7955128E-05   4.8004151E-05   5.9035113E-05   0.0000000E+00   0.0000000E+00   0.0000000E+00   0.0000000E+00   0.0000000E+00   0.0000000E+00   0.0000000E+00   0.0000000E+00   0.0000000E+00   0.0000000E+00   0.0000000E+00   0.0000000E+00   0.0000000E+00   0.0000000E+00   0.0000000E+00   0.0000000E+00   0.0000000E+00   0.0000000E+00   0.0000000E+00   0.0000000E+00   0.0000000E+00   0.0000000E+00   0.0000000E+00   0.0000000E+00   0.0000000E+00   0.0000000E+00   0.0000000E+00   0.0000000E+00   0.0000000E+00   0.0000000E+00   0.0000000E+00   0.0000000E+00   0.0000000E+00   0.0000000E+00   0.0000000E+00   0.0000000E+00   0.0000000E+00   0.0000000E+00   0.0000000E+00   0.0000000E+00   0.0000000E+00   0.0000000E+00   0.0000000E+00   0.0000000E+00   0.0000000E+00   0.0000000E+00   0.0000000E+00   0.0000000E+00   0.0000000E+00   0.0000000E+00   0.0000000E+00   0.0000000E+00   0.0000000E+00   0.0000000E+00   0.0000000E+00   0.0000000E+00   0.0000000E+00   0.0000000E+00   0.0000000E+00   0.0000000E+00   0.0000000E+00   0.0000000E+00   0.0000000E+00   0.0000000E+00   0.0000000E+00   0.0000000E+00
   0.0000000E+00   0.0000000E+00   0.0000000E+00   0.0000000E+00   2.2636684E-11   1.0847637E-08   4.4793943E-06   1.6048770E-04   3.1396001E-04   4.6256035E-04   5.9069577E-04   7.0243718E-04   8.1271865E-04   9.2132851E-04   1.0277111E-03   1.1307455E-03   1.2301702E-03   1.3229105E-03   1.4070858E-03   1.4682425E-03   1.4915918E-03   1.4725449E-03   1.3331918E-03   1.0710986E-03   7.7244015E-04   4.8890390E-04   2.9312263E-04   1.6699079E-04   1.0093241E-04   6.5881433E-05   4.7173974E-05   3.9117386E-05   4.4884253E-05   6.0931199E-05   0.0000000E+00   0.0000000E+00   0.0000000E+00   0.0000000E+00   0.0000000E+00   0.0000000E+00   0.0000000E+00   0.0000000E+00   0.0000000E+00   0.0000000E+00   0.0000000E+00   0.0000000E+00   0.0000000E+00   0.0000000E+00   0.0000000E+00   0.0000000E+00   0.0000000E+00   0.0000000E+00   0.0000000E+00   0.0000000E+00   0.0000000E+00   0.0000000E+00   0.0000000E+00   0.0000000E+00   0.0000000E+00   0.0000000E+00   0.0000000E+00   0.0000000E+00   0.0000000E+00   0.0000000E+00   0.0000000E+00   0.0000000E+00   0.0000000E+00   0.0000000E+00   0.0000000E+00   0.0000000E+00   0.0000000E+00   0.0000000E+00   0.0000000E+00   0.0000000E+00   0.0000000E+00   0.0000000E+00   0.0000000E+00   0.0000000E+00   0.0000000E+00   0.0000000E+00   0.0000000E+00   0.0000000E+00   0.0000000E+00   0.0000000E+00   0.0000000E+00   0.0000000E+00   0.0000000E+00   0.0000000E+00   0.0000000E+00   0.0000000E+00   0.0000000E+00   0.0000000E+00   0.0000000E+00   0.0000000E+00   0.0000000E+00   0.0000000E+00   0.0000000E+00   0.0000000E+00   0.0000000E+00   0.0000000E+00
   0.0000000E+00   0.0000000E+00   0.0000000E+00   0.0000000E+00   2.3633927E-11   1.1314669E-08   4.6648718E-06   1.6089455E-04   3.1450614E-04   4.6312658E-04   5.9123708E-04   7.0299244E-04   8.1323879E-04   9.2174597E-04   1.0278650E-03   1.1303110E-03   1.2286730E-03   1.3192083E-03   1.3991001E-03   1.4501240E-03   1.4513118E-03   1.3927589E-03   1.1898456E-03   8.7581209E-04   5.7792875E-04   3.4173243E-04   1.9831090E-04   1.1314280E-04   7.0316533E-05   4.8131220E-05   3.6755741E-05   3.3460262E-05   4.3913523E-05   6.3741312E-05   0.0000000E+00   0.0000000E+00   0.0000000E+00   0.0000000E+00   0.0000000E+00   0.0000000E+00   0.0000000E+00   0.0000000E+00   0.0000000E+00   0.0000000E+00   0.0000000E+00   0.0000000E+00   0.0000000E+00   0.0000000E+00   0.0000000E+00   0.0000000E+00   0.0000000E+00   0.0000000E+00   0.0000000E+00   0.0000000E+00   0.0000000E+00   0.0000000E+00   0.0000000E+00   0.0000000E+00   0.0000000E+00   0.0000000E+00   0.0000000E+00   0.0000000E+00   0.0000000E+00   0.0000000E+00   0.0000000E+00   0.0000000E+00   0.0000000E+00   0.0000000E+00   0.0000000E+00   0.0000000E+00   0.0000000E+00   0.0000000E+00   0.0000000E+00   0.0000000E+00   0.0000000E+00   0.0000000E+00   0.0000000E+00   0.0000000E+00   0.0000000E+00   0.0000000E+00   0.0000000E+00   0.0000000E+00   0.0000000E+00   0.0000000E+00   0.0000000E+00   0.0000000E+00   0.0000000E+00   0.0000000E+00   0.0000000E+00   0.0000000E+00   0.0000000E+00   0.0000000E+00   0.0000000E+00   0.0000000E+00   0.0000000E+00   0.0000000E+00   0.0000000E+00   0.0000000E+00   0.0000000E+00   0.0000000E+00
   0.0000000E+00   0.0000000E+00   0.0000000E+00   0.0000000E+00   2.4633975E-11   1.1782761E-08   4.8506709E-06   1.6130224E-04   3.1505263E-04   4.6369235E-04   5.9177669E-04   7.0354266E-04   8.1374565E-04   9.2213448E-04   1.0279500E-03   1.1297101E-03   1.2267929E-03   1.3145740E-03   1.3888075E-03   1.4259006E-03   1.3961310E-03   1.2849476E-03   1.0148147E-03   6.7491413E-04   4.1048482E-04   2.3178466E-04   1.3320532E-04   7.7599231E-05   5.0337538E-05   3.6469252E-05   2.9794787E-05   2.9859150E-05   4.4419256E-05   6.7102469E-05   0.0000000E+00   0.0000000E+00   0.0000000E+00   0.0000000E+00   0.0000000E+00   0.0000000E+00   0.0000000E+00   0.0000000E+00   0.0000000E+00   0.0000000E+00   0.0000000E+00   0.0000000E+00   0.0000000E+00   0.0000000E+00   0.0000000E+00   0.0000000E+00   0.0000000E+00   0.0000000E+00   0.0000000E+00   0.0000000E+00   0.0000000E+00   0.0000000E+00   0.0000000E+00   0.0000000E+00   0.0000000E+00   0.0000000E+00   0.0000000E+00   0.0000000E+00   0.0000000E+00   0.0000000E+00   0.0000000E+00   0.0000000E+00   0.0000000E+00   0.0000000E+00   0.0000000E+00   0.0000000E+00   0.0000000E+00   0.0000000E+00   0.0000000E+00   0.0000000E+00   0.0000000E+00   0.0000000E+00   0.0000000E+00   0.0000000E+00   0.0000000E+00   0.0000000E+00   0.0000000E+00   0.0000000E+00   0.0000000E+00   0.0000000E+00   0.0000000E+00   0.0000000E+00   0.0000000E+00   0.0000000E+00   0.0000000E+00   0.0000000E+00   0.0000000E+00   0.0000000E+00   0.0000000E+00   0.0000000E+00   0.0000000E+00   0.0000000E+00   0.0000000E+00   0.0000000E+00   0.0000000E+00   0.0000000E+00
   0.0000000E+00   0.0000000E+00   0.0000000E+00   0.0000000E+00   2.5636850E-11   1.2251921E-08   5.0367936E-06   1.6171077E-04   3.1559947E-04   4.6425758E-04   5.9231439E-04   7.0408726E-04   8.1423760E-04   9.2248989E-04   1.0279542E-03   1.1289077E-03   1.2244269E-03   1.3086814E-03   1.3751694E-03   1.3924631E-03   1.3194705E-03   1.1432039E-03   8.1716320E-04   4.8934785E-04   2.7983337E-04   1.5481901E-04   9.0024421E-05   5.4454241E-05   3.7268297E-05   2.8684463E-05   2.5040195E-05   2.7630685E-05   4.5980752E-05   7.0779798E-05   3.0994930E-06   0.0000000E+00   0.0000000E+00   0.0000000E+00   0.0000000E+00   0.0000000E+00   0.0000000E+00   0.0000000E+00   0.0000000E+00   0.0000000E+00   0.0000000E+00   0.0000000E+00   0.0000000E+00   0.0000000E+00   0.0000000E+00   0.0000000E+00   0.0000000E+00   0.0000000E+00   0.0000000E+00   0.0000000E+00   0.0000000E+00   0.0000000E+00   0.0000000E+00   0.0000000E+00   0.0000000E+00   0.0000000E+00   0.0000000E+00   0.0000000E+00   0.0000000E+00   0.0000000E+00   0.0000000E+00   0.0000000E+00   0.0000000E+00   0.0000000E+00   0.0000000E+00   0.0000000E+00   0.0000000E+00   0.0000000E+00   0.0000000E+00   0.0000000E+00   0.0000000E+00   0.0000000E+00   0.0000000E+00   0.0000000E+00   0.0000000E+00   0.0000000E+00   0.0000000E+00   0.0000000E+00   0.0000000E+00   0.0000000E+00   0.0000000E+00   0.0000000E+00   0.0000000E+00   0.0000000E+00   0.0000000E+00   0.0000000E+00   0.0000000E+00   0.0000000E+00   0.0000000E+00   0.0000000E+00   0.0000000E+00   0.0000000E+00   0.0000000E+00   0.0000000E+00   0.0000000E+00   0.0000000E+00
   0.0000000E+00   0.0000000E+00   0.0000000E+00   0.0000000E+00   2.6642572E-11   1.2722156E-08   5.2232416E-06   1.6212013E-04   3.1614663E-04   4.6482220E-04   5.9284997E-04   7.0462559E-04   8.1471271E-04   9.2280713E-04   1.0278627E-03   1.1278568E-03   1.2214243E-03   1.3010088E-03   1.3564334E-03   1.3448508E-03   1.2134144E-03   9.6727692E-04   6.1604579E-04   3.3608743E-04   1.8591850E-04   1.0333807E-04   6.1950169E-05   3.9413153E-05   2.8616748E-05   2.3372158E-05   2.1719759E-05   2.6352967E-05   4.8324841E-05   7.4616655E-05   6.2925704E-06   0.0000000E+00   0.0000000E+00   0.0000000E+00   0.0000000E+00   0.0000000E+00   0.0000000E+00   0.0000000E+00   0.0000000E+00   0.0000000E+00   0.0000000E+00   0.0000000E+00   0.0000000E+00   0.0000000E+00   0.0000000E+00   0.0000000E+00   0.0000000E+00   0.0000000E+00   0.0000000E+00   0.0000000E+00   0.0000000E+00   0.0000000E+00   0.0000000E+00   0.0000000E+00   0.0000000E+00   0.0000000E+00   0.0000000E+00   0.0000000E+00   0.0000000E+00   0.0000000E+00   0.0000000E+00   0.0000000E+00   0.0000000E+00   0.0000000E+00   0.0000000E+00   0.0000000E+00   0.0000000E+00   0.0000000E+00   0.0000000E+00   0.0000000E+00   0.0000000E+00   0.0000000E+00   0.0000000E+00   0.0000000E+00   0.0000000E+00   0.0000000E+00   0.0000000E+00   0.0000000E+00   0.0000000E+00   0.0000000E+00   0.0000000E+00   0.0000000E+00   0.0000000E+00   0.0000000E+00   0.0000000E+00   0.0000000E+00   0.0000000E+00   0.0000000E+00   0.0000000E+00   0.0000000E+00   0.0000000E+00   0.0000000E+00   0.0000000E+00   0.0000000E+00   0.0000000E+00   0.0000000E+00
   0.0000000E+00   0.0000000E+00   0.0000000E+00   0.0000000E+00   2.7651163E-11   1.3193475E-08   5.4100169E-06   1.6253032E-04   3.1669408E-04   4.6538614E-04   5.9338317E-04   7.0515688E-04   8.1516872E-04   9.2307997E-04   1.0276559E-03   1.1264914E-03   1.2175508E-03   1.2906693E-03   1.3295752E-03   1.2756670E-03   1.0713701E-03   7.6771553E-04   4.3461943E-04   2.2178824E-04   1.2238900E-04   6.9858451E-05   4.3829675E-05   2.9560073E-05   2.2779970E-05   1.9654455E-05   1.9354188E-05   2.5759621E-05   5.1267520E-05   7.8508671E-05   9.0421179E-06   0.0000000E+00   0.0000000E+00   0.0000000E+00   0.0000000E+00   0.0000000E+00   0.0000000E+00   0.0000000E+00   0.0000000E+00   0.0000000E+00   0.0000000E+00   0.0000000E+00   0.0000000E+00   0.0000000E+00   0.0000000E+00   0.0000000E+00   0.0000000E+00   0.0000000E+00   0.0000000E+00   0.0000000E+00   0.0000000E+00   0.0000000E+00   0.0000000E+00   0.0000000E+00   0.0000000E+00   0.0000000E+00   0.0000000E+00   0.0000000E+00   0.0000000E+00   0.0000000E+00   0.0000000E+00   0.0000000E+00   0.0000000E+00   0.0000000E+00   0.0000000E+00   0.0000000E+00   0.0000000E+00   0.0000000E+00   0.0000000E+00   0.0000000E+00   0.0000000E+00   0.0000000E+00   0.0000000E+00   0.0000000E+00   0.0000000E+00   0.0000000E+00   0.0000000E+00   0.0000000E+00   0.0000000E+00   0.0000000E+00   0.0000000E+00   0.0000000E+00   0.0000000E+00   0.0000000E+00   0.0000000E+00   0.0000000E+00   0.0000000E+00   0.0000000E+00   0.0000000E+00   0.0000000E+00   0.0000000E+00   0.0000000E+00   0.0000000E+00   0.0000000E+00   0.0000000E+00   0.0000000E+00
