   0.0000000E+00   0.0000000E+00   0.0000000E+00   0.0000000E+00   0.0000000E+00   0.0000000E+00   0.0000000E+00   0.0000000E+00   0.0000000E+00   0.0000000E+00   0.0000000E+00   0.0000000E+00   0.0000000E+00   0.0000000E+00   0.0000000E+00   0.0000000E+00   0.0000000E+00   0.0000000E+00   0.0000000E+00   0.0000000E+00   0.0000000E+00   0.0000000E+00   0.0000000E+00   0.0000000E+00   0.0000000E+00   0.0000000E+00   0.0000000E+00   0.0000000E+00   0.0000000E+00   0.0000000E+00   0.0000000E+00   0.0000000E+00   0.0000000E+00   0.0000000E+00   0.0000000E+00   0.0000000E+00   0.0000000E+00   0.0000000E+00   0.0000000E+00   0.0000000E+00   0.0000000E+00   0.0000000E+00   0.0000000E+00   0.0000000E+00   0.0000000E+00   0.0000000E+00   0.0000000E+00   0.0000000E+00   0.0000000E+00   0.0000000E+00   0.0000000E+00   0.0000000E+00   0.0000000E+00   0.0000000E+00   0.0000000E+00   0.0000000E+00   0.0000000E+00   0.0000000E+00   0.0000000E+00   0.0000000E+00   0.0000000E+00   0.0000000E+00   0.0000000E+00   0.0000000E+00   0.0000000E+00   0.0000000E+00   0.0000000E+00   0.0000000E+00   0.0000000E+00   0.0000000E+00   0.0000000E+00   0.0000000E+00   0.0000000E+00   0.0000000E+00   0.0000000E+00   0.0000000E+00   0.0000000E+00   0.0000000E+00   0.0000000E+00   0.0000000E+00   0.0000000E+00   0.0000000E+00   0.0000000E+00   0.0000000E+00   0.0000000E+00   0.0000000E+00   0.0000000E+00   0.0000000E+00   0.0000000E+00   0.0000000E+00   0.0000000E+00   0.0000000E+00   0.0000000E+00   0.0000000E+00   0.0000000E+00   0.0000000E+00   0.0000000E+00   0.0000000E+00   0.0000000E+00   0.0000000E+00
   0.0000000E+00   0.0000000E+00   0.0000000E+00   0.0000000E+00   0.0000000E+00   0.0000000E+00   0.0000000E+00   0.0000000E+00   0.0000000E+00   0.0000000E+00   0.0000000E+00   0.0000000E+00   0.0000000E+00   0.0000000E+00   0.0000000E+00   0.0000000E+00   0.0000000E+00   0.0000000E+00   0.0000000E+00   0.0000000E+00   0.0000000E+00   0.0000000E+00   0.0000000E+00   0.0000000E+00   0.0000000E+00   0.0000000E+00   0.0000000E+00   0.0000000E+00   0.0000000E+00   0.0000000E+00   0.0000000E+00   0.0000000E+00   0.0000000E+00   0.0000000E+00   0.0000000E+00   0.0000000E+00   0.0000000E+00   0.0000000E+00   0.0000000E+00   0.0000000E+00   0.0000000E+00   0.0000000E+00   0.0000000E+00   0.0000000E+00   0.0000000E+00   0.0000000E+00   0.0000000E+00   0.0000000E+00   0.0000000E+00   0.0000000E+00   0.0000000E+00   0.0000000E+00   0.0000000E+00   0.0000000E+00   0.0000000E+00   0.0000000E+00   0.0000000E+00   0.0000000E+00   0.0000000E+00   0.0000000E+00   0.0000000E+00   0.0000000E+00   0.0000000E+00   0.0000000E+00   0.0000000E+00   0.0000000E+00   0.0000000E+00   0.0000000E+00   0.0000000E+00   0.0000000E+00   0.0000000E+00   0.0000000E+00   0.0000000E+00   0.0000000E+00   0.0000000E+00   0.0000000E+00   0.0000000E+00   0.0000000E+00   0.0000000E+00   0.0000000E+00   0.0000000E+00   0.0000000E+00   0.0000000E+00   0.0000000E+00   0.0000000E+00   0.0000000E+00   0.0000000E+00   0.0000000E+00   0.0000000E+00   0.0000000E+00   0.0000000E+00   0.0000000E+00   0.0000000E+00   0.0000000E+00   0.0000000E+00   0.0000000E+00   0.0000000E+00   0.0000000E+00   0.0000000E+00   0.0000000E+00
   0.0000000E+00   0.0000000E+00   0.0000000E+00   0.0000000E+00   0.0000000E+00   0.0000000E+00   1.0076154E-01   2.5185443E+00   1.4211103E+01   4.0044988E+01   7.7853418E+01   1.2405111E+02   1.8462314E+02   2.6131088E+02   3.5586449E+02   4.7004627E+02   6.0563105E+02   7.6440443E+02   9.4815939E+02   1.1586915E+03   1.3977929E+03   1.6672453E+03   1.9688122E+03   2.3042295E+03   2.6751960E+03   3.0833629E+03   3.5303222E+03   4.0175948E+03   4.5466176E+03   5.1187302E+03   5.7351611E+03   6.3970132E+03   7.1052490E+03   7.8606756E+03   8.6639289E+03   9.5154591E+03   1.0415514E+04   1.1364124E+04   1.2361089E+04   1.3405958E+04   1.4498021E+04   1.5636293E+04   1.6819497E+04   1.8046058E+04   1.9314088E+04   2.0621377E+04   2.1965385E+04   2.3343234E+04   2.4751700E+04   2.6187216E+04   2.7645862E+04   2.9123371E+04   3.0615127E+04   3.2116174E+04   3.3621219E+04   3.5124641E+04   3.6620508E+04   3.8102586E+04   3.9564358E+04   4.0999047E+04   4.2399635E+04   4.3758891E+04   4.5069401E+04   4.6323598E+04   4.7513799E+04   4.8632243E+04   4.9671131E+04   5.0622673E+04   5.1479137E+04   5.2232894E+04   5.2876480E+04   5.3402651E+04   5.3804442E+04   5.4075235E+04   5.4208824E+04   5.4199489E+04   5.4042068E+04   5.3732034E+04   5.3265579E+04   5.2639698E+04   5.1852271E+04   5.0902158E+04   4.9789289E+04   4.8514762E+04   4.7080932E+04   4.5491517E+04   4.3751691E+04   4.1868185E+04   3.9849379E+04   3.7705401E+04   3.5448210E+04   3.3091680E+04   3.0651667E+04   2.8146004E+04   2.5589853E+04   2.2745562E+04   2.0120003E+04   1.7499806E+04   1.4373966E+04   1.2562093E+04
   0.0000000E+00   0.0000000E+00   0.0000000E+00   0.0000000E+00   0.0000000E+00   0.0000000E+00   1.3631460E-01   5.1429557E+00   2.8332699E+01   7.8774647E+01   1.5176467E+02   2.4030614E+02   3.5552281E+02   5.0034337E+02   6.7767130E+02   8.9039592E+02   1.1413978E+03   1.4335500E+03   1.7697163E+03   2.1527473E+03   2.5854740E+03   3.0707000E+03   3.6111922E+03   4.2096696E+03   4.8687911E+03   5.5911420E+03   6.3792191E+03   7.2354145E+03   8.1619989E+03   9.1611031E+03   1.0234699E+04   1.1384580E+04   1.2612339E+04   1.3919348E+04   1.5306735E+04   1.6775361E+04   1.8325799E+04   1.9958308E+04   2.1672811E+04   2.3468869E+04   2.5345660E+04   2.7301957E+04   2.9336101E+04   3.1445983E+04   3.3629021E+04   3.5882141E+04   3.8201756E+04   4.0583753E+04   4.3023471E+04   4.5515693E+04   4.8054629E+04   5.0633910E+04   5.3246579E+04   5.5885087E+04   5.8541289E+04   6.1206448E+04   6.3871238E+04   6.6525753E+04   6.9159515E+04   7.1761494E+04   7.4320128E+04   7.6823343E+04   7.9258586E+04   8.1612857E+04   8.3872751E+04   8.6024503E+04   8.8054037E+04   8.9947025E+04   9.1688950E+04   9.3265174E+04   9.4661013E+04   9.5861809E+04   9.6853005E+04   9.7620211E+04   9.8149247E+04   9.8426146E+04   9.8437079E+04   9.8168144E+04   9.7604915E+04   9.6731568E+04   9.5529287E+04   9.3973420E+04   9.2028457E+04   8.9639265E+04   8.6715774E+04   8.3106265E+04   7.8550738E+04   7.2599382E+04   6.4469903E+04   5.2801711E+04   3.5578080E+04   2.9852772E+04   2.7653660E+04   2.4562948E+04   5.2291152E+03   0.0000000E+00   0.0000000E+00   0.0000000E+00   0.0000000E+00   0.0000000E+00
   0.0000000E+00   0.0000000E+00   0.0000000E+00   0.0000000E+00   0.0000000E+00   0.0000000E+00   1.9415969E-01   7.8964501E+00   4.2803513E+01   1.1803606E+02   2.2634698E+02   3.5745497E+02   5.2756544E+02   7.4079079E+02   1.0011826E+03   1.3127504E+03   1.6794714E+03   2.1052949E+03   2.5941420E+03   3.1499018E+03   3.7764253E+03   4.4775163E+03   5.2569206E+03   6.1183131E+03   7.0652829E+03   8.1013174E+03   9.2297839E+03   1.0453910E+04   1.1776762E+04   1.3201225E+04   1.4729976E+04   1.6365460E+04   1.8109863E+04   1.9965087E+04   2.1932720E+04   2.4014005E+04   2.6209814E+04   2.8520612E+04   3.0946433E+04   3.3486840E+04   3.6140900E+04   3.8907148E+04   4.1783556E+04   4.4767505E+04   4.7855750E+04   5.1044391E+04   5.4328845E+04   5.7703816E+04   6.1163272E+04   6.4700416E+04   6.8307667E+04   7.1976632E+04   7.5698011E+04   7.9461913E+04   8.3257356E+04   8.7072573E+04   9.0894933E+04   9.4710936E+04   9.8506223E+04   1.0226558E+05   1.0597295E+05   1.0961148E+05   1.1316349E+05   1.1661059E+05   1.1993365E+05   1.2311287E+05   1.2612788E+05   1.2895775E+05   1.3158108E+05   1.3397610E+05   1.3612072E+05   1.3799261E+05   1.3956926E+05   1.4082797E+05   1.4174579E+05   1.4229930E+05   1.4246411E+05   1.4221396E+05   1.4151904E+05   1.4034295E+05   1.3863757E+05   1.3633398E+05   1.3332723E+05   1.2945045E+05   1.2443225E+05   1.1782922E+05   1.0892867E+05   9.6642645E+04   7.9525945E+04   5.6486109E+04   3.1627828E+04   2.9502633E+04   2.7190494E+04   2.1951879E+04   0.0000000E+00   0.0000000E+00   0.0000000E+00   0.0000000E+00   0.0000000E+00   0.0000000E+00
   0.0000000E+00   0.0000000E+00   0.0000000E+00   0.0000000E+00   0.0000000E+00   0.0000000E+00   2.3181320E-01   1.0806836E+01   5.7628750E+01   1.5783627E+02   3.0161354E+02   4.7551992E+02   7.0078895E+02   9.8271665E+02   1.3265025E+03   1.7372756E+03   2.2201091E+03   2.7800273E+03   3.4220068E+03   4.1509732E+03   4.9717945E+03   5.8892713E+03   6.9081241E+03   8.0329788E+03   9.2683490E+03   1.0618617E+04   1.2088013E+04   1.3680592E+04   1.5400205E+04   1.7250480E+04   1.9234785E+04   2.1356204E+04   2.3617501E+04   2.6021092E+04   2.8569003E+04   3.1262842E+04   3.4103757E+04   3.7092398E+04   4.0228883E+04   4.3512753E+04   4.6942934E+04   5.0517698E+04   5.4234621E+04   5.8090539E+04   6.2081517E+04   6.6202799E+04   7.0448774E+04   7.4812939E+04   7.9287858E+04   8.3865131E+04   8.8535353E+04   9.3287981E+04   9.8111613E+04   1.0299380E+05   1.0792076E+05   1.1287768E+05   1.1784865E+05   1.2281656E+05   1.2776318E+05   1.3266914E+05   1.3751391E+05   1.4227588E+05   1.4693230E+05   1.5145941E+05   1.5583241E+05   1.6002555E+05   1.6401216E+05   1.6776476E+05   1.7125511E+05   1.7445430E+05   1.7733277E+05   1.7986040E+05   1.8200646E+05   1.8373948E+05   1.8502695E+05   1.8583467E+05   1.8612554E+05   1.8585741E+05   1.8497930E+05   1.8342488E+05   1.8110144E+05   1.7787121E+05   1.7352046E+05   1.6770967E+05   1.5989734E+05   1.4923732E+05   1.3448837E+05   1.1409136E+05   8.6969705E+04   5.5316575E+04   3.1337232E+04   2.9236884E+04   2.6916477E+04   1.9048496E+04   7.6203819E+02   0.0000000E+00   0.0000000E+00   0.0000000E+00   0.0000000E+00   0.0000000E+00
   0.0000000E+00   0.0000000E+00   0.0000000E+00   0.0000000E+00   0.0000000E+00   0.0000000E+00   2.7273342E-01   1.3878421E+01   7.2813739E+01   1.9818206E+02   3.7757527E+02   5.9451663E+02   8.7521509E+02   1.2261505E+03   1.6536700E+03   2.1640218E+03   2.7633676E+03   3.4577699E+03   4.2532823E+03   5.1560752E+03   6.1717002E+03   7.3055728E+03   8.5649754E+03   9.9538159E+03   1.1476681E+04   1.3141264E+04   1.4951644E+04   1.6915682E+04   1.9032535E+04   2.1309045E+04   2.3749256E+04   2.6356872E+04   2.9135215E+04   3.2087188E+04   3.5215236E+04   3.8521299E+04   4.2006773E+04   4.5672463E+04   4.9518536E+04   5.3544472E+04   5.7749021E+04   6.2130114E+04   6.6683090E+04   7.1358923E+04   7.6242199E+04   8.1284448E+04   8.6478954E+04   9.1817928E+04   9.7292466E+04   1.0289260E+05   1.0861187E+05   1.1454837E+05   1.2046500E+05   1.2645532E+05   1.3250279E+05   1.3858956E+05   1.4469638E+05   1.5080262E+05   1.5688617E+05   1.6292353E+05   1.6888978E+05   1.7475858E+05   1.8050222E+05   1.8609162E+05   1.9149642E+05   1.9668499E+05   2.0162450E+05   2.0628100E+05   2.1061948E+05   2.1460390E+05   2.1819724E+05   2.2136145E+05   2.2405726E+05   2.2624388E+05   2.2787824E+05   2.2891368E+05   2.2929760E+05   2.2896745E+05   2.2784374E+05   2.2581842E+05   2.2273534E+05   2.1835815E+05   2.1231896E+05   2.0404024E+05   1.9262887E+05   1.7677335E+05   1.5478494E+05   1.2520033E+05   8.8884867E+04   5.3043335E+04   3.1007239E+04   2.8890445E+04   2.5563490E+04   1.6126446E+04   0.0000000E+00   0.0000000E+00   0.0000000E+00   0.0000000E+00   0.0000000E+00   0.0000000E+00
   0.0000000E+00   0.0000000E+00   0.0000000E+00   0.0000000E+00   0.0000000E+00   0.0000000E+00   3.1702958E-01   1.7115599E+01   8.8364014E+01   2.3908062E+02   4.5424372E+02   7.1446169E+02   1.0508671E+03   1.4711238E+03   1.9827270E+03   2.5930432E+03   3.3093151E+03   4.1386413E+03   5.0881582E+03   6.1653325E+03   7.3762854E+03   8.7269793E+03   1.0227665E+04   1.1881024E+04   1.3691535E+04   1.5670854E+04   1.7822696E+04   2.0159424E+04   2.2673975E+04   2.5377104E+04   2.8273504E+04   3.1367097E+04   3.4650851E+04   3.8163096E+04   4.1870906E+04   4.5788567E+04   4.9917660E+04   5.4257971E+04   5.8779891E+04   6.3579091E+04   6.8555421E+04   7.3739589E+04   7.9122315E+04   8.4596702E+04   9.0364240E+04   9.6318294E+04   1.0245096E+05   1.0875308E+05   1.1521420E+05   1.2182305E+05   1.2858222E+05   1.3573015E+05   1.4272649E+05   1.4981040E+05   1.5696260E+05   1.6416219E+05   1.7138665E+05   1.7861179E+05   1.8581170E+05   1.9295884E+05   2.0002387E+05   2.0697445E+05   2.1378060E+05   2.2040691E+05   2.2681756E+05   2.3297519E+05   2.3884099E+05   2.4437463E+05   2.4953446E+05   2.5427738E+05   2.5855884E+05   2.6233266E+05   2.6555070E+05   2.6816386E+05   2.7014333E+05   2.7137562E+05   2.7181370E+05   2.7136863E+05   2.6992288E+05   2.6731155E+05   2.6329145E+05   2.5749183E+05   2.4933903E+05   2.3795128E+05   2.2202334E+05   1.9979941E+05   1.6944662E+05   1.3052837E+05   8.7322970E+04   5.1200376E+04   3.0603614E+04   2.8459024E+04   2.4353741E+04   1.3319042E+04   1.0900821E+01   0.0000000E+00   0.0000000E+00   0.0000000E+00   0.0000000E+00   0.0000000E+00
   0.0000000E+00   0.0000000E+00   0.0000000E+00   0.0000000E+00   0.0000000E+00   0.0000000E+00   3.6481512E-01   2.0522853E+01   1.0428531E+02   2.8053952E+02   5.3163105E+02   8.3537266E+02   1.2277695E+03   1.7176703E+03   2.3137184E+03   3.0243979E+03   3.8580235E+03   4.8227304E+03   5.9267436E+03   7.1788813E+03   8.5857069E+03   1.0153663E+04   1.1896403E+04   1.3814821E+04   1.5913103E+04   1.8207575E+04   2.0701365E+04   2.3412081E+04   2.6324761E+04   2.9454842E+04   3.2807617E+04   3.6386754E+04   4.0173161E+04   4.4248393E+04   4.8535287E+04   5.3063525E+04   5.7834750E+04   6.2846296E+04   6.8032073E+04   7.3561379E+04   7.9354495E+04   8.5270847E+04   9.1543308E+04   9.7789405E+04   1.0443016E+05   1.1128339E+05   1.1833988E+05   1.2558896E+05   1.3301857E+05   1.4061664E+05   1.4840259E+05   1.5679419E+05   1.6485077E+05   1.7300715E+05   1.8124110E+05   1.8952866E+05   1.9784403E+05   2.0615948E+05   2.1444543E+05   2.2267033E+05   2.3080060E+05   2.3879998E+05   2.4663298E+05   2.5425961E+05   2.6163883E+05   2.6872781E+05   2.7548195E+05   2.8185483E+05   2.8779828E+05   2.9326224E+05   2.9819459E+05   3.0254078E+05   3.0624335E+05   3.0924305E+05   3.1148864E+05   3.1286161E+05   3.1328546E+05   3.1263711E+05   3.1074895E+05   3.0738139E+05   3.0217723E+05   2.9458640E+05   2.8377485E+05   2.6850113E+05   2.4705811E+05   2.1769842E+05   1.7829670E+05   1.3094807E+05   8.3992614E+04   4.9927068E+04   3.0084907E+04   2.7901768E+04   2.2839969E+04   1.0642385E+04   0.0000000E+00   0.0000000E+00   0.0000000E+00   0.0000000E+00   0.0000000E+00   0.0000000E+00
   0.0000000E+00   0.0000000E+00   0.0000000E+00   0.0000000E+00   0.0000000E+00   0.0000000E+00   4.1620788E-01   2.4104760E+01   1.2058357E+02   3.2256679E+02   6.0975003E+02   9.5726807E+02   1.4059487E+03   1.9658260E+03   2.6466922E+03   3.4581485E+03   4.4095703E+03   5.5101336E+03   6.7691572E+03   8.1968699E+03   9.8001362E+03   1.1585811E+04   1.3571418E+04   1.5755450E+04   1.8141598E+04   2.0751632E+04   2.3587861E+04   2.6673934E+04   2.9985137E+04   3.3542434E+04   3.7351642E+04   4.1415631E+04   4.5701379E+04   5.0342460E+04   5.5207354E+04   6.0344620E+04   6.5755759E+04   7.1433894E+04   7.7268808E+04   8.3523968E+04   9.0138575E+04   9.6765453E+04   1.0393384E+05   1.1091758E+05   1.1841636E+05   1.2615132E+05   1.3411173E+05   1.4228526E+05   1.5065809E+05   1.5921827E+05   1.6801187E+05   1.7768446E+05   1.8677335E+05   1.9597154E+05   2.0525381E+05   2.1459319E+05   2.2396057E+05   2.3332478E+05   2.4265265E+05   2.5190880E+05   2.6105568E+05   2.7005347E+05   2.7886110E+05   2.8743451E+05   2.9572783E+05   3.0369313E+05   3.1128063E+05   3.1844205E+05   3.2511579E+05   3.3124831E+05   3.3677996E+05   3.4164753E+05   3.4578347E+05   3.4911495E+05   3.5156318E+05   3.5300700E+05   3.5332993E+05   3.5236384E+05   3.4987470E+05   3.4552778E+05   3.3882178E+05   3.2888408E+05   3.1474445E+05   2.9472876E+05   2.6717191E+05   2.2880020E+05   1.8052970E+05   1.2693747E+05   7.9718210E+04   4.8869211E+04   2.9397887E+04   2.6768386E+04   2.1164247E+04   8.2059405E+03   0.0000000E+00   0.0000000E+00   0.0000000E+00   0.0000000E+00   0.0000000E+00   0.0000000E+00
   0.0000000E+00   0.0000000E+00   0.0000000E+00   0.0000000E+00   0.0000000E+00   0.0000000E+00   4.7133029E-01   2.7865998E+01   1.3726497E+02   3.6517084E+02   6.8861411E+02   1.0801675E+03   1.5854321E+03   2.2156290E+03   2.9816996E+03   3.8943619E+03   4.9640388E+03   6.2009548E+03   7.6155276E+03   9.2194596E+03   1.1019760E+04   1.3023631E+04   1.5252964E+04   1.7703174E+04   2.0377247E+04   2.3303246E+04   2.6482402E+04   2.9945281E+04   3.3655349E+04   3.7640032E+04   4.1905569E+04   4.6453394E+04   5.1234473E+04   5.6444399E+04   6.1885675E+04   6.7629712E+04   7.3677573E+04   8.0016563E+04   8.6497424E+04   9.3456726E+04   1.0089726E+05   1.0820715E+05   1.1627721E+05   1.2395494E+05   1.3229077E+05   1.4088329E+05   1.4971994E+05   1.5878643E+05   1.6806710E+05   1.7755142E+05   1.8732436E+05   1.9832094E+05   2.0840137E+05   2.1859654E+05   2.2887819E+05   2.3921625E+05   2.4957839E+05   2.5993007E+05   2.7023545E+05   2.8045433E+05   2.9054623E+05   3.0046804E+05   3.1017349E+05   3.1961510E+05   3.2874275E+05   3.3750404E+05   3.4584506E+05   3.5371853E+05   3.6104483E+05   3.6776968E+05   3.7382582E+05   3.7914098E+05   3.8363617E+05   3.8722005E+05   3.8978556E+05   3.9120370E+05   3.9130787E+05   3.8987130E+05   3.8657400E+05   3.8095918E+05   3.7233570E+05   3.5942318E+05   3.4118493E+05   3.1545803E+05   2.8011680E+05   2.3338320E+05   1.7747527E+05   1.2074095E+05   7.5964492E+04   4.7098369E+04   2.8247730E+04   2.5751643E+04   1.9280654E+04   6.1064438E+03   0.0000000E+00   0.0000000E+00   0.0000000E+00   0.0000000E+00   0.0000000E+00   0.0000000E+00
   0.0000000E+00   0.0000000E+00   0.0000000E+00   0.0000000E+00   0.0000000E+00   0.0000000E+00   5.3030962E-01   3.1811349E+01   1.5433589E+02   4.0836054E+02   7.6823738E+02   1.2040915E+03   1.7662492E+03   2.4671198E+03   3.3187954E+03   4.3331098E+03   5.5215187E+03   6.8953061E+03   8.4659941E+03   1.0246826E+04   1.2244784E+04   1.4467346E+04   1.6941316E+04   1.9658281E+04   2.2620299E+04   2.5862651E+04   2.9385218E+04   3.3226432E+04   3.7335637E+04   4.1747752E+04   4.6469297E+04   5.1499536E+04   5.6771062E+04   6.2552935E+04   6.8568256E+04   7.4915853E+04   8.1595949E+04   8.8588556E+04   9.5709663E+04   1.0334609E+05   1.1161639E+05   1.1957396E+05   1.2855045E+05   1.3686581E+05   1.4600965E+05   1.5542609E+05   1.6510029E+05   1.7501558E+05   1.8515430E+05   1.9550919E+05   2.0621937E+05   2.1858826E+05   2.2960045E+05   2.4072704E+05   2.5193602E+05   2.6319440E+05   2.7446666E+05   2.8571510E+05   2.9690194E+05   3.0798179E+05   3.1891232E+05   3.2964764E+05   3.4013699E+05   3.5033037E+05   3.6017431E+05   3.6961295E+05   3.7858989E+05   3.8706214E+05   3.9492652E+05   4.0213137E+05   4.0860170E+05   4.1425532E+05   4.1899939E+05   4.2271840E+05   4.2527752E+05   4.2652888E+05   4.2624418E+05   4.2412095E+05   4.1972933E+05   4.1245575E+05   4.0136143E+05   3.8469890E+05   3.6148117E+05   3.2916701E+05   2.8598895E+05   2.2982969E+05   1.6843547E+05   1.1207167E+05   7.1738229E+04   4.5772561E+04   2.7062975E+04   2.4197112E+04   1.6935331E+04   4.3438246E+03   0.0000000E+00   0.0000000E+00   0.0000000E+00   0.0000000E+00   0.0000000E+00   0.0000000E+00
   0.0000000E+00   0.0000000E+00   0.0000000E+00   0.0000000E+00   0.0000000E+00   0.0000000E+00   5.9327821E-01   3.5945708E+01   1.7180298E+02   4.5214520E+02   8.4863463E+02   1.3290620E+03   1.9484310E+03   2.7203415E+03   3.6580379E+03   4.7744688E+03   6.0821063E+03   7.5933090E+03   9.3207079E+03   1.1279160E+04   1.3475430E+04   1.5917202E+04   1.8636775E+04   2.1621088E+04   2.4871018E+04   2.8430093E+04   3.2296539E+04   3.6517706E+04   4.1026225E+04   4.5865652E+04   5.1042600E+04   5.6553319E+04   6.2309293E+04   6.8666275E+04   7.5252337E+04   8.2198994E+04   8.9505103E+04   9.7142024E+04   1.0489533E+05   1.1320249E+05   1.2227812E+05   1.3087738E+05   1.4072185E+05   1.4960147E+05   1.5951299E+05   1.6970640E+05   1.8016391E+05   1.9086582E+05   2.0179233E+05   2.1294176E+05   2.2452652E+05   2.3831972E+05   2.5017580E+05   2.6213695E+05   2.7416685E+05   2.8622961E+05   2.9828661E+05   3.1029738E+05   3.2222311E+05   3.3401298E+05   3.4562433E+05   3.5700945E+05   3.6811389E+05   3.7888665E+05   3.8927223E+05   3.9921281E+05   4.0865210E+05   4.1755653E+05   4.2578966E+05   4.3330788E+05   4.4002805E+05   4.4585652E+05   4.5068275E+05   4.5435931E+05   4.5672151E+05   4.5759370E+05   4.5666916E+05   4.5355008E+05   4.4767139E+05   4.3822937E+05   4.2398620E+05   4.0269317E+05   3.7365842E+05   3.3403184E+05   2.8227726E+05   2.1989162E+05   1.5636785E+05   1.0382745E+05   6.8456663E+04   4.3727531E+04   2.5324289E+04   2.2638261E+04   1.4701534E+04   1.7832496E+03   0.0000000E+00   0.0000000E+00   0.0000000E+00   0.0000000E+00   0.0000000E+00   0.0000000E+00
   0.0000000E+00   0.0000000E+00   0.0000000E+00   0.0000000E+00   0.0000000E+00   0.0000000E+00   6.6037378E-01   4.0274088E+01   1.8967312E+02   4.9653460E+02   9.2982140E+02   1.4551016E+03   2.1320102E+03   2.9753400E+03   3.9994892E+03   5.2185211E+03   6.6459053E+03   8.2950941E+03   1.0179833E+04   1.2316669E+04   1.4711942E+04   1.7373465E+04   2.0339670E+04   2.3591937E+04   2.7129690E+04   3.1005832E+04   3.5216596E+04   3.9819419E+04   4.4727300E+04   4.9993696E+04   5.5625071E+04   6.1613678E+04   6.7846693E+04   7.4781913E+04   8.1934111E+04   8.9473577E+04   9.7397134E+04   1.0566624E+05   1.1404037E+05   1.2300700E+05   1.3285772E+05   1.4208534E+05   1.5274738E+05   1.6209521E+05   1.7271821E+05   1.8362287E+05   1.9478742E+05   2.0618827E+05   2.1780317E+05   2.2963888E+05   2.4200521E+05   2.5727362E+05   2.6984441E+05   2.8249733E+05   2.9519101E+05   3.0788677E+05   3.2054308E+05   3.3311731E+05   3.4557116E+05   3.5784791E+05   3.6990696E+05   3.8170030E+05   3.9317066E+05   4.0426822E+05   4.1493727E+05   4.2511997E+05   4.3476418E+05   4.4385371E+05   4.5220047E+05   4.5977810E+05   4.6649389E+05   4.7223982E+05   4.7688131E+05   4.8022789E+05   4.8208196E+05   4.8223527E+05   4.8028228E+05   4.7571279E+05   4.6780872E+05   4.5555980E+05   4.3740680E+05   4.1063176E+05   3.7527530E+05   3.2835922E+05   2.6887220E+05   2.0298639E+05   1.4144701E+05   9.5216354E+04   6.4705971E+04   4.1671614E+04   2.3460629E+04   2.0429898E+04   1.2260648E+04   2.6729767E+03   0.0000000E+00   0.0000000E+00   0.0000000E+00   0.0000000E+00   0.0000000E+00   0.0000000E+00
   0.0000000E+00   0.0000000E+00   0.0000000E+00   0.0000000E+00   0.0000000E+00   0.0000000E+00   7.3173975E-01   4.4801629E+01   2.0795349E+02   5.4153902E+02   1.0118140E+03   1.5822347E+03   2.3170217E+03   3.2321637E+03   4.3432156E+03   5.6653544E+03   7.2130270E+03   9.0008030E+03   1.1043546E+04   1.3359579E+04   1.5954586E+04   1.8836430E+04   2.2050361E+04   2.5571203E+04   2.9396618E+04   3.3590133E+04   3.8145612E+04   4.3131879E+04   4.8438994E+04   5.4131720E+04   6.0216058E+04   6.6679110E+04   7.3379959E+04   8.0896370E+04   8.8608332E+04   9.6731969E+04   1.0526123E+05   1.1414650E+05   1.2312531E+05   1.3273342E+05   1.4332079E+05   1.5315303E+05   1.6456572E+05   1.7425530E+05   1.8551132E+05   1.9703510E+05   2.0879942E+05   2.2077554E+05   2.3293870E+05   2.4531987E+05   2.5861510E+05   2.7510053E+05   2.8819646E+05   3.0133151E+05   3.1445825E+05   3.2753542E+05   3.4051903E+05   3.5336538E+05   3.6603918E+05   3.7847675E+05   3.9064327E+05   4.0249248E+05   4.1396468E+05   4.2501402E+05   4.3558617E+05   4.4562516E+05   4.5508893E+05   4.6399078E+05   4.7205398E+05   4.7928518E+05   4.8557842E+05   4.9080568E+05   4.9479825E+05   4.9730744E+05   4.9810498E+05   4.9695662E+05   4.9334229E+05   4.8664148E+05   4.7599826E+05   4.6023130E+05   4.3750752E+05   4.0479899E+05   3.6353924E+05   3.1067488E+05   2.4554560E+05   1.8126296E+05   1.2626045E+05   8.7854504E+04   6.1126541E+04   3.8526837E+04   2.1049673E+04   1.8244672E+04   9.9906472E+03   6.9537132E+02   0.0000000E+00   0.0000000E+00   0.0000000E+00   0.0000000E+00   0.0000000E+00   0.0000000E+00
   0.0000000E+00   0.0000000E+00   0.0000000E+00   0.0000000E+00   0.0000000E+00   0.0000000E+00   8.0752556E-01   4.9533604E+01   2.2665151E+02   5.8716926E+02   1.0946295E+03   1.7104866E+03   2.5035021E+03   3.4908644E+03   4.6892880E+03   6.1150631E+03   7.7835915E+03   9.7105885E+03   1.1912040E+04   1.4408135E+04   1.7203651E+04   2.0306413E+04   2.3769242E+04   2.7559293E+04   3.1672126E+04   3.6183267E+04   4.1083791E+04   4.6455366E+04   5.2161352E+04   5.8279371E+04   6.4814562E+04   7.1747511E+04   7.8904680E+04   8.7004835E+04   9.5267784E+04   1.0396369E+05   1.1308258E+05   1.2256257E+05   1.3212315E+05   1.4234538E+05   1.5361927E+05   1.6401757E+05   1.7609105E+05   1.8595548E+05   1.9773493E+05   2.0974876E+05   2.2196227E+05   2.3433996E+05   2.4685511E+05   2.5959336E+05   2.7394816E+05   2.9129892E+05   3.0464436E+05   3.1795731E+05   3.3118290E+05   3.4427806E+05   3.5719717E+05   3.6989742E+05   3.8235055E+05   3.9448302E+05   4.0627128E+05   4.1767254E+05   4.2862272E+05   4.3908166E+05   4.4899540E+05   4.5830944E+05   4.6700001E+05   4.7512717E+05   4.8224708E+05   4.8842875E+05   4.9354452E+05   4.9743715E+05   4.9989076E+05   5.0058360E+05   4.9928416E+05   4.9577669E+05   4.8944387E+05   4.7962180E+05   4.6542314E+05   4.4564657E+05   4.1835410E+05   3.8053353E+05   3.3574725E+05   2.8060447E+05   2.1419289E+05   1.5717008E+05   1.1144517E+05   8.0373321E+04   5.6512955E+04   3.5135405E+04   1.8511771E+04   1.5593333E+04   7.6080959E+03   1.6603103E+03   0.0000000E+00   0.0000000E+00   0.0000000E+00   0.0000000E+00   0.0000000E+00   0.0000000E+00
   0.0000000E+00   0.0000000E+00   0.0000000E+00   0.0000000E+00   0.0000000E+00   0.0000000E+00   8.8788711E-01   5.4475432E+01   2.4577494E+02   6.3343666E+02   1.1782860E+03   1.8398842E+03   2.6914905E+03   3.7514971E+03   5.0377820E+03   6.5677482E+03   8.3577282E+03   1.0424616E+04   1.2785526E+04   1.5462607E+04   1.8459455E+04   2.1783764E+04   2.5496743E+04   2.9556650E+04   3.3956553E+04   3.8785504E+04   4.4031305E+04   4.9790115E+04   5.5894288E+04   6.2436029E+04   6.9419112E+04   7.6815953E+04   8.4414965E+04   9.3100664E+04   1.0190253E+05   1.1115432E+05   1.2084078E+05   1.3088652E+05   1.4099633E+05   1.5179217E+05   1.6368587E+05   1.7459065E+05   1.8720314E+05   1.9702211E+05   2.0917228E+05   2.2149615E+05   2.3394896E+05   2.4648715E+05   2.5910343E+05   2.7235748E+05   2.8742402E+05   3.0516113E+05   3.1836292E+05   3.3142239E+05   3.4427556E+05   3.5687926E+05   3.6918778E+05   3.8116225E+05   3.9278734E+05   4.0397098E+05   4.1470769E+05   4.2495588E+05   4.3463599E+05   4.4370863E+05   4.5210908E+05   4.5977496E+05   4.6671205E+05   4.7304839E+05   4.7800356E+05   4.8177097E+05   4.8418891E+05   4.8506560E+05   4.8413681E+05   4.8102343E+05   4.7560743E+05   4.6785066E+05   4.5716660E+05   4.4307894E+05   4.2496148E+05   4.0191404E+05   3.7215667E+05   3.3303358E+05   2.9044085E+05   2.3954095E+05   1.7828509E+05   1.3345179E+05   9.7869542E+04   7.3225731E+04   5.1410611E+04   3.0722577E+04   1.5534770E+04   1.2998407E+04   5.8593872E+03   4.3617066E+02   0.0000000E+00   0.0000000E+00   0.0000000E+00   0.0000000E+00   0.0000000E+00   0.0000000E+00
   0.0000000E+00   0.0000000E+00   0.0000000E+00   0.0000000E+00   0.0000000E+00   0.0000000E+00   9.7298712E-01   5.9632681E+01   2.6533184E+02   6.8035314E+02   1.2628024E+03   1.9704559E+03   2.8810280E+03   4.0141202E+03   5.3887783E+03   7.0235180E+03   8.9355765E+03   1.1143065E+04   1.3664229E+04   1.6523287E+04   1.9722346E+04   2.3268863E+04   2.7233334E+04   3.1563755E+04   3.6250253E+04   4.1397102E+04   4.6988275E+04   5.3136279E+04   5.9637525E+04   6.6600708E+04   7.4027588E+04   8.1880388E+04   8.9902936E+04   9.9174691E+04   1.0849889E+05   1.1828399E+05   1.2850775E+05   1.3907966E+05   1.4969247E+05   1.6100294E+05   1.7342621E+05   1.8474810E+05   1.9773347E+05   2.0721745E+05   2.1952709E+05   2.3191255E+05   2.4431624E+05   2.5668707E+05   2.6908207E+05   2.8295630E+05   2.9823985E+05   3.1572040E+05   3.2823708E+05   3.4045600E+05   3.5230175E+05   3.6373410E+05   3.7470856E+05   3.8519313E+05   3.9519101E+05   4.0456525E+05   4.1333177E+05   4.2143118E+05   4.2872878E+05   4.3515829E+05   4.4060392E+05   4.4496481E+05   4.4829696E+05   4.5081425E+05   4.5105176E+05   4.4948654E+05   4.4593952E+05   4.4023948E+05   4.3216764E+05   4.2145911E+05   4.0848624E+05   3.9381777E+05   3.7726830E+05   3.5902771E+05   3.3917754E+05   3.1740079E+05   2.9204367E+05   2.6054438E+05   2.2971060E+05   1.9168185E+05   1.4233052E+05   1.1177777E+05   8.5456490E+04   6.5405109E+04   4.5114190E+04   2.6088494E+04   1.2634375E+04   1.0248089E+04   3.7413867E+03   0.0000000E+00   0.0000000E+00   0.0000000E+00   0.0000000E+00   0.0000000E+00   0.0000000E+00   0.0000000E+00
   0.0000000E+00   0.0000000E+00   0.0000000E+00   0.0000000E+00   0.0000000E+00   0.0000000E+00   1.0629957E+00   6.5011082E+01   2.8533059E+02   7.2793121E+02   1.3481985E+03   2.1022315E+03   3.0721584E+03   4.2787962E+03   5.7423635E+03   7.4824893E+03   9.5172871E+03   1.1866131E+04   1.4548399E+04   1.7590495E+04   2.0992703E+04   2.4762128E+04   2.8979528E+04   3.3581128E+04   3.8553594E+04   4.4018294E+04   4.9954745E+04   5.6493895E+04   6.3390520E+04   7.0771907E+04   7.8636975E+04   8.6935230E+04   9.5358034E+04   1.0521427E+05   1.1503798E+05   1.2532527E+05   1.3604458E+05   1.4708823E+05   1.5813835E+05   1.6987851E+05   1.8270792E+05   1.9431570E+05   2.0744682E+05   2.1621952E+05   2.2840055E+05   2.4051133E+05   2.5247979E+05   2.6425176E+05   2.7601937E+05   2.9050907E+05   3.0533973E+05   3.2172938E+05   3.3285731E+05   3.4348760E+05   3.5352705E+05   3.6293975E+05   3.7167690E+05   3.7970796E+05   3.8704729E+05   3.9343499E+05   3.9889128E+05   4.0327887E+05   4.0649603E+05   4.0831814E+05   4.0828828E+05   4.0621603E+05   4.0228455E+05   3.9680457E+05   3.8706610E+05   3.7431325E+05   3.5859242E+05   3.4011488E+05   3.1917935E+05   2.9626558E+05   2.7302761E+05   2.5123747E+05   2.3147560E+05   2.1474562E+05   2.0160915E+05   1.9170652E+05   1.8303384E+05   1.7159426E+05   1.6206447E+05   1.4361761E+05   1.1054070E+05   9.2865262E+04   7.3886718E+04   5.7187316E+04   3.8388810E+04   2.0750138E+04   9.6550911E+03   7.8088203E+03   3.2399651E+03   3.0352601E+02   0.0000000E+00   0.0000000E+00   0.0000000E+00   0.0000000E+00   0.0000000E+00   0.0000000E+00
   0.0000000E+00   0.0000000E+00   0.0000000E+00   0.0000000E+00   0.0000000E+00   2.4440870E-02   2.1964065E+00   7.0616539E+01   3.0577995E+02   7.7618405E+02   1.4344954E+03   2.2352427E+03   3.2649283E+03   4.5455914E+03   6.0986303E+03   7.9447874E+03   1.0103023E+04   1.2594023E+04   1.5438305E+04   1.8664581E+04   2.2270944E+04   2.6264012E+04   3.0735888E+04   3.5609332E+04   4.0866949E+04   4.6649278E+04   5.2930647E+04   5.9862820E+04   6.7152343E+04   7.4947413E+04   8.3243031E+04   9.1972776E+04   1.0076608E+05   1.1120192E+05   1.2149369E+05   1.3224016E+05   1.4339738E+05   1.5483735E+05   1.6623158E+05   1.7828012E+05   1.9134591E+05   2.0305048E+05   2.1601809E+05   2.2360106E+05   2.3527067E+05   2.4666827E+05   2.5774144E+05   2.6899341E+05   2.7969990E+05   2.9391799E+05   3.0745349E+05   3.2172731E+05   3.3062739E+05   3.3879686E+05   3.4609820E+05   3.5248245E+05   3.5787194E+05   3.6244818E+05   3.6611693E+05   3.6805556E+05   3.6821205E+05   3.6618614E+05   3.6143982E+05   3.5351866E+05   3.4178954E+05   3.2612677E+05   3.0726492E+05   2.8581621E+05   2.5777279E+05   2.2657144E+05   1.9354668E+05   1.6037247E+05   1.2879306E+05   1.0060248E+05   7.8272657E+04   6.3272826E+04   5.5293539E+04   5.4079847E+04   5.8948090E+04   6.8732030E+04   8.1037932E+04   9.1691898E+04   1.0243184E+05   1.0256694E+05   8.4955504E+04   7.7103898E+04   6.3751975E+04   4.9649593E+04   3.2366968E+04   1.6835932E+04   7.8143737E+03   5.7179653E+03   1.0714011E+03   0.0000000E+00   0.0000000E+00   0.0000000E+00   0.0000000E+00   0.0000000E+00   0.0000000E+00   0.0000000E+00
   0.0000000E+00   0.0000000E+00   0.0000000E+00   0.0000000E+00   0.0000000E+00   6.2203303E-02   3.3920534E+00   7.6455140E+01   3.2668906E+02   8.2512549E+02   1.5217149E+03   2.3695230E+03   3.4593870E+03   4.8145768E+03   6.4576779E+03   8.4105476E+03   1.0692961E+04   1.3326973E+04   1.6334245E+04   1.9745930E+04   2.3557527E+04   2.7775017E+04   3.2503029E+04   3.7648974E+04   4.3190688E+04   4.9290185E+04   5.5915754E+04   6.3242651E+04   7.0921533E+04   7.9124031E+04   8.7839820E+04   9.6982412E+04   1.0610798E+05   1.1711346E+05   1.2782985E+05   1.3897597E+05   1.5049120E+05   1.6222263E+05   1.7382919E+05   1.8601451E+05   1.9908355E+05   2.1061787E+05   2.2300688E+05   2.2881496E+05   2.3948651E+05   2.4962981E+05   2.5921903E+05   2.6875406E+05   2.7906841E+05   2.9198984E+05   3.0327832E+05   3.1424891E+05   3.2001031E+05   3.2487405E+05   3.2885303E+05   3.3136884E+05   3.3216969E+05   3.3121159E+05   3.2814581E+05   3.2145036E+05   3.1095655E+05   2.9585031E+05   2.7515987E+05   2.4868668E+05   2.1651709E+05   1.8001795E+05   1.4204309E+05   1.0466340E+05   6.5487149E+04   3.1003790E+04   0.0000000E+00   1.0667083E+03   2.6855313E+03   3.9070270E+03   4.8102179E+03   5.5290815E+03   6.1627220E+03   6.7139070E+03   7.1182462E+03   8.1494295E+03   3.0421858E+04   4.5290069E+04   6.2704274E+04   7.3226549E+04   6.6791990E+04   6.4788148E+04   5.5288048E+04   4.3137326E+04   2.7512448E+04   1.3879179E+04   6.3799620E+03   4.7671926E+03   2.1271015E+03   0.0000000E+00   0.0000000E+00   0.0000000E+00   0.0000000E+00   0.0000000E+00   0.0000000E+00   0.0000000E+00
   0.0000000E+00   0.0000000E+00   0.0000000E+00   0.0000000E+00   0.0000000E+00   9.0099269E-02   4.6653669E+00   8.2533167E+01   3.4806745E+02   8.7477011E+02   1.6098805E+03   2.5051077E+03   3.6555870E+03   5.0858283E+03   6.8196131E+03   8.8799156E+03   1.1287292E+04   1.4065230E+04   1.7236539E+04   2.0834963E+04   2.4852956E+04   2.9295690E+04   3.4281625E+04   3.9700705E+04   4.5525169E+04   5.1941053E+04   5.8909612E+04   6.6632615E+04   7.4695877E+04   8.3297204E+04   9.2419059E+04   1.0194949E+05   1.1135796E+05   1.2291534E+05   1.3399622E+05   1.4545946E+05   1.5722186E+05   1.6909885E+05   1.8073266E+05   1.9281514E+05   2.0557085E+05   2.1656816E+05   2.2783773E+05   2.3120297E+05   2.4030419E+05   2.4863126E+05   2.5679949E+05   2.6415044E+05   2.7312729E+05   2.8374334E+05   2.9185316E+05   2.9869350E+05   3.0076396E+05   3.0139913E+05   3.0009574E+05   2.9599665E+05   2.8843821E+05   2.7701613E+05   2.6101590E+05   2.3819060E+05   2.0914649E+05   1.7391362E+05   1.3326865E+05   9.0278373E+04   4.9028002E+04   1.5309970E+04   0.0000000E+00   0.0000000E+00   9.9529390E+02   1.4572006E+03   1.5635300E+03   1.9946260E+01   1.7630102E+03   1.9717259E+03   2.3090483E+03   2.8530234E+03   4.8551748E+03   6.1683336E+03   7.1402304E+03   8.3833576E+03   1.8943191E+04   2.7061516E+04   4.0972443E+04   5.3898361E+04   5.3564484E+04   5.4906361E+04   4.7912119E+04   3.7257387E+04   2.3211853E+04   1.1695726E+04   5.7760594E+03   3.5545058E+03   8.1012160E+01   0.0000000E+00   0.0000000E+00   0.0000000E+00   0.0000000E+00   0.0000000E+00   0.0000000E+00   0.0000000E+00
   0.0000000E+00   0.0000000E+00   0.0000000E+00   0.0000000E+00   0.0000000E+00   1.1984097E-01   6.0201558E+00   8.8857115E+01   3.6992508E+02   9.2513325E+02   1.6990166E+03   2.6420345E+03   3.8535841E+03   5.3594269E+03   7.1845506E+03   9.3530490E+03   1.1886224E+04   1.4809069E+04   1.8145545E+04   2.1932145E+04   2.6157787E+04   3.0826632E+04   3.6072412E+04   4.1765224E+04   4.7870721E+04   5.4601779E+04   6.1911455E+04   7.0031408E+04   7.8472115E+04   8.7460481E+04   9.6969208E+04   1.0685375E+05   1.1648107E+05   1.2856090E+05   1.3992296E+05   1.5158889E+05   1.6344479E+05   1.7526518E+05   1.8666973E+05   1.9832168E+05   2.1034461E+05   2.2032212E+05   2.2980567E+05   2.3005740E+05   2.3703496E+05   2.4356059E+05   2.4853140E+05   2.5448665E+05   2.6134684E+05   2.6922677E+05   2.7375047E+05   2.7426551E+05   2.7058168E+05   2.6410910E+05   2.5340182E+05   2.3709706E+05   2.1283162E+05   1.8350839E+05   1.4821464E+05   1.0674870E+05   6.4250233E+04   2.5843353E+04   0.0000000E+00   0.0000000E+00   0.0000000E+00   3.6720064E+01   1.5085224E+01   1.1745649E+00   3.2391567E+01   6.4955580E+02   6.1605371E+02   1.5865762E+01   5.0153245E+02   1.3381293E+03   1.7650094E+03   2.5129190E+03   4.1629028E+03   5.7562529E+03   7.4188195E+03   8.9102809E+03   1.4088631E+04   1.9076346E+04   2.9063541E+04   4.0986074E+04   4.3593168E+04   4.6478379E+04   4.1211022E+04   3.1861079E+04   1.9422442E+04   9.5330711E+03   4.5804985E+03   2.7491663E+03   1.2757672E+03   0.0000000E+00   0.0000000E+00   0.0000000E+00   0.0000000E+00   0.0000000E+00   0.0000000E+00   0.0000000E+00
   0.0000000E+00   0.0000000E+00   0.0000000E+00   0.0000000E+00   0.0000000E+00   1.5159280E-01   7.4628681E+00   9.5433698E+01   3.9227236E+02   9.7623106E+02   1.7891491E+03   2.7803432E+03   4.0534381E+03   5.6354596E+03   7.5526139E+03   9.8301187E+03   1.2489985E+04   1.5558789E+04   1.9061651E+04   2.3037989E+04   2.7472632E+04   3.2368505E+04   3.7876196E+04   4.3843272E+04   5.0227618E+04   5.7272060E+04   6.4920076E+04   7.3436976E+04   8.2245522E+04   9.1604775E+04   1.0147417E+05   1.1166710E+05   1.2142986E+05   1.3398519E+05   1.4551294E+05   1.5722327E+05   1.6896085E+05   1.8044773E+05   1.9127553E+05   2.0206411E+05   2.1282344E+05   2.2118812E+05   2.2814155E+05   2.2476739E+05   2.2920884E+05   2.3388605E+05   2.3574638E+05   2.3973311E+05   2.4448291E+05   2.4942624E+05   2.4794295E+05   2.3652365E+05   2.2257019E+05   2.0329295E+05   1.7654128E+05   1.4100863E+05   9.3982877E+04   4.7018930E+04   8.3655420E+03   0.0000000E+00   0.0000000E+00   0.0000000E+00   0.0000000E+00   0.0000000E+00   0.0000000E+00   5.3635611E-02   3.2044301E+00   6.4919121E-01   1.8311229E+01   2.9709381E+02   2.3242175E+02   1.0165589E+01   1.7939335E+02   8.4336762E+02   1.1664177E+03   1.7589558E+03   2.8170837E+03   4.1568316E+03   5.9463510E+03   7.5295854E+03   1.0484176E+04   1.4062173E+04   2.1502624E+04   3.1717075E+04   3.5388476E+04   3.9060805E+04   3.5004544E+04   2.6807886E+04   1.5840644E+04   7.5989445E+03   3.6417495E+03   1.7497911E+03   0.0000000E+00   0.0000000E+00   0.0000000E+00   0.0000000E+00   0.0000000E+00   0.0000000E+00   0.0000000E+00   0.0000000E+00
   0.0000000E+00   0.0000000E+00   0.0000000E+00   0.0000000E+00   0.0000000E+00   1.8647884E-01   9.0568904E+00   1.0226987E+02   4.1512020E+02   1.0280806E+03   1.8803054E+03   2.9200760E+03   4.2552126E+03   5.9140196E+03   7.9239363E+03   1.0311310E+04   1.3098820E+04   1.6314718E+04   1.9985287E+04   2.4153061E+04   2.8798169E+04   3.3922039E+04   3.9693861E+04   4.5935627E+04   5.2596047E+04   5.9951308E+04   6.7933662E+04   7.6846198E+04   8.6009315E+04   9.5717308E+04   1.0591145E+05   1.1635051E+05   1.2613972E+05   1.3909775E+05   1.5063156E+05   1.6216877E+05   1.7349971E+05   1.8428252E+05   1.9408109E+05   2.0346692E+05   2.1234269E+05   2.1844720E+05   2.2218170E+05   2.1509302E+05   2.1732512E+05   2.1966491E+05   2.1885662E+05   2.2111007E+05   2.2374080E+05   2.2376921E+05   2.1028677E+05   1.7718464E+05   1.4336064E+05   1.0069659E+05   5.2041864E+04   8.5991890E+03   0.0000000E+00   0.0000000E+00   0.0000000E+00   0.0000000E+00   0.0000000E+00   0.0000000E+00   0.0000000E+00   0.0000000E+00   0.0000000E+00   0.0000000E+00   9.7862416E-01   4.2619185E-01   1.0479911E+01   1.3901233E+02   8.7584665E+01   6.9488912E+00   8.4866194E+01   5.2635212E+02   7.6434166E+02   1.2080410E+03   1.8836613E+03   2.8948352E+03   4.2913533E+03   5.5124792E+03   7.3228518E+03   1.0110705E+04   1.5917822E+04   2.4527419E+04   2.8470230E+04   3.2394021E+04   2.9276950E+04   2.2154725E+04   1.2605193E+04   5.7241457E+03   2.6250606E+03   1.3082878E+03   2.5085841E+02   0.0000000E+00   0.0000000E+00   0.0000000E+00   0.0000000E+00   0.0000000E+00   0.0000000E+00   0.0000000E+00
   0.0000000E+00   0.0000000E+00   0.0000000E+00   0.0000000E+00   0.0000000E+00   2.4912292E-01   1.0798191E+01   1.0937284E+02   4.3848003E+02   1.0806998E+03   1.9725145E+03   3.0612779E+03   4.4589754E+03   6.1952071E+03   8.2986619E+03   1.0796823E+04   1.3713001E+04   1.7077218E+04   2.0916927E+04   2.5277990E+04   3.0135150E+04   3.5488035E+04   4.1526369E+04   4.8043104E+04   5.4976060E+04   6.2638532E+04   7.0949553E+04   8.0254446E+04   8.9753816E+04   9.9780096E+04   1.1024951E+05   1.2084959E+05   1.3052265E+05   1.4377292E+05   1.5509366E+05   1.6616307E+05   1.7670460E+05   1.8630791E+05   1.9452623E+05   2.0190009E+05   2.0825817E+05   2.1139116E+05   2.0979528E+05   2.0174065E+05   2.0174664E+05   2.0203980E+05   1.9920319E+05   1.9990620E+05   1.9858162E+05   1.8618881E+05   1.4358604E+05   7.3075739E+04   2.1664770E+04   0.0000000E+00   0.0000000E+00   0.0000000E+00   0.0000000E+00   0.0000000E+00   0.0000000E+00   0.0000000E+00   0.0000000E+00   0.0000000E+00   0.0000000E+00   0.0000000E+00   0.0000000E+00   0.0000000E+00   3.2684741E-03   2.5343323E-01   5.8592091E+00   6.6780115E+01   3.2415599E+01   4.8237778E+00   5.0093408E+01   3.2695481E+02   4.9873771E+02   8.1881038E+02   1.2508746E+03   1.9866889E+03   3.0991946E+03   3.8887598E+03   4.8129308E+03   6.8980933E+03   1.1497752E+04   1.8719098E+04   2.2529965E+04   2.6508526E+04   2.4134338E+04   1.7963554E+04   9.6961019E+03   4.0942451E+03   1.7481961E+03   0.0000000E+00   0.0000000E+00   0.0000000E+00   0.0000000E+00   0.0000000E+00   0.0000000E+00   0.0000000E+00   0.0000000E+00   0.0000000E+00
   0.0000000E+00   0.0000000E+00   0.0000000E+00   0.0000000E+00   0.0000000E+00   2.9715555E-01   1.2685304E+01   1.1675009E+02   4.6236381E+02   1.1341078E+03   2.0658070E+03   3.2039969E+03   4.6647995E+03   6.4791299E+03   8.6769465E+03   1.1286879E+04   1.4332823E+04   1.7846684E+04   2.1857096E+04   2.6413473E+04   3.1484409E+04   3.7067381E+04   4.3374774E+04   5.0166529E+04   5.7367507E+04   6.5332169E+04   7.3963909E+04   8.3654943E+04   9.3465244E+04   1.0376779E+05   1.1444400E+05   1.2508846E+05   1.3445908E+05   1.4783747E+05   1.5864882E+05   1.6886168E+05   1.7812801E+05   1.8598493E+05   1.9202523E+05   1.9681178E+05   2.0018609E+05   2.0028942E+05   1.9389998E+05   1.8535558E+05   1.8365808E+05   1.8251335E+05   1.7813191E+05   1.7559354E+05   1.6248187E+05   1.1811607E+05   3.5968479E+04   0.0000000E+00   0.0000000E+00   0.0000000E+00   0.0000000E+00   0.0000000E+00   0.0000000E+00   0.0000000E+00   0.0000000E+00   0.0000000E+00   0.0000000E+00   0.0000000E+00   0.0000000E+00   0.0000000E+00   0.0000000E+00   0.0000000E+00   0.0000000E+00   1.5188729E-01   3.3602352E+00   3.2896603E+01   1.1653461E+01   3.3561655E+00   3.3062130E+01   2.0276652E+02   3.2483662E+02   5.4821329E+02   8.2838623E+02   1.3554015E+03   2.1845610E+03   2.6904606E+03   3.1874955E+03   4.6017490E+03   8.1125861E+03   1.4094900E+04   1.7649642E+04   2.1525987E+04   1.9743727E+04   1.4410918E+04   7.2752624E+03   2.6976211E+03   1.0566931E+03   6.3280913E+02   0.0000000E+00   0.0000000E+00   0.0000000E+00   0.0000000E+00   0.0000000E+00   0.0000000E+00   0.0000000E+00   0.0000000E+00
   0.0000000E+00   0.0000000E+00   0.0000000E+00   0.0000000E+00   0.0000000E+00   3.4787837E-01   1.4718303E+01   1.2440939E+02   4.8678412E+02   1.1883244E+03   2.1602155E+03   3.3482839E+03   4.8727628E+03   6.7659043E+03   9.0589593E+03   1.1781716E+04   1.4958612E+04   1.8623559E+04   2.2806379E+04   2.7560288E+04   3.2846877E+04   3.8661059E+04   4.5240223E+04   5.2306729E+04   5.9769938E+04   6.8029855E+04   7.6971232E+04   8.7037844E+04   9.7123969E+04   1.0764451E+05   1.1843237E+05   1.2896145E+05   1.3778772E+05   1.5105644E+05   1.6096857E+05   1.6983585E+05   1.7725707E+05   1.8277337E+05   1.8612028E+05   1.8809264E+05   1.8879092E+05   1.8585484E+05   1.7565767E+05   1.6727056E+05   1.6455284E+05   1.6209450E+05   1.5493634E+05   1.4124580E+05   9.6445421E+04   1.6844031E+04   0.0000000E+00   0.0000000E+00   0.0000000E+00   0.0000000E+00   0.0000000E+00   0.0000000E+00   0.0000000E+00   0.0000000E+00   0.0000000E+00   0.0000000E+00   0.0000000E+00   0.0000000E+00   0.0000000E+00   0.0000000E+00   0.0000000E+00   0.0000000E+00   0.0000000E+00   8.6896016E-02   1.9110221E+00   1.6520980E+01   4.1349226E+00   2.3518566E+00   2.1673316E+01   1.2579038E+02   2.1149871E+02   3.6422297E+02   5.4831055E+02   9.2334281E+02   1.5321362E+03   1.8470434E+03   2.0426324E+03   3.0928652E+03   5.7689438E+03   1.0674737E+04   1.3908896E+04   1.7587734E+04   1.6292701E+04   1.1637668E+04   5.4140138E+03   1.6657907E+03   4.8520982E+02   0.0000000E+00   0.0000000E+00   0.0000000E+00   0.0000000E+00   0.0000000E+00   0.0000000E+00   0.0000000E+00   0.0000000E+00   0.0000000E+00
   0.0000000E+00   0.0000000E+00   0.0000000E+00   0.0000000E+00   0.0000000E+00   4.0155176E-01   1.6898278E+01   1.3235882E+02   5.1175416E+02   1.2433711E+03   2.2557745E+03   3.4941935E+03   5.0829490E+03   7.0556561E+03   9.4448844E+03   1.2281595E+04   1.5590727E+04   1.9408327E+04   2.3765427E+04   2.8719308E+04   3.4223593E+04   4.0270157E+04   4.7123963E+04   5.4464484E+04   6.2182462E+04   7.0728088E+04   7.9963684E+04   9.0388883E+04   1.0070197E+05   1.1135936E+05   1.2212631E+05   1.3232220E+05   1.4029450E+05   1.5312071E+05   1.6164538E+05   1.6860089E+05   1.7359548E+05   1.7630127E+05   1.7695624E+05   1.7639148E+05   1.7439182E+05   1.6710893E+05   1.5657044E+05   1.4878821E+05   1.4522629E+05   1.3993180E+05   1.2230216E+05   7.7935360E+04   3.9370303E+03   0.0000000E+00   0.0000000E+00   0.0000000E+00   0.0000000E+00   0.0000000E+00   0.0000000E+00   0.0000000E+00   0.0000000E+00   0.0000000E+00   0.0000000E+00   0.0000000E+00   0.0000000E+00   0.0000000E+00   0.0000000E+00   0.0000000E+00   0.0000000E+00   0.0000000E+00   0.0000000E+00   4.8076202E-02   1.0689778E+00   8.4905847E+00   0.0000000E+00   1.6682824E+00   1.4144466E+01   7.8187660E+01   1.3783673E+02   2.4096144E+02   3.6339284E+02   6.2940008E+02   1.0727426E+03   1.2656571E+03   1.3292942E+03   2.0579849E+03   4.0838706E+03   8.0721396E+03   1.1007855E+04   1.4391617E+04   1.3453826E+04   9.4767893E+03   4.1602963E+03   1.0245623E+03   1.8730769E+02   2.5639746E+01   0.0000000E+00   0.0000000E+00   0.0000000E+00   0.0000000E+00   0.0000000E+00   0.0000000E+00   0.0000000E+00   0.0000000E+00
   0.0000000E+00   0.0000000E+00   0.0000000E+00   0.0000000E+00   0.0000000E+00   4.5829503E-01   1.9227058E+01   1.4060681E+02   5.3728782E+02   1.2992701E+03   2.3525207E+03   3.6417840E+03   5.2954484E+03   7.3485212E+03   9.8349223E+03   1.2786806E+04   1.6229564E+04   2.0201533E+04   2.4734968E+04   2.9891510E+04   3.5615722E+04   4.1895885E+04   4.9027339E+04   5.6640480E+04   6.4603548E+04   7.3421746E+04   8.2930095E+04   9.3687390E+04   1.0415908E+05   1.1483983E+05   1.2540140E+05   1.3497090E+05   1.4170410E+05   1.5364559E+05   1.6022142E+05   1.6469978E+05   1.6684032E+05   1.6689304E+05   1.6507925E+05   1.6211344E+05   1.5619788E+05   1.4792848E+05   1.3774111E+05   1.3051560E+05   1.2449303E+05   1.0843115E+05   6.2323710E+04   0.0000000E+00   0.0000000E+00   0.0000000E+00   0.0000000E+00   0.0000000E+00   0.0000000E+00   0.0000000E+00   0.0000000E+00   0.0000000E+00   0.0000000E+00   0.0000000E+00   0.0000000E+00   0.0000000E+00   0.0000000E+00   0.0000000E+00   0.0000000E+00   0.0000000E+00   0.0000000E+00   0.0000000E+00   0.0000000E+00   1.7136968E-02   6.0661577E-01   4.4586744E+00   0.0000000E+00   1.1762360E+00   9.2121891E+00   4.8780229E+01   9.0033459E+01   1.5915730E+02   2.4148804E+02   4.3001552E+02   7.5176057E+02   8.7043343E+02   8.7907132E+02   1.3920611E+03   2.9344970E+03   6.1582404E+03   8.7435065E+03   1.1795103E+04   1.1135072E+04   7.7650748E+03   3.2371813E+03   6.8208439E+02   7.2346386E+01   0.0000000E+00   0.0000000E+00   0.0000000E+00   0.0000000E+00   0.0000000E+00   0.0000000E+00   0.0000000E+00   0.0000000E+00   0.0000000E+00
   0.0000000E+00   0.0000000E+00   0.0000000E+00   0.0000000E+00   0.0000000E+00   5.1835539E-01   2.1707051E+01   1.4916213E+02   5.6339972E+02   1.3560455E+03   2.4504933E+03   3.7911176E+03   5.5103580E+03   7.6446472E+03   1.0229292E+04   1.3297664E+04   1.6875563E+04   2.1003781E+04   2.5715822E+04   3.1077998E+04   3.7024576E+04   4.3539589E+04   5.0951795E+04   5.8835212E+04   6.7030724E+04   7.6103376E+04   8.5854495E+04   9.6903327E+04   1.0743757E+05   1.1798267E+05   1.2808410E+05   1.3664229E+05   1.4168219E+05   1.5219757E+05   1.5627046E+05   1.5787917E+05   1.5741032E+05   1.5501006E+05   1.5098839E+05   1.4469764E+05   1.3785780E+05   1.2930500E+05   1.1964538E+05   1.1098490E+05   9.4379025E+04   5.1035976E+04   0.0000000E+00   0.0000000E+00   0.0000000E+00   0.0000000E+00   0.0000000E+00   0.0000000E+00   0.0000000E+00   0.0000000E+00   0.0000000E+00   0.0000000E+00   0.0000000E+00   0.0000000E+00   0.0000000E+00   0.0000000E+00   0.0000000E+00   0.0000000E+00   0.0000000E+00   0.0000000E+00   0.0000000E+00   0.0000000E+00   0.0000000E+00   0.0000000E+00   8.4668094E-02   2.3561715E+00   0.0000000E+00   1.4782915E-01   6.0004047E+00   3.0594589E+01   5.9003668E+01   1.0515965E+02   1.6108617E+02   2.9484522E+02   5.2830425E+02   6.0337340E+02   5.9050173E+02   9.5688766E+02   2.1382672E+03   4.7374710E+03   6.9702415E+03   9.6824962E+03   9.2315802E+03   6.3887029E+03   2.5497222E+03   4.7762876E+02   4.1896920E+01   0.0000000E+00   0.0000000E+00   0.0000000E+00   0.0000000E+00   0.0000000E+00   0.0000000E+00   0.0000000E+00   0.0000000E+00   0.0000000E+00
   0.0000000E+00   0.0000000E+00   0.0000000E+00   0.0000000E+00   0.0000000E+00   5.8187477E-01   2.4341150E+01   1.5803393E+02   5.9010526E+02   1.4137224E+03   2.5497339E+03   3.9422615E+03   5.7277827E+03   7.9441947E+03   1.0628234E+04   1.3814519E+04   1.7529213E+04   2.1815751E+04   2.6708912E+04   3.2280023E+04   3.8451638E+04   4.5202770E+04   5.2898857E+04   6.1048853E+04   6.9460132E+04   7.8762147E+04   8.8713931E+04   9.9992863E+04   1.1045414E+05   1.2064154E+05   1.2993766E+05   1.3700214E+05   1.3986323E+05   1.4837196E+05   1.4957751E+05   1.4859481E+05   1.4571669E+05   1.4120035E+05   1.3427263E+05   1.2739225E+05   1.2019947E+05   1.1155356E+05   1.0049181E+05   8.1817539E+04   3.9524712E+04   0.0000000E+00   0.0000000E+00   0.0000000E+00   0.0000000E+00   0.0000000E+00   0.0000000E+00   0.0000000E+00   0.0000000E+00   0.0000000E+00   0.0000000E+00   0.0000000E+00   0.0000000E+00   0.0000000E+00   0.0000000E+00   0.0000000E+00   0.0000000E+00   0.0000000E+00   0.0000000E+00   0.0000000E+00   0.0000000E+00   0.0000000E+00   0.0000000E+00   0.0000000E+00   4.3251177E-02   1.2496394E+00   0.0000000E+00   9.8938478E-02   3.9156952E+00   1.9314135E+01   3.8826773E+01   6.9603132E+01   1.0794647E+02   2.0308600E+02   3.7282651E+02   4.2272058E+02   4.0255795E+02   6.6785550E+02   1.5784782E+03   3.6733045E+03   5.5781501E+03   7.9632953E+03   7.6654970E+03   5.2730978E+03   2.0269413E+03   3.4409964E+02   2.6386332E+01   0.0000000E+00   0.0000000E+00   0.0000000E+00   0.0000000E+00   0.0000000E+00   0.0000000E+00   0.0000000E+00   0.0000000E+00   0.0000000E+00
   0.0000000E+00   0.0000000E+00   0.0000000E+00   0.0000000E+00   0.0000000E+00   6.4902880E-01   2.7132667E+01   1.6723181E+02   6.1742070E+02   1.4723277E+03   2.6502870E+03   4.0952875E+03   5.9478361E+03   8.2473387E+03   1.1032012E+04   1.4337759E+04   1.8191063E+04   2.2638208E+04   2.7715289E+04   3.3499010E+04   3.9898590E+04   4.6887106E+04   5.4870110E+04   6.3281029E+04   7.1885855E+04   8.1382254E+04   9.1475150E+04   1.0289175E+05   1.1308884E+05   1.2261243E+05   1.3065303E+05   1.3566687E+05   1.3592157E+05   1.4195493E+05   1.4056799E+05   1.3722348E+05   1.3232171E+05   1.2515414E+05   1.1786920E+05   1.1086831E+05   1.0336259E+05   9.2620655E+04   7.1361857E+04   2.8984488E+04   0.0000000E+00   0.0000000E+00   0.0000000E+00   0.0000000E+00   0.0000000E+00   0.0000000E+00   0.0000000E+00   0.0000000E+00   0.0000000E+00   0.0000000E+00   0.0000000E+00   0.0000000E+00   0.0000000E+00   0.0000000E+00   0.0000000E+00   0.0000000E+00   0.0000000E+00   0.0000000E+00   0.0000000E+00   0.0000000E+00   0.0000000E+00   0.0000000E+00   0.0000000E+00   0.0000000E+00   0.0000000E+00   0.0000000E+00   0.0000000E+00   6.6262821E-02   2.5636888E+00   1.2283567E+01   2.5668885E+01   4.6196505E+01   7.2709847E+01   1.4062230E+02   2.6445834E+02   2.9970283E+02   2.7821601E+02   4.7281039E+02   1.1793891E+03   2.8694096E+03   4.4823070E+03   6.5629903E+03   6.3752794E+03   4.3641321E+03   1.6230202E+03   2.5300147E+02   1.7403645E+01   0.0000000E+00   0.0000000E+00   0.0000000E+00   0.0000000E+00   0.0000000E+00   0.0000000E+00   0.0000000E+00   0.0000000E+00   0.0000000E+00
   0.0000000E+00   0.0000000E+00   0.0000000E+00   0.0000000E+00   0.0000000E+00   7.1999776E-01   3.0085304E+01   1.7676577E+02   6.4536322E+02   1.5318901E+03   2.7522004E+03   4.2502731E+03   6.1706411E+03   8.5542705E+03   1.1440917E+04   1.4867814E+04   1.8861727E+04   2.3472019E+04   2.8736152E+04   3.4736591E+04   4.1367357E+04   4.8594473E+04   5.6867134E+04   6.5530471E+04   7.4298867E+04   8.3940469E+04   9.4089556E+04   1.0550562E+05   1.1517069E+05   1.2362086E+05   1.2985805E+05   1.3226650E+05   1.2971102E+05   1.3333593E+05   1.2960734E+05   1.2432145E+05   1.1699132E+05   1.0954746E+05   1.0232773E+05   9.5091492E+04   8.4989561E+04   6.3012377E+04   1.9674594E+04   0.0000000E+00   0.0000000E+00   0.0000000E+00   0.0000000E+00   0.0000000E+00   0.0000000E+00   0.0000000E+00   0.0000000E+00   0.0000000E+00   0.0000000E+00   0.0000000E+00   0.0000000E+00   0.0000000E+00   0.0000000E+00   0.0000000E+00   0.0000000E+00   0.0000000E+00   0.0000000E+00   0.0000000E+00   0.0000000E+00   0.0000000E+00   0.0000000E+00   0.0000000E+00   0.0000000E+00   0.0000000E+00   0.0000000E+00   0.0000000E+00   0.0000000E+00   0.0000000E+00   1.7309181E+00   7.8750542E+00   1.7056026E+01   3.0768735E+01   4.9247962E+01   9.7935421E+01   1.8866934E+02   2.1504094E+02   1.9471595E+02   3.3918348E+02   8.9110459E+02   2.2571495E+03   3.6167907E+03   5.4206715E+03   5.3106806E+03   3.6203240E+03   1.3070774E+03   1.8874783E+02   1.1929181E+01   0.0000000E+00   0.0000000E+00   0.0000000E+00   0.0000000E+00   0.0000000E+00   0.0000000E+00   0.0000000E+00   0.0000000E+00   0.0000000E+00
   0.0000000E+00   0.0000000E+00   0.0000000E+00   0.0000000E+00   0.0000000E+00   7.9494032E-01   3.3203123E+01   1.8664632E+02   6.7395097E+02   1.5924400E+03   2.8555249E+03   4.4073020E+03   6.3963318E+03   8.8652000E+03   1.1855271E+04   1.5405167E+04   1.9541897E+04   2.4318171E+04   2.9772878E+04   3.5994652E+04   4.2860150E+04   5.0326973E+04   5.8891402E+04   6.7794445E+04   7.6685381E+04   8.6402311E+04   9.6485547E+04   1.0769652E+05   1.1646248E+05   1.2332179E+05   1.2716558E+05   1.2656228E+05   1.2136516E+05   1.2285904E+05   1.1723311E+05   1.0970793E+05   1.0215915E+05   9.4840328E+04   8.7462125E+04   7.7361947E+04   5.4990083E+04   1.1803495E+04   0.0000000E+00   0.0000000E+00   0.0000000E+00   0.0000000E+00   0.0000000E+00   0.0000000E+00   0.0000000E+00   0.0000000E+00   0.0000000E+00   0.0000000E+00   0.0000000E+00   0.0000000E+00   0.0000000E+00   0.0000000E+00   0.0000000E+00   0.0000000E+00   0.0000000E+00   0.0000000E+00   0.0000000E+00   0.0000000E+00   0.0000000E+00   0.0000000E+00   0.0000000E+00   0.0000000E+00   0.0000000E+00   0.0000000E+00   0.0000000E+00   0.0000000E+00   0.0000000E+00   0.0000000E+00   1.2476015E-01   5.0911975E+00   1.1393551E+01   2.0575901E+01   3.3551890E+01   6.8626009E+01   1.3542503E+02   1.5607698E+02   1.3785413E+02   2.4632510E+02   6.8027561E+02   1.7871764E+03   2.9304597E+03   4.4869762E+03   4.4307606E+03   3.0094361E+03   1.0575492E+03   1.4246683E+02   0.0000000E+00   0.0000000E+00   0.0000000E+00   0.0000000E+00   0.0000000E+00   0.0000000E+00   0.0000000E+00   0.0000000E+00   0.0000000E+00   0.0000000E+00
   0.0000000E+00   0.0000000E+00   0.0000000E+00   0.0000000E+00   4.6498429E-03   8.6941223E-01   3.6490539E+01   1.9688447E+02   7.0320321E+02   1.6540098E+03   2.9603154E+03   4.5664645E+03   6.6250541E+03   9.1803581E+03   1.2275433E+04   1.5950358E+04   2.0232362E+04   2.5177796E+04   3.0827065E+04   3.7275388E+04   4.4379534E+04   5.2086949E+04   6.0944075E+04   7.0067797E+04   7.9024164E+04   8.8716006E+04   9.8557264E+04   1.0926647E+05   1.1665280E+05   1.2133190E+05   1.2228970E+05   1.1875606E+05   1.1133249E+05   1.1103383E+05   1.0330369E+05   9.5607726E+04   8.8216545E+04   8.0715298E+04   7.0213439E+04   4.7046569E+04   4.6799265E+03   0.0000000E+00   0.0000000E+00   0.0000000E+00   0.0000000E+00   0.0000000E+00   0.0000000E+00   0.0000000E+00   0.0000000E+00   0.0000000E+00   0.0000000E+00   0.0000000E+00   0.0000000E+00   0.0000000E+00   0.0000000E+00   0.0000000E+00   0.0000000E+00   0.0000000E+00   0.0000000E+00   0.0000000E+00   0.0000000E+00   0.0000000E+00   0.0000000E+00   0.0000000E+00   0.0000000E+00   0.0000000E+00   0.0000000E+00   0.0000000E+00   0.0000000E+00   0.0000000E+00   0.0000000E+00   0.0000000E+00   8.2911139E-02   3.3197030E+00   7.6528669E+00   1.3820337E+01   2.2996640E+01   4.8394656E+01   9.7821442E+01   1.1451124E+02   9.8627677E+01   1.8093600E+02   5.2429943E+02   1.4237127E+03   2.3838436E+03   3.7220946E+03   3.7021882E+03   2.5061300E+03   8.5893995E+02   1.0851479E+02   0.0000000E+00   0.0000000E+00   0.0000000E+00   0.0000000E+00   0.0000000E+00   0.0000000E+00   0.0000000E+00   0.0000000E+00   0.0000000E+00   0.0000000E+00
   0.0000000E+00   0.0000000E+00   0.0000000E+00   0.0000000E+00   5.1108098E-03   9.5251779E-01   3.9952317E+01   2.0749182E+02   7.3314032E+02   1.7166344E+03   3.0666308E+03   4.7278588E+03   6.8569678E+03   9.4999999E+03   1.2701801E+04   1.6503997E+04   2.0934019E+04   2.6052205E+04   3.1900577E+04   3.8581376E+04   4.5928500E+04   5.3876995E+04   6.3025628E+04   7.2341324E+04   8.1282110E+04   9.0803110E+04   1.0014945E+05   1.0994327E+05   1.1537252E+05   1.1732387E+05   1.1529656E+05   1.0920725E+05   1.0019554E+05   9.7748643E+04   8.9870530E+04   8.2357835E+04   7.4725712E+04   6.3765498E+04   3.9778651E+04   0.0000000E+00   0.0000000E+00   0.0000000E+00   0.0000000E+00   0.0000000E+00   0.0000000E+00   0.0000000E+00   0.0000000E+00   0.0000000E+00   0.0000000E+00   0.0000000E+00   0.0000000E+00   0.0000000E+00   0.0000000E+00   0.0000000E+00   0.0000000E+00   0.0000000E+00   0.0000000E+00   0.0000000E+00   0.0000000E+00   0.0000000E+00   0.0000000E+00   0.0000000E+00   0.0000000E+00   0.0000000E+00   0.0000000E+00   0.0000000E+00   0.0000000E+00   0.0000000E+00   0.0000000E+00   0.0000000E+00   0.0000000E+00   0.0000000E+00   3.4338472E-02   2.2042466E+00   5.1518712E+00   9.3261467E+00   1.5859408E+01   3.4349396E+01   7.1111013E+01   8.4864453E+01   7.1241958E+01   1.3431823E+02   4.0765103E+02   1.1406105E+03   1.9465480E+03   3.0940031E+03   3.0978292E+03   2.0903083E+03   6.9985327E+02   8.3249624E+01   0.0000000E+00   0.0000000E+00   0.0000000E+00   0.0000000E+00   0.0000000E+00   0.0000000E+00   0.0000000E+00   0.0000000E+00   0.0000000E+00   0.0000000E+00
   0.0000000E+00   0.0000000E+00   0.0000000E+00   0.0000000E+00   5.6007818E-03   1.0402155E+00   4.3593572E+01   2.1848053E+02   7.6378401E+02   1.7803510E+03   3.1745346E+03   4.8915914E+03   7.0922479E+03   9.8244079E+03   1.3134823E+04   1.7066777E+04   2.1647903E+04   2.6942923E+04   3.2995618E+04   3.9915682E+04   4.7510581E+04   5.5699921E+04   6.5135125E+04   7.4598898E+04   8.3406905E+04   9.2544681E+04   1.0104104E+05   1.0938227E+05   1.1226210E+05   1.1120392E+05   1.0650664E+05   9.8467048E+04   8.8679544E+04   8.4902368E+04   7.7228767E+04   6.9405845E+04   5.7985058E+04   3.3774459E+04   0.0000000E+00   0.0000000E+00   0.0000000E+00   0.0000000E+00   0.0000000E+00   0.0000000E+00   0.0000000E+00   0.0000000E+00   0.0000000E+00   0.0000000E+00   0.0000000E+00   0.0000000E+00   0.0000000E+00   0.0000000E+00   0.0000000E+00   0.0000000E+00   0.0000000E+00   0.0000000E+00   0.0000000E+00   0.0000000E+00   0.0000000E+00   0.0000000E+00   0.0000000E+00   0.0000000E+00   0.0000000E+00   0.0000000E+00   0.0000000E+00   0.0000000E+00   0.0000000E+00   0.0000000E+00   0.0000000E+00   0.0000000E+00   0.0000000E+00   0.0000000E+00   0.0000000E+00   1.4990276E+00   3.4775869E+00   6.3239384E+00   1.1005759E+01   2.4539981E+01   5.2023557E+01   6.3481993E+01   5.1911715E+01   1.0069876E+02   3.1953002E+02   9.1860911E+02   1.5951479E+03   2.5769651E+03   2.5955849E+03   1.7459141E+03   5.7175109E+02   6.4235392E+01   0.0000000E+00   0.0000000E+00   0.0000000E+00   0.0000000E+00   0.0000000E+00   0.0000000E+00   0.0000000E+00   0.0000000E+00   0.0000000E+00   0.0000000E+00
   0.0000000E+00   0.0000000E+00   0.0000000E+00   0.0000000E+00   4.9770317E-02   2.1288749E+00   4.7419781E+01   2.2986347E+02   7.9515731E+02   1.8451994E+03   3.2840956E+03   5.0577784E+03   7.3310872E+03   1.0153889E+04   1.3575005E+04   1.7639488E+04   2.2375212E+04   2.7851746E+04   3.4114820E+04   4.1281993E+04   4.9129977E+04   5.7558619E+04   6.7268804E+04   7.6812336E+04   8.5315207E+04   9.3763492E+04   1.0093709E+05   1.0720692E+05   1.0709937E+05   1.0325765E+05   9.6314428E+04   8.6501384E+04   7.7375258E+04   7.2794433E+04   6.4710240E+04   5.2726704E+04   2.8206893E+04   0.0000000E+00   0.0000000E+00   0.0000000E+00   0.0000000E+00   0.0000000E+00   0.0000000E+00   0.0000000E+00   0.0000000E+00   0.0000000E+00   0.0000000E+00   0.0000000E+00   0.0000000E+00   0.0000000E+00   0.0000000E+00   0.0000000E+00   0.0000000E+00   0.0000000E+00   0.0000000E+00   0.0000000E+00   0.0000000E+00   0.0000000E+00   0.0000000E+00   0.0000000E+00   0.0000000E+00   0.0000000E+00   0.0000000E+00   0.0000000E+00   0.0000000E+00   0.0000000E+00   0.0000000E+00   0.0000000E+00   0.0000000E+00   0.0000000E+00   0.0000000E+00   0.0000000E+00   0.0000000E+00   6.2720401E-02   2.3546206E+00   4.3095037E+00   7.6856916E+00   1.7646488E+01   3.8299280E+01   4.7897776E+01   3.8129305E+01   7.6192057E+01   2.5233093E+02   7.4341075E+02   1.3115434E+03   2.1502927E+03   2.1774435E+03   1.4600426E+03   4.6814017E+02   4.9795361E+01   0.0000000E+00   0.0000000E+00   0.0000000E+00   0.0000000E+00   0.0000000E+00   0.0000000E+00   0.0000000E+00   0.0000000E+00   0.0000000E+00   0.0000000E+00
   0.0000000E+00   0.0000000E+00   0.0000000E+00   0.0000000E+00   8.5909272E-02   3.2791837E+00   5.1436792E+01   2.4165418E+02   8.2728482E+02   1.9112225E+03   3.3953879E+03   5.2265470E+03   7.5736983E+03   1.0488776E+04   1.4022918E+04   1.8223042E+04   2.3117348E+04   2.8780815E+04   3.5261376E+04   4.2684823E+04   5.0791721E+04   5.9455665E+04   6.9417244E+04   7.8932294E+04   8.6875113E+04   9.4207844E+04   9.9488641E+04   1.0311845E+05   1.0006174E+05   9.3784978E+04   8.4677710E+04   7.4908628E+04   6.6601429E+04   6.0902217E+04   4.7916993E+04   2.2922906E+04   0.0000000E+00   0.0000000E+00   0.0000000E+00   0.0000000E+00   0.0000000E+00   0.0000000E+00   0.0000000E+00   0.0000000E+00   0.0000000E+00   0.0000000E+00   0.0000000E+00   0.0000000E+00   0.0000000E+00   0.0000000E+00   0.0000000E+00   0.0000000E+00   0.0000000E+00   0.0000000E+00   0.0000000E+00   0.0000000E+00   0.0000000E+00   0.0000000E+00   0.0000000E+00   0.0000000E+00   0.0000000E+00   0.0000000E+00   0.0000000E+00   0.0000000E+00   0.0000000E+00   0.0000000E+00   0.0000000E+00   0.0000000E+00   0.0000000E+00   0.0000000E+00   0.0000000E+00   0.0000000E+00   0.0000000E+00   0.0000000E+00   1.6429125E+00   2.9515862E+00   5.4011127E+00   1.2771652E+01   2.8367791E+01   3.6333531E+01   2.8211321E+01   5.8148342E+01   2.0063579E+02   6.0432040E+02   1.0816988E+03   1.7973377E+03   1.8287070E+03   1.2222711E+03   3.8402148E+02   3.8748153E+01   0.0000000E+00   0.0000000E+00   0.0000000E+00   0.0000000E+00   0.0000000E+00   0.0000000E+00   0.0000000E+00   0.0000000E+00   0.0000000E+00   0.0000000E+00
   0.0000000E+00   0.0000000E+00   0.0000000E+00   0.0000000E+00   1.2368263E-01   4.4948482E+00   5.5650841E+01   2.5386701E+02   8.6019277E+02   1.9784666E+03   3.5084925E+03   5.3980364E+03   7.8203170E+03   1.0829461E+04   1.4479217E+04   1.8818495E+04   2.3875973E+04   2.9732719E+04   3.6439227E+04   4.4129783E+04   5.2501832E+04   6.1392274E+04   7.1559702E+04   8.0872916E+04   8.7884678E+04   9.3552300E+04   9.6368520E+04   9.7076887E+04   9.1385771E+04   8.2722783E+04   7.3239647E+04   6.4040925E+04   5.6261045E+04   4.7015369E+04   1.7891295E+04   0.0000000E+00   0.0000000E+00   0.0000000E+00   0.0000000E+00   0.0000000E+00   0.0000000E+00   0.0000000E+00   0.0000000E+00   0.0000000E+00   0.0000000E+00   0.0000000E+00   0.0000000E+00   0.0000000E+00   0.0000000E+00   0.0000000E+00   0.0000000E+00   0.0000000E+00   0.0000000E+00   0.0000000E+00   0.0000000E+00   0.0000000E+00   0.0000000E+00   0.0000000E+00   0.0000000E+00   0.0000000E+00   0.0000000E+00   0.0000000E+00   0.0000000E+00   0.0000000E+00   0.0000000E+00   0.0000000E+00   0.0000000E+00   0.0000000E+00   0.0000000E+00   0.0000000E+00   0.0000000E+00   0.0000000E+00   0.0000000E+00   0.0000000E+00   3.3700329E-02   2.0531604E+00   3.8196072E+00   9.3025162E+00   2.1135622E+01   2.7693561E+01   2.1013555E+01   4.4738136E+01   1.6054229E+02   4.9327798E+02   8.9468386E+02   1.5046798E+03   1.5373636E+03   1.0241465E+03   3.1550713E+02   3.0245422E+01   0.0000000E+00   0.0000000E+00   0.0000000E+00   0.0000000E+00   0.0000000E+00   0.0000000E+00   0.0000000E+00   0.0000000E+00   0.0000000E+00   0.0000000E+00
   0.0000000E+00   0.0000000E+00   0.0000000E+00   0.0000000E+00   1.6325331E-01   5.7796881E+00   6.0068576E+01   2.6651714E+02   8.9390923E+02   2.0469815E+03   3.6234972E+03   5.5724001E+03   8.0712063E+03   1.1176389E+04   1.4944651E+04   1.9427086E+04   2.4653078E+04   3.0710639E+04   3.7653331E+04   4.5623986E+04   5.4267332E+04   6.3365714E+04   7.3653173E+04   8.2488809E+04   8.8056294E+04   9.1440501E+04   9.1398348E+04   8.9360192E+04   8.1601724E+04   7.1651841E+04   6.2453282E+04   5.4089277E+04   4.6891229E+04   3.7331644E+04   1.4289696E+04   0.0000000E+00   0.0000000E+00   0.0000000E+00   0.0000000E+00   0.0000000E+00   0.0000000E+00   0.0000000E+00   0.0000000E+00   0.0000000E+00   0.0000000E+00   0.0000000E+00   0.0000000E+00   0.0000000E+00   0.0000000E+00   0.0000000E+00   0.0000000E+00   0.0000000E+00   0.0000000E+00   0.0000000E+00   0.0000000E+00   0.0000000E+00   0.0000000E+00   0.0000000E+00   0.0000000E+00   0.0000000E+00   0.0000000E+00   0.0000000E+00   0.0000000E+00   0.0000000E+00   0.0000000E+00   0.0000000E+00   0.0000000E+00   0.0000000E+00   0.0000000E+00   0.0000000E+00   0.0000000E+00   0.0000000E+00   0.0000000E+00   0.0000000E+00   0.0000000E+00   1.4565759E+00   2.7181901E+00   6.8181620E+00   1.5836924E+01   2.1206851E+01   1.5749223E+01   3.4683593E+01   1.2921025E+02   4.0416474E+02   7.4194803E+02   1.2614769E+03   1.2935791E+03   8.5878675E+02   2.5954747E+02   2.3668363E+01   0.0000000E+00   0.0000000E+00   0.0000000E+00   0.0000000E+00   0.0000000E+00   0.0000000E+00   0.0000000E+00   0.0000000E+00   0.0000000E+00   0.0000000E+00
   0.0000000E+00   0.0000000E+00   0.0000000E+00   0.0000000E+00   2.0478783E-01   7.1376521E+00   6.4697079E+01   2.7962067E+02   9.2846427E+02   2.1168211E+03   3.7404982E+03   5.7498076E+03   8.3266612E+03   1.1530067E+04   1.5420095E+04   2.0050285E+04   2.5451089E+04   3.1718568E+04   3.8910088E+04   4.7176571E+04   5.6095704E+04   6.5363276E+04   7.5612983E+04   8.3548011E+04   8.7029068E+04   8.7586494E+04   8.4654443E+04   8.0316858E+04   7.0814057E+04   6.1093125E+04   5.2639090E+04   4.5383047E+04   3.9154367E+04   3.0303864E+04   1.1520151E+04   0.0000000E+00   0.0000000E+00   0.0000000E+00   0.0000000E+00   0.0000000E+00   0.0000000E+00   0.0000000E+00   0.0000000E+00   0.0000000E+00   0.0000000E+00   0.0000000E+00   0.0000000E+00   0.0000000E+00   0.0000000E+00   0.0000000E+00   0.0000000E+00   0.0000000E+00   0.0000000E+00   0.0000000E+00   0.0000000E+00   0.0000000E+00   0.0000000E+00   0.0000000E+00   0.0000000E+00   0.0000000E+00   0.0000000E+00   0.0000000E+00   0.0000000E+00   0.0000000E+00   0.0000000E+00   0.0000000E+00   0.0000000E+00   0.0000000E+00   0.0000000E+00   0.0000000E+00   0.0000000E+00   0.0000000E+00   0.0000000E+00   0.0000000E+00   0.0000000E+00   0.0000000E+00   1.9986765E+00   5.0279306E+00   1.1931820E+01   1.6313181E+01   1.1871437E+01   2.7082428E+01   1.0455199E+02   3.3230271E+02   6.1677039E+02   1.0589474E+03   1.0892867E+03   7.2056951E+02   2.1357544E+02   1.8720188E+01   0.0000000E+00   0.0000000E+00   0.0000000E+00   0.0000000E+00   0.0000000E+00   0.0000000E+00   0.0000000E+00   0.0000000E+00   0.0000000E+00   0.0000000E+00
   0.0000000E+00   0.0000000E+00   0.0000000E+00   0.0000000E+00   2.4845807E-01   8.5728334E+00   6.9543899E+01   2.9319475E+02   9.6389019E+02   2.1880440E+03   3.8596009E+03   5.9304474E+03   8.5870138E+03   1.1891076E+04   1.5906570E+04   2.0689861E+04   2.6273018E+04   3.2761645E+04   4.0217971E+04   4.8799296E+04   5.7992677E+04   6.7349458E+04   7.7283475E+04   8.3716047E+04   8.4436407E+04   8.1908226E+04   7.6444434E+04   7.0028735E+04   6.0382243E+04   5.1422755E+04   4.4055459E+04   3.8117714E+04   3.2987838E+04   2.5015812E+04   9.3546836E+03   0.0000000E+00   0.0000000E+00   0.0000000E+00   0.0000000E+00   0.0000000E+00   0.0000000E+00   0.0000000E+00   0.0000000E+00   0.0000000E+00   0.0000000E+00   0.0000000E+00   0.0000000E+00   0.0000000E+00   0.0000000E+00   0.0000000E+00   0.0000000E+00   0.0000000E+00   0.0000000E+00   0.0000000E+00   0.0000000E+00   0.0000000E+00   0.0000000E+00   0.0000000E+00   0.0000000E+00   0.0000000E+00   0.0000000E+00   0.0000000E+00   0.0000000E+00   0.0000000E+00   0.0000000E+00   0.0000000E+00   0.0000000E+00   0.0000000E+00   0.0000000E+00   0.0000000E+00   0.0000000E+00   0.0000000E+00   0.0000000E+00   0.0000000E+00   0.0000000E+00   0.0000000E+00   1.4711798E+00   3.7299537E+00   9.0373028E+00   1.2603763E+01   8.9962185E+00   2.1291006E+01   8.5018505E+01   2.7409101E+02   5.1384289E+02   8.8995879E+02   9.1785419E+02   6.0488789E+02   1.7590566E+02   0.0000000E+00   0.0000000E+00   0.0000000E+00   0.0000000E+00   0.0000000E+00   0.0000000E+00   0.0000000E+00   0.0000000E+00   0.0000000E+00   0.0000000E+00   0.0000000E+00
   0.0000000E+00   0.0000000E+00   0.0000000E+00   0.0000000E+00   2.9444235E-01   1.0089487E+01   7.4617081E+01   3.0725761E+02   1.0002218E+03   2.2607139E+03   3.9809212E+03   6.1145295E+03   8.8526415E+03   1.2260092E+04   1.6405291E+04   2.1347978E+04   2.7122701E+04   3.3846689E+04   4.1588474E+04   5.0506760E+04   5.9955821E+04   6.9242239E+04   7.8404960E+04   8.2579963E+04   8.0034157E+04   7.4618171E+04   6.7351688E+04   5.9855037E+04   5.0736989E+04   4.2900260E+04   3.6837074E+04   3.2249405E+04   2.8105803E+04   2.0911006E+04   7.6390438E+03   0.0000000E+00   0.0000000E+00   0.0000000E+00   0.0000000E+00   0.0000000E+00   0.0000000E+00   0.0000000E+00   0.0000000E+00   0.0000000E+00   0.0000000E+00   0.0000000E+00   0.0000000E+00   0.0000000E+00   0.0000000E+00   0.0000000E+00   0.0000000E+00   0.0000000E+00   0.0000000E+00   0.0000000E+00   0.0000000E+00   0.0000000E+00   0.0000000E+00   0.0000000E+00   0.0000000E+00   0.0000000E+00   0.0000000E+00   0.0000000E+00   0.0000000E+00   0.0000000E+00   0.0000000E+00   0.0000000E+00   0.0000000E+00   0.0000000E+00   0.0000000E+00   0.0000000E+00   0.0000000E+00   0.0000000E+00   0.0000000E+00   0.0000000E+00   0.0000000E+00   0.0000000E+00   6.6558914E-02   2.7831997E+00   6.8799674E+00   9.7789612E+00   6.8514454E+00   1.6845785E+01   6.9450230E+01   2.2673963E+02   4.2895332E+02   7.4870106E+02   7.7381714E+02   5.0795733E+02   1.4497959E+02   0.0000000E+00   0.0000000E+00   0.0000000E+00   0.0000000E+00   0.0000000E+00   0.0000000E+00   0.0000000E+00   0.0000000E+00   0.0000000E+00   0.0000000E+00   0.0000000E+00
   0.0000000E+00   0.0000000E+00   0.0000000E+00   0.0000000E+00   3.4292652E-01   1.1692039E+01   7.9925212E+01   3.2182875E+02   1.0374966E+03   2.3349002E+03   4.1045874E+03   6.3022899E+03   9.1239756E+03   1.2637902E+04   1.6917722E+04   2.2027344E+04   2.8005164E+04   3.4983057E+04   4.3037401E+04   5.2314923E+04   6.1959476E+04   7.0877254E+04   7.8598130E+04   7.9740091E+04   7.3838596E+04   6.6200895E+04   5.8013653E+04   5.0294245E+04   4.2166083E+04   3.5662761E+04   3.0960819E+04   2.7586397E+04   2.4209711E+04   1.7640868E+04   6.2655382E+03   0.0000000E+00   0.0000000E+00   0.0000000E+00   0.0000000E+00   0.0000000E+00   0.0000000E+00   0.0000000E+00   0.0000000E+00   0.0000000E+00   0.0000000E+00   0.0000000E+00   0.0000000E+00   0.0000000E+00   0.0000000E+00   0.0000000E+00   0.0000000E+00   0.0000000E+00   0.0000000E+00   0.0000000E+00   0.0000000E+00   0.0000000E+00   0.0000000E+00   0.0000000E+00   0.0000000E+00   0.0000000E+00   0.0000000E+00   0.0000000E+00   0.0000000E+00   0.0000000E+00   0.0000000E+00   0.0000000E+00   0.0000000E+00   0.0000000E+00   0.0000000E+00   0.0000000E+00   0.0000000E+00   0.0000000E+00   0.0000000E+00   0.0000000E+00   0.0000000E+00   0.0000000E+00   0.0000000E+00   2.1387868E+00   5.2634586E+00   7.6181158E+00   5.2425906E+00   1.3409911E+01   5.6971838E+01   1.8807333E+02   3.5874354E+02   6.3042766E+02   6.5266251E+02   4.2665835E+02   1.1954902E+02   0.0000000E+00   0.0000000E+00   0.0000000E+00   0.0000000E+00   0.0000000E+00   0.0000000E+00   0.0000000E+00   0.0000000E+00   0.0000000E+00   0.0000000E+00   0.0000000E+00
   0.0000000E+00   0.0000000E+00   0.0000000E+00   2.8734652E-03   3.9120400E-01   1.3385129E+01   8.5477460E+01   3.3692899E+02   1.0757551E+03   2.4106793E+03   4.2307418E+03   6.4939950E+03   9.4015136E+03   1.3025443E+04   1.7445658E+04   2.2731440E+04   2.8927249E+04   3.6184030E+04   4.4586108E+04   5.4234601E+04   6.3925757E+04   7.1969432E+04   7.7400835E+04   7.4963212E+04   6.6187665E+04   5.7280880E+04   4.8986553E+04   4.1690719E+04   3.4825973E+04   2.9716023E+04   2.6281962E+04   2.3892314E+04   2.1053017E+04   1.4980067E+04   5.1567548E+03   0.0000000E+00   0.0000000E+00   0.0000000E+00   0.0000000E+00   0.0000000E+00   0.0000000E+00   0.0000000E+00   0.0000000E+00   0.0000000E+00   0.0000000E+00   0.0000000E+00   0.0000000E+00   0.0000000E+00   0.0000000E+00   0.0000000E+00   0.0000000E+00   0.0000000E+00   0.0000000E+00   0.0000000E+00   0.0000000E+00   0.0000000E+00   0.0000000E+00   0.0000000E+00   0.0000000E+00   0.0000000E+00   0.0000000E+00   0.0000000E+00   0.0000000E+00   0.0000000E+00   0.0000000E+00   0.0000000E+00   0.0000000E+00   0.0000000E+00   0.0000000E+00   0.0000000E+00   0.0000000E+00   0.0000000E+00   0.0000000E+00   0.0000000E+00   0.0000000E+00   0.0000000E+00   0.0000000E+00   8.4529865E-02   4.0459288E+00   5.9579515E+00   4.0294767E+00   1.0736504E+01   4.6917307E+01   1.5638605E+02   3.0052410E+02   5.3124917E+02   5.5065440E+02   3.5841297E+02   9.8609437E+01   0.0000000E+00   0.0000000E+00   0.0000000E+00   0.0000000E+00   0.0000000E+00   0.0000000E+00   0.0000000E+00   0.0000000E+00   0.0000000E+00   0.0000000E+00   0.0000000E+00
   0.0000000E+00   0.0000000E+00   0.0000000E+00   3.2651041E-03   4.4488702E-01   1.5173611E+01   9.1283630E+01   3.5258069E+02   1.1150416E+03   2.4881348E+03   4.3595435E+03   6.6899477E+03   9.6858360E+03   1.3423841E+04   1.7991359E+04   2.3464903E+04   2.9898669E+04   3.7468888E+04   4.6261115E+04   5.6254037E+04   6.5680839E+04   7.2099851E+04   7.4390509E+04   6.8385136E+04   5.7667199E+04   4.8460958E+04   4.0683806E+04   3.4244426E+04   2.8748198E+04   2.4954865E+04   2.2598586E+04   2.0946354E+04   1.8449060E+04   1.2778405E+04   4.2557518E+03   0.0000000E+00   0.0000000E+00   0.0000000E+00   0.0000000E+00   0.0000000E+00   0.0000000E+00   0.0000000E+00   0.0000000E+00   0.0000000E+00   0.0000000E+00   0.0000000E+00   0.0000000E+00   0.0000000E+00   0.0000000E+00   0.0000000E+00   0.0000000E+00   0.0000000E+00   0.0000000E+00   0.0000000E+00   0.0000000E+00   0.0000000E+00   0.0000000E+00   0.0000000E+00   0.0000000E+00   0.0000000E+00   0.0000000E+00   0.0000000E+00   0.0000000E+00   0.0000000E+00   0.0000000E+00   0.0000000E+00   0.0000000E+00   0.0000000E+00   0.0000000E+00   0.0000000E+00   0.0000000E+00   0.0000000E+00   0.0000000E+00   0.0000000E+00   0.0000000E+00   0.0000000E+00   0.0000000E+00   0.0000000E+00   3.1887284E+00   4.6114407E+00   3.1778301E+00   8.6431757E+00   3.8776070E+01   1.3033212E+02   2.5213178E+02   4.4796931E+02   4.6469306E+02   3.0108554E+02   8.1348995E+01   0.0000000E+00   0.0000000E+00   0.0000000E+00   0.0000000E+00   0.0000000E+00   0.0000000E+00   0.0000000E+00   0.0000000E+00   0.0000000E+00   0.0000000E+00   0.0000000E+00
   0.0000000E+00   0.0000000E+00   0.0000000E+00   3.6797698E-03   5.0166279E-01   1.7062585E+01   9.7354223E+01   3.6880788E+02   1.1554039E+03   2.5673592E+03   4.4911708E+03   6.8904960E+03   9.9776279E+03   1.3834481E+04   1.8557756E+04   2.4234193E+04   3.0933840E+04   3.8865401E+04   4.8087858E+04   5.8303810E+04   6.6909660E+04   7.0769776E+04   6.9362687E+04   6.0460139E+04   4.8940943E+04   4.0217714E+04   3.3369917E+04   2.8024846E+04   2.3856792E+04   2.1208024E+04   1.9704398E+04   1.8566068E+04   1.6261616E+04   1.0932749E+04   3.5198463E+03   0.0000000E+00   0.0000000E+00   0.0000000E+00   0.0000000E+00   0.0000000E+00   0.0000000E+00   0.0000000E+00   0.0000000E+00   0.0000000E+00   0.0000000E+00   0.0000000E+00   0.0000000E+00   0.0000000E+00   0.0000000E+00   0.0000000E+00   0.0000000E+00   0.0000000E+00   0.0000000E+00   0.0000000E+00   0.0000000E+00   0.0000000E+00   0.0000000E+00   0.0000000E+00   0.0000000E+00   0.0000000E+00   0.0000000E+00   0.0000000E+00   0.0000000E+00   0.0000000E+00   0.0000000E+00   0.0000000E+00   0.0000000E+00   0.0000000E+00   0.0000000E+00   0.0000000E+00   0.0000000E+00   0.0000000E+00   0.0000000E+00   0.0000000E+00   0.0000000E+00   0.0000000E+00   0.0000000E+00   0.0000000E+00   0.0000000E+00   3.6568313E+00   2.4972111E+00   6.9941556E+00   3.2153960E+01   1.0884448E+02   2.1181937E+02   3.7795396E+02   3.9220086E+02   2.5290266E+02   6.7109021E+01   0.0000000E+00   0.0000000E+00   0.0000000E+00   0.0000000E+00   0.0000000E+00   0.0000000E+00   0.0000000E+00   0.0000000E+00   0.0000000E+00   0.0000000E+00   0.0000000E+00
   0.0000000E+00   0.0000000E+00   0.0000000E+00   7.1321223E-03   5.5871684E-01   1.9057420E+01   1.0370050E+02   3.8563650E+02   1.1968946E+03   2.6484553E+03   4.6258257E+03   7.0960430E+03   1.0277712E+04   1.4259110E+04   1.9148814E+04   2.5048814E+04   3.2054835E+04   4.0410914E+04   5.0070827E+04   6.0203654E+04   6.7143714E+04   6.7555285E+04   6.2541222E+04   5.1822052E+04   4.0590280E+04   3.2870539E+04   2.7172994E+04   2.2989239E+04   2.0003151E+04   1.8284508E+04   1.7417556E+04   1.6609807E+04   1.4392858E+04   9.3705805E+03   2.9159057E+03   0.0000000E+00   0.0000000E+00   0.0000000E+00   0.0000000E+00   0.0000000E+00   0.0000000E+00   0.0000000E+00   0.0000000E+00   0.0000000E+00   0.0000000E+00   0.0000000E+00   0.0000000E+00   0.0000000E+00   0.0000000E+00   0.0000000E+00   0.0000000E+00   0.0000000E+00   0.0000000E+00   0.0000000E+00   0.0000000E+00   0.0000000E+00   0.0000000E+00   0.0000000E+00   0.0000000E+00   0.0000000E+00   0.0000000E+00   0.0000000E+00   0.0000000E+00   0.0000000E+00   0.0000000E+00   0.0000000E+00   0.0000000E+00   0.0000000E+00   0.0000000E+00   0.0000000E+00   0.0000000E+00   0.0000000E+00   0.0000000E+00   0.0000000E+00   0.0000000E+00   0.0000000E+00   0.0000000E+00   0.0000000E+00   0.0000000E+00   0.0000000E+00   1.1206130E-01   5.6876493E+00   2.6744641E+01   9.1072727E+01   1.7817009E+02   3.1902640E+02   3.3102968E+02   2.1238858E+02   5.5353311E+01   0.0000000E+00   0.0000000E+00   0.0000000E+00   0.0000000E+00   0.0000000E+00   0.0000000E+00   0.0000000E+00   0.0000000E+00   0.0000000E+00   0.0000000E+00   0.0000000E+00
   0.0000000E+00   0.0000000E+00   0.0000000E+00   7.9425862E-03   6.2202843E-01   2.1163789E+01   1.1033457E+02   4.0309455E+02   1.2395711E+03   2.7315375E+03   4.7637383E+03   7.3070621E+03   1.0587095E+04   1.4700011E+04   1.9770206E+04   2.5923549E+04   3.3295430E+04   4.2146608E+04   5.2151670E+04   6.1608389E+04   6.5830599E+04   6.2309016E+04   5.4461156E+04   4.3161655E+04   3.3033029E+04   2.6590511E+04   2.2101771E+04   1.9012858E+04   1.7007441E+04   1.6005604E+04   1.5590278E+04   1.4971162E+04   1.2772873E+04   8.0389544E+03   2.4184588E+03   0.0000000E+00   0.0000000E+00   0.0000000E+00   0.0000000E+00   0.0000000E+00   0.0000000E+00   0.0000000E+00   0.0000000E+00   0.0000000E+00   0.0000000E+00   0.0000000E+00   0.0000000E+00   0.0000000E+00   0.0000000E+00   0.0000000E+00   0.0000000E+00   0.0000000E+00   0.0000000E+00   0.0000000E+00   0.0000000E+00   0.0000000E+00   0.0000000E+00   0.0000000E+00   0.0000000E+00   0.0000000E+00   0.0000000E+00   0.0000000E+00   0.0000000E+00   0.0000000E+00   0.0000000E+00   0.0000000E+00   0.0000000E+00   0.0000000E+00   0.0000000E+00   0.0000000E+00   0.0000000E+00   0.0000000E+00   0.0000000E+00   0.0000000E+00   0.0000000E+00   0.0000000E+00   0.0000000E+00   0.0000000E+00   0.0000000E+00   0.0000000E+00   9.0911258E-02   4.6468128E+00   2.2308533E+01   7.6335854E+01   1.5003077E+02   2.6938323E+02   2.7938575E+02   1.7831276E+02   4.5644030E+01   0.0000000E+00   0.0000000E+00   0.0000000E+00   0.0000000E+00   0.0000000E+00   0.0000000E+00   0.0000000E+00   0.0000000E+00   0.0000000E+00   0.0000000E+00   0.0000000E+00
