   0.0000000E+00   0.0000000E+00   0.0000000E+00   0.0000000E+00   0.0000000E+00   0.0000000E+00   0.0000000E+00   0.0000000E+00   0.0000000E+00   0.0000000E+00   0.0000000E+00   0.0000000E+00   0.0000000E+00   0.0000000E+00   0.0000000E+00   0.0000000E+00   0.0000000E+00   0.0000000E+00   0.0000000E+00   0.0000000E+00   0.0000000E+00   0.0000000E+00   0.0000000E+00   0.0000000E+00   0.0000000E+00   0.0000000E+00   0.0000000E+00   0.0000000E+00   0.0000000E+00   0.0000000E+00   0.0000000E+00   0.0000000E+00   0.0000000E+00   0.0000000E+00   0.0000000E+00   0.0000000E+00   0.0000000E+00   0.0000000E+00   0.0000000E+00   0.0000000E+00   0.0000000E+00   0.0000000E+00   0.0000000E+00   0.0000000E+00   0.0000000E+00   0.0000000E+00   0.0000000E+00   0.0000000E+00   0.0000000E+00   0.0000000E+00   0.0000000E+00   0.0000000E+00   0.0000000E+00   0.0000000E+00   0.0000000E+00   0.0000000E+00   0.0000000E+00   0.0000000E+00   0.0000000E+00   0.0000000E+00   0.0000000E+00   0.0000000E+00   0.0000000E+00   0.0000000E+00   0.0000000E+00   0.0000000E+00   0.0000000E+00   0.0000000E+00   0.0000000E+00   0.0000000E+00   0.0000000E+00   0.0000000E+00   0.0000000E+00   0.0000000E+00   0.0000000E+00   0.0000000E+00   0.0000000E+00   0.0000000E+00   0.0000000E+00   0.0000000E+00   0.0000000E+00   0.0000000E+00   0.0000000E+00   0.0000000E+00   0.0000000E+00   0.0000000E+00   0.0000000E+00   0.0000000E+00   0.0000000E+00   0.0000000E+00   0.0000000E+00   0.0000000E+00   0.0000000E+00   0.0000000E+00   0.0000000E+00   0.0000000E+00   0.0000000E+00   0.0000000E+00   0.0000000E+00   0.0000000E+00
   0.0000000E+00   0.0000000E+00   0.0000000E+00   0.0000000E+00   0.0000000E+00   0.0000000E+00   0.0000000E+00   0.0000000E+00   0.0000000E+00   0.0000000E+00   0.0000000E+00   0.0000000E+00   0.0000000E+00   0.0000000E+00   0.0000000E+00   0.0000000E+00   0.0000000E+00   0.0000000E+00   0.0000000E+00   0.0000000E+00   0.0000000E+00   0.0000000E+00   0.0000000E+00   0.0000000E+00   0.0000000E+00   0.0000000E+00   0.0000000E+00   0.0000000E+00   0.0000000E+00   0.0000000E+00   0.0000000E+00   0.0000000E+00   0.0000000E+00   0.0000000E+00   0.0000000E+00   0.0000000E+00   0.0000000E+00   0.0000000E+00   0.0000000E+00   0.0000000E+00   0.0000000E+00   0.0000000E+00   0.0000000E+00   0.0000000E+00   0.0000000E+00   0.0000000E+00   0.0000000E+00   0.0000000E+00   0.0000000E+00   0.0000000E+00   0.0000000E+00   0.0000000E+00   0.0000000E+00   0.0000000E+00   0.0000000E+00   0.0000000E+00   0.0000000E+00   0.0000000E+00   0.0000000E+00   0.0000000E+00   0.0000000E+00   0.0000000E+00   0.0000000E+00   0.0000000E+00   0.0000000E+00   0.0000000E+00   0.0000000E+00   0.0000000E+00   0.0000000E+00   0.0000000E+00   0.0000000E+00   0.0000000E+00   0.0000000E+00   0.0000000E+00   0.0000000E+00   0.0000000E+00   0.0000000E+00   0.0000000E+00   0.0000000E+00   0.0000000E+00   0.0000000E+00   0.0000000E+00   0.0000000E+00   0.0000000E+00   0.0000000E+00   0.0000000E+00   0.0000000E+00   0.0000000E+00   0.0000000E+00   0.0000000E+00   0.0000000E+00   0.0000000E+00   0.0000000E+00   0.0000000E+00   0.0000000E+00   0.0000000E+00   0.0000000E+00   0.0000000E+00   0.0000000E+00   0.0000000E+00
   0.0000000E+00   0.0000000E+00   0.0000000E+00   0.0000000E+00   0.0000000E+00   0.0000000E+00   0.0000000E+00   0.0000000E+00   0.0000000E+00   0.0000000E+00   0.0000000E+00   0.0000000E+00   0.0000000E+00   0.0000000E+00   0.0000000E+00   0.0000000E+00   0.0000000E+00   0.0000000E+00   0.0000000E+00   0.0000000E+00   0.0000000E+00   0.0000000E+00   0.0000000E+00   0.0000000E+00   0.0000000E+00   0.0000000E+00   0.0000000E+00   0.0000000E+00   0.0000000E+00   0.0000000E+00   0.0000000E+00   0.0000000E+00   0.0000000E+00   0.0000000E+00   0.0000000E+00   0.0000000E+00   0.0000000E+00   0.0000000E+00   0.0000000E+00   0.0000000E+00   0.0000000E+00   0.0000000E+00   0.0000000E+00   0.0000000E+00   0.0000000E+00   0.0000000E+00   0.0000000E+00   0.0000000E+00   0.0000000E+00   0.0000000E+00   0.0000000E+00   0.0000000E+00   0.0000000E+00   0.0000000E+00   0.0000000E+00   0.0000000E+00   0.0000000E+00   0.0000000E+00   0.0000000E+00   0.0000000E+00   0.0000000E+00   0.0000000E+00   0.0000000E+00   0.0000000E+00   0.0000000E+00   0.0000000E+00   0.0000000E+00   0.0000000E+00   0.0000000E+00   0.0000000E+00   0.0000000E+00   0.0000000E+00   0.0000000E+00   0.0000000E+00   0.0000000E+00   0.0000000E+00   0.0000000E+00   0.0000000E+00   0.0000000E+00   0.0000000E+00   0.0000000E+00   0.0000000E+00   0.0000000E+00   0.0000000E+00   0.0000000E+00   0.0000000E+00   0.0000000E+00   0.0000000E+00   0.0000000E+00   0.0000000E+00   0.0000000E+00   0.0000000E+00   0.0000000E+00   0.0000000E+00   0.0000000E+00   0.0000000E+00   0.0000000E+00   0.0000000E+00   0.0000000E+00   0.0000000E+00
   0.0000000E+00   0.0000000E+00   0.0000000E+00   0.0000000E+00   0.0000000E+00   0.0000000E+00   0.0000000E+00   0.0000000E+00   0.0000000E+00   0.0000000E+00   0.0000000E+00   0.0000000E+00   0.0000000E+00   0.0000000E+00   0.0000000E+00   0.0000000E+00   0.0000000E+00   0.0000000E+00   0.0000000E+00   0.0000000E+00   0.0000000E+00   0.0000000E+00   0.0000000E+00   0.0000000E+00   0.0000000E+00   0.0000000E+00   0.0000000E+00   0.0000000E+00   0.0000000E+00   0.0000000E+00   0.0000000E+00   0.0000000E+00   0.0000000E+00   0.0000000E+00   0.0000000E+00   0.0000000E+00   0.0000000E+00   0.0000000E+00   0.0000000E+00   0.0000000E+00   0.0000000E+00   0.0000000E+00   0.0000000E+00   7.4213641E-15   1.0943038E-14   1.6066184E-14   2.3522271E-14   3.4382324E-14   5.0217797E-14   7.3339474E-14   1.0715319E-13   1.5669105E-13   2.2940707E-13   3.3637261E-13   4.9407809E-13   7.2715776E-13   1.0725243E-12   1.5856649E-12   2.3502646E-12   3.4929687E-12   5.2061197E-12   7.7829111E-12   1.1671968E-11   1.7562440E-11   2.6517239E-11   4.0182587E-11   6.1119051E-11   1.0014928E-10   1.4673951E-10   2.2601450E-10   3.4963002E-10   5.4328096E-10   8.4809130E-10   1.3302113E-09   2.0965934E-09   3.3210594E-09   5.2875967E-09   8.4626426E-09   1.3616392E-08   2.2027415E-08   3.5829528E-08   5.8602714E-08   9.6384535E-08   1.5940908E-07   2.6510937E-07   4.4332129E-07   7.4533375E-07   1.2596721E-06   2.1396256E-06   3.6467996E-06   6.0365987E-06   6.1983612E-06   5.7373789E-06   5.2628227E-06   4.7263353E-06   3.3856971E-06   2.7631064E-06   2.1089297E-06   1.3804954E-06   8.2264419E-07
   0.0000000E+00   0.0000000E+00   0.0000000E+00   0.0000000E+00   0.0000000E+00   0.0000000E+00   0.0000000E+00   0.0000000E+00   0.0000000E+00   0.0000000E+00   0.0000000E+00   0.0000000E+00   0.0000000E+00   0.0000000E+00   0.0000000E+00   0.0000000E+00   0.0000000E+00   0.0000000E+00   0.0000000E+00   0.0000000E+00   0.0000000E+00   0.0000000E+00   0.0000000E+00   0.0000000E+00   0.0000000E+00   0.0000000E+00   0.0000000E+00   0.0000000E+00   0.0000000E+00   0.0000000E+00   0.0000000E+00   0.0000000E+00   0.0000000E+00   0.0000000E+00   0.0000000E+00   0.0000000E+00   0.0000000E+00   0.0000000E+00   0.0000000E+00   0.0000000E+00   0.0000000E+00   0.0000000E+00   0.0000000E+00   1.5713488E-14   2.3292138E-14   3.4379327E-14   5.0604904E-14   7.4366898E-14   1.0920029E-13   1.6032660E-13   2.3547493E-13   3.4611209E-13   5.0929000E-13   7.5042994E-13   1.1075278E-12   1.6375294E-12   2.4260244E-12   3.6020345E-12   5.3606536E-12   7.9978291E-12   1.1963992E-11   1.7947063E-11   2.7001423E-11   4.0749099E-11   6.1694884E-11   1.0087727E-10   1.5497858E-10   3.9070577E-10   5.9000951E-10   9.1008165E-10   1.4094506E-09   2.1919216E-09   3.4234340E-09   5.3705003E-09   8.4632050E-09   1.3398936E-08   2.1313981E-08   3.4068640E-08   5.4722943E-08   8.8333298E-08   1.4329034E-07   2.3356875E-07   3.8250604E-07   6.2911217E-07   1.0384491E-06   1.7181438E-06   2.8427062E-06   4.6824244E-06   7.6106157E-06   1.1950825E-05   1.6734464E-05   1.5472599E-05   1.4061117E-05   1.2122225E-05   6.1921073E-06   3.3623894E-06   2.7390451E-06   2.0804319E-06   1.3241297E-06   8.2956909E-07
   0.0000000E+00   0.0000000E+00   0.0000000E+00   0.0000000E+00   0.0000000E+00   0.0000000E+00   0.0000000E+00   0.0000000E+00   0.0000000E+00   0.0000000E+00   0.0000000E+00   0.0000000E+00   0.0000000E+00   0.0000000E+00   0.0000000E+00   0.0000000E+00   0.0000000E+00   0.0000000E+00   0.0000000E+00   0.0000000E+00   0.0000000E+00   0.0000000E+00   0.0000000E+00   0.0000000E+00   0.0000000E+00   0.0000000E+00   0.0000000E+00   0.0000000E+00   0.0000000E+00   0.0000000E+00   0.0000000E+00   0.0000000E+00   0.0000000E+00   0.0000000E+00   0.0000000E+00   0.0000000E+00   0.0000000E+00   0.0000000E+00   0.0000000E+00   0.0000000E+00   0.0000000E+00   0.0000000E+00   0.0000000E+00   2.7077889E-14   4.0366228E-14   5.9919013E-14   8.8696199E-14   1.3107460E-13   1.9353751E-13   2.8570638E-13   4.2188791E-13   6.2339925E-13   9.2206745E-13   1.3655456E-12   2.0253096E-12   3.0088666E-12   4.4783331E-12   6.6788384E-12   9.9820810E-12   1.4953337E-11   2.2454895E-11   3.3806278E-11   5.1033296E-11   8.3319113E-11   1.2894379E-10   3.4994720E-10   5.4976024E-10   1.0710611E-09   1.6333858E-09   2.5229084E-09   3.9112539E-09   6.0867416E-09   9.5095200E-09   1.4917122E-08   2.3496781E-08   3.7167885E-08   5.9046714E-08   9.4213758E-08   1.5098411E-07   2.4301419E-07   3.9279433E-07   6.3741742E-07   1.0380124E-06   1.6948373E-06   2.7703219E-06   4.5206482E-06   7.3271094E-06   1.1684734E-05   1.8004382E-05   2.5820818E-05   3.1495012E-05   2.8608285E-05   2.5541020E-05   2.0404602E-05   6.3477209E-06   3.3347683E-06   2.7099464E-06   2.0460598E-06   1.2669570E-06   8.3345770E-07
   0.0000000E+00   0.0000000E+00   0.0000000E+00   0.0000000E+00   0.0000000E+00   0.0000000E+00   0.0000000E+00   0.0000000E+00   0.0000000E+00   0.0000000E+00   0.0000000E+00   0.0000000E+00   0.0000000E+00   0.0000000E+00   0.0000000E+00   0.0000000E+00   0.0000000E+00   0.0000000E+00   0.0000000E+00   0.0000000E+00   0.0000000E+00   0.0000000E+00   0.0000000E+00   0.0000000E+00   0.0000000E+00   0.0000000E+00   0.0000000E+00   0.0000000E+00   0.0000000E+00   0.0000000E+00   0.0000000E+00   0.0000000E+00   0.0000000E+00   0.0000000E+00   0.0000000E+00   0.0000000E+00   0.0000000E+00   0.0000000E+00   0.0000000E+00   0.0000000E+00   0.0000000E+00   0.0000000E+00   0.0000000E+00   4.3202915E-14   6.4823910E-14   9.6846071E-14   1.4427742E-13   2.1456440E-13   3.1879669E-13   4.7351715E-13   7.0344663E-13   1.0455872E-12   1.5554563E-12   2.3165130E-12   3.4544480E-12   5.1590236E-12   7.7173860E-12   1.1565101E-11   1.7364492E-11   2.6125391E-11   3.9391596E-11   5.9529860E-11   9.7528202E-11   1.5216195E-10   4.3807393E-10   8.9695297E-10   1.4161321E-09   2.5053581E-09   3.8404814E-09   5.9392413E-09   9.2156117E-09   1.4348676E-08   2.2420116E-08   3.5159496E-08   5.5342857E-08   8.7442624E-08   1.3869026E-07   2.2081766E-07   3.5291336E-07   5.6610287E-07   9.1118290E-07   1.4709411E-06   2.3795927E-06   3.8520468E-06   6.2236200E-06   9.9902637E-06   1.5804055E-05   2.4284043E-05   3.5327932E-05   4.6607655E-05   5.2298808E-05   4.7064993E-05   4.1392445E-05   3.0176483E-05   6.5750068E-06   3.3043238E-06   2.6776016E-06   2.0079863E-06   1.2106154E-06   8.3572551E-07
   0.0000000E+00   0.0000000E+00   0.0000000E+00   0.0000000E+00   0.0000000E+00   0.0000000E+00   0.0000000E+00   0.0000000E+00   0.0000000E+00   0.0000000E+00   0.0000000E+00   0.0000000E+00   0.0000000E+00   0.0000000E+00   0.0000000E+00   0.0000000E+00   0.0000000E+00   0.0000000E+00   0.0000000E+00   0.0000000E+00   0.0000000E+00   0.0000000E+00   0.0000000E+00   0.0000000E+00   0.0000000E+00   0.0000000E+00   0.0000000E+00   0.0000000E+00   0.0000000E+00   0.0000000E+00   0.0000000E+00   0.0000000E+00   0.0000000E+00   0.0000000E+00   0.0000000E+00   0.0000000E+00   0.0000000E+00   0.0000000E+00   0.0000000E+00   0.0000000E+00   0.0000000E+00   0.0000000E+00   0.0000000E+00   6.6315679E-14   1.0022687E-13   1.5081833E-13   2.2628956E-13   3.3890804E-13   5.0705282E-13   7.5830225E-13   1.1342151E-12   1.6988597E-12   2.5435584E-12   3.8117537E-12   5.7185716E-12   8.5901376E-12   1.2921818E-11   1.9467622E-11   2.9377625E-11   4.4410091E-11   7.2702518E-11   1.0521350E-10   1.7348601E-10   5.0769789E-10   1.0959138E-09   2.0096179E-09   3.1760259E-09   5.3537446E-09   8.2348601E-09   1.2749313E-08   1.9797225E-08   3.0835342E-08   4.8178893E-08   7.5519729E-08   1.1876407E-07   1.8739023E-07   2.9665279E-07   4.7116317E-07   7.5069837E-07   1.1995820E-06   1.9216808E-06   3.0838885E-06   4.9514097E-06   7.9363130E-06   1.2650930E-05   1.9924787E-05   3.0658119E-05   4.5225815E-05   6.2102520E-05   7.6384712E-05   8.1370080E-05   7.2543938E-05   6.2087620E-05   4.1318019E-05   6.6024259E-06   3.2719673E-06   2.6430700E-06   1.9675115E-06   1.1558857E-06   8.3707255E-07
   0.0000000E+00   0.0000000E+00   0.0000000E+00   0.0000000E+00   0.0000000E+00   0.0000000E+00   0.0000000E+00   0.0000000E+00   0.0000000E+00   0.0000000E+00   0.0000000E+00   0.0000000E+00   0.0000000E+00   0.0000000E+00   0.0000000E+00   0.0000000E+00   0.0000000E+00   0.0000000E+00   0.0000000E+00   0.0000000E+00   0.0000000E+00   0.0000000E+00   0.0000000E+00   0.0000000E+00   0.0000000E+00   0.0000000E+00   0.0000000E+00   0.0000000E+00   0.0000000E+00   0.0000000E+00   0.0000000E+00   0.0000000E+00   0.0000000E+00   0.0000000E+00   0.0000000E+00   0.0000000E+00   0.0000000E+00   0.0000000E+00   0.0000000E+00   0.0000000E+00   0.0000000E+00   0.0000000E+00   0.0000000E+00   9.9910392E-14   1.5222084E-13   2.3089533E-13   3.4919213E-13   5.2708515E-13   7.9470045E-13   1.1975547E-12   1.8049852E-12   2.7257674E-12   4.1101949E-12   6.2021564E-12   9.3670590E-12   1.4161371E-11   2.1433893E-11   3.2481540E-11   4.9289107E-11   8.1444050E-11   1.2668172E-10   3.4767460E-10   5.7271804E-10   1.2549995E-09   2.4083705E-09   4.2285940E-09   8.5097066E-09   3.5982398E-08   4.8551614E-08   6.6191613E-08   9.1196313E-08   1.2708007E-07   1.7913363E-07   2.5445876E-07   3.6302587E-07   5.2958543E-07   7.8316270E-07   1.1732920E-06   1.7792357E-06   2.7305702E-06   4.2027736E-06   6.0749933E-06   9.6704795E-06   1.5325222E-05   2.4053224E-05   3.7066107E-05   5.5291389E-05   7.8116454E-05   1.0152872E-04   1.1810452E-04   1.2138541E-04   1.0709489E-04   8.8694981E-05   5.3491380E-05   6.5540506E-06   3.2382868E-06   2.6070207E-06   1.9254803E-06   1.1031511E-06   8.3787985E-07
   0.0000000E+00   0.0000000E+00   0.0000000E+00   0.0000000E+00   0.0000000E+00   0.0000000E+00   0.0000000E+00   0.0000000E+00   0.0000000E+00   0.0000000E+00   0.0000000E+00   0.0000000E+00   0.0000000E+00   0.0000000E+00   0.0000000E+00   0.0000000E+00   0.0000000E+00   0.0000000E+00   0.0000000E+00   0.0000000E+00   0.0000000E+00   0.0000000E+00   0.0000000E+00   0.0000000E+00   0.0000000E+00   0.0000000E+00   0.0000000E+00   0.0000000E+00   0.0000000E+00   0.0000000E+00   0.0000000E+00   0.0000000E+00   0.0000000E+00   0.0000000E+00   0.0000000E+00   0.0000000E+00   0.0000000E+00   0.0000000E+00   0.0000000E+00   0.0000000E+00   0.0000000E+00   0.0000000E+00   0.0000000E+00   1.4934511E-13   2.2956752E-13   3.5130281E-13   5.3595263E-13   8.1600834E-13   1.2408446E-12   1.8856628E-12   2.8664671E-12   4.3665722E-12   6.6360628E-12   1.0089874E-11   1.5350709E-11   2.3371645E-11   5.0294217E-11   4.3470939E-10   4.8923694E-09   6.3064268E-09   8.3281512E-09   1.0724382E-08   1.4000901E-08   1.8798818E-08   2.5403240E-08   3.4710972E-08   5.1814778E-08   1.0034968E-07   1.3308296E-07   1.7782026E-07   2.3956277E-07   3.2575232E-07   4.4721238E-07   6.1852856E-07   8.6768455E-07   1.2314103E-06   1.7718555E-06   2.5845329E-06   3.8196989E-06   5.7103085E-06   8.5401335E-06   1.2391214E-05   1.9166633E-05   2.9448953E-05   4.3901167E-05   6.5475486E-05   9.4388952E-05   1.2756421E-04   1.5766113E-04   1.7557096E-04   1.7552295E-04   1.5300685E-04   1.2191758E-04   6.6105626E-05   6.4415356E-06   3.2036722E-06   2.5698935E-06   1.8824709E-06   1.0525867E-06   8.3836581E-07
   0.0000000E+00   0.0000000E+00   0.0000000E+00   0.0000000E+00   0.0000000E+00   0.0000000E+00   0.0000000E+00   0.0000000E+00   0.0000000E+00   0.0000000E+00   0.0000000E+00   0.0000000E+00   0.0000000E+00   0.0000000E+00   0.0000000E+00   0.0000000E+00   0.0000000E+00   0.0000000E+00   0.0000000E+00   0.0000000E+00   0.0000000E+00   0.0000000E+00   0.0000000E+00   0.0000000E+00   0.0000000E+00   0.0000000E+00   0.0000000E+00   0.0000000E+00   0.0000000E+00   0.0000000E+00   0.0000000E+00   0.0000000E+00   0.0000000E+00   0.0000000E+00   0.0000000E+00   0.0000000E+00   0.0000000E+00   0.0000000E+00   0.0000000E+00   0.0000000E+00   0.0000000E+00   0.0000000E+00   0.0000000E+00   2.2303155E-13   3.4618970E-13   5.3491670E-13   8.2393697E-13   1.2664182E-12   1.9438337E-12   2.9814395E-12   4.5750868E-12   1.1607177E-11   1.8895337E-10   2.2413714E-09   2.9365576E-09   3.8050997E-09   4.9770117E-09   7.4733956E-09   1.5195590E-08   1.9632920E-08   2.5621526E-08   3.2722887E-08   4.2589989E-08   5.6163843E-08   7.4368405E-08   9.9705138E-08   1.4215484E-07   2.2763253E-07   3.0003001E-07   3.9777586E-07   5.3092783E-07   7.1416329E-07   9.6853019E-07   1.3243460E-06   1.8411840E-06   2.5763635E-06   3.6516438E-06   5.2429818E-06   7.6213306E-06   1.1184681E-05   1.6400979E-05   2.3730076E-05   3.5839462E-05   5.3617730E-05   7.8079431E-05   1.1143278E-04   1.5372518E-04   1.9885663E-04   2.3520197E-04   2.5331015E-04   2.4731525E-04   2.1235357E-04   1.6212880E-04   7.8410813E-05   6.2965854E-06   3.1683861E-06   2.5319868E-06   1.8388944E-06   1.0042513E-06   8.3865897E-07
   0.0000000E+00   0.0000000E+00   0.0000000E+00   0.0000000E+00   0.0000000E+00   0.0000000E+00   0.0000000E+00   0.0000000E+00   0.0000000E+00   0.0000000E+00   0.0000000E+00   0.0000000E+00   0.0000000E+00   0.0000000E+00   0.0000000E+00   0.0000000E+00   0.0000000E+00   0.0000000E+00   0.0000000E+00   0.0000000E+00   0.0000000E+00   0.0000000E+00   0.0000000E+00   0.0000000E+00   0.0000000E+00   0.0000000E+00   0.0000000E+00   0.0000000E+00   0.0000000E+00   0.0000000E+00   0.0000000E+00   0.0000000E+00   0.0000000E+00   0.0000000E+00   0.0000000E+00   0.0000000E+00   0.0000000E+00   0.0000000E+00   0.0000000E+00   0.0000000E+00   0.0000000E+00   0.0000000E+00   0.0000000E+00   3.3437761E-13   5.2456164E-13   8.1912349E-13   1.2749568E-12   1.9799886E-12   3.0702113E-12   9.3351552E-12   1.8121956E-10   2.1493013E-09   3.2540554E-09   6.7825325E-09   8.9168633E-09   1.1626434E-08   1.5328314E-08   2.1860709E-08   3.5322299E-08   4.5810082E-08   5.9660511E-08   7.6620378E-08   9.9834517E-08   1.3105447E-07   1.7259472E-07   2.3010653E-07   3.2046348E-07   4.7128778E-07   6.1925117E-07   8.1749926E-07   1.0852758E-06   1.4502774E-06   1.9521760E-06   2.6507022E-06   3.6527225E-06   5.0621975E-06   7.0987798E-06   1.0074037E-05   1.4456320E-05   2.0904159E-05   3.0196545E-05   4.3395947E-05   6.4113787E-05   9.3374661E-05   1.3093131E-04   1.8321230E-04   2.4055799E-04   2.9847644E-04   3.3989579E-04   3.5579558E-04   3.4025057E-04   2.8733468E-04   2.0910316E-04   8.9598970E-05   6.1370826E-06   3.1326066E-06   2.4935078E-06   1.7950520E-06   9.5813669E-07   8.3883601E-07
   0.0000000E+00   0.0000000E+00   0.0000000E+00   0.0000000E+00   0.0000000E+00   0.0000000E+00   0.0000000E+00   0.0000000E+00   0.0000000E+00   0.0000000E+00   0.0000000E+00   0.0000000E+00   0.0000000E+00   0.0000000E+00   0.0000000E+00   0.0000000E+00   0.0000000E+00   0.0000000E+00   0.0000000E+00   0.0000000E+00   0.0000000E+00   0.0000000E+00   0.0000000E+00   0.0000000E+00   0.0000000E+00   0.0000000E+00   0.0000000E+00   0.0000000E+00   0.0000000E+00   0.0000000E+00   0.0000000E+00   0.0000000E+00   0.0000000E+00   0.0000000E+00   0.0000000E+00   0.0000000E+00   0.0000000E+00   0.0000000E+00   0.0000000E+00   0.0000000E+00   0.0000000E+00   0.0000000E+00   0.0000000E+00   5.0508994E-13   8.0154812E-13   1.2660404E-12   1.9930053E-12   3.1298761E-12   4.9070222E-12   5.1921182E-11   7.8207475E-10   6.4794111E-09   9.3450745E-09   1.5436378E-08   2.0370339E-08   2.6742859E-08   3.5515042E-08   4.9635840E-08   7.3298292E-08   9.5481638E-08   1.2452719E-07   1.6114631E-07   2.1037272E-07   2.7583894E-07   3.6267600E-07   4.8217778E-07   6.6067944E-07   9.2750011E-07   1.2161373E-06   1.6005866E-06   2.1163926E-06   2.8141962E-06   3.7666826E-06   5.0842545E-06   6.9452555E-06   9.5473392E-06   1.3266398E-05   1.8634615E-05   2.6431195E-05   3.7713735E-05   5.3752471E-05   7.6459400E-05   1.1048499E-04   1.5674167E-04   2.1476400E-04   2.8691210E-04   3.6216932E-04   4.3253184E-04   4.7710896E-04   4.8776340E-04   4.5762530E-04   3.7913526E-04   2.6154466E-04   9.8932992E-05   5.9731404E-06   3.0964558E-06   2.4546056E-06   1.7511700E-06   9.1419535E-07   8.3894298E-07
   0.0000000E+00   0.0000000E+00   0.0000000E+00   0.0000000E+00   0.0000000E+00   0.0000000E+00   0.0000000E+00   0.0000000E+00   0.0000000E+00   0.0000000E+00   0.0000000E+00   0.0000000E+00   0.0000000E+00   0.0000000E+00   0.0000000E+00   0.0000000E+00   0.0000000E+00   0.0000000E+00   0.0000000E+00   0.0000000E+00   0.0000000E+00   0.0000000E+00   0.0000000E+00   0.0000000E+00   0.0000000E+00   0.0000000E+00   0.0000000E+00   0.0000000E+00   0.0000000E+00   0.0000000E+00   0.0000000E+00   0.0000000E+00   0.0000000E+00   0.0000000E+00   0.0000000E+00   0.0000000E+00   0.0000000E+00   0.0000000E+00   0.0000000E+00   0.0000000E+00   0.0000000E+00   0.0000000E+00   0.0000000E+00   7.7087437E-13   1.2386139E-12   1.9806092E-12   3.1560333E-12   5.0160873E-12   1.0426332E-11   1.6842757E-10   2.2720408E-09   1.4701327E-08   2.0838472E-08   3.1421684E-08   4.1654492E-08   5.5070318E-08   7.3586121E-08   1.0165439E-07   1.4357493E-07   1.8785608E-07   2.4569273E-07   3.1993900E-07   4.1848145E-07   5.4868162E-07   7.2103662E-07   9.5633857E-07   1.2938518E-06   1.7661346E-06   2.3112758E-06   3.0334897E-06   3.9965556E-06   5.2906026E-06   7.0448922E-06   9.4532276E-06   1.2806926E-05   1.7468146E-05   2.4058002E-05   3.3452984E-05   4.6899411E-05   6.6033624E-05   9.2825086E-05   1.3022491E-04   1.8380284E-04   2.5344840E-04   3.3494301E-04   4.3462811E-04   5.2619580E-04   6.0734153E-04   6.5193548E-04   6.5255989E-04   6.0135374E-04   4.8788044E-04   3.1766445E-04   1.0589263E-04   5.8102973E-06   3.0600181E-06   2.4153910E-06   1.7074231E-06   8.7235766E-07   8.3900764E-07
   0.0000000E+00   0.0000000E+00   0.0000000E+00   0.0000000E+00   0.0000000E+00   0.0000000E+00   0.0000000E+00   0.0000000E+00   0.0000000E+00   0.0000000E+00   0.0000000E+00   0.0000000E+00   0.0000000E+00   0.0000000E+00   0.0000000E+00   0.0000000E+00   0.0000000E+00   0.0000000E+00   0.0000000E+00   0.0000000E+00   0.0000000E+00   0.0000000E+00   0.0000000E+00   0.0000000E+00   0.0000000E+00   0.0000000E+00   0.0000000E+00   0.0000000E+00   0.0000000E+00   0.0000000E+00   0.0000000E+00   0.0000000E+00   0.0000000E+00   0.0000000E+00   0.0000000E+00   0.0000000E+00   0.0000000E+00   0.0000000E+00   0.0000000E+00   0.0000000E+00   0.0000000E+00   0.0000000E+00   0.0000000E+00   1.1914178E-12   1.9399299E-12   3.1430743E-12   5.0736411E-12   8.1670898E-12   5.2286878E-11   6.4217405E-10   5.5217639E-09   2.9820829E-08   4.1894697E-08   6.0412623E-08   8.0506207E-08   1.0714960E-07   1.4386626E-07   1.9718379E-07   2.7182487E-07   3.5707264E-07   4.6838508E-07   6.1254113E-07   8.0240005E-07   1.0520946E-06   1.3817866E-06   1.8275224E-06   2.4464967E-06   3.2791744E-06   4.2814046E-06   5.6019083E-06   7.3519242E-06   9.6874398E-06   1.2830957E-05   1.7109120E-05   2.2993115E-05   3.1107781E-05   4.2446592E-05   5.8394490E-05   8.0854822E-05   1.1223162E-04   1.5534937E-04   2.1417913E-04   2.9469672E-04   3.9454400E-04   5.0682010E-04   6.2987620E-04   7.3776672E-04   8.2665856E-04   8.6679748E-04   8.5147665E-04   7.7132565E-04   6.1148513E-04   3.7438324E-04   1.1008484E-04   5.6514700E-06   3.0233530E-06   2.3759498E-06   1.6639488E-06   8.3254197E-07   8.3904673E-07
   0.0000000E+00   0.0000000E+00   0.0000000E+00   0.0000000E+00   0.0000000E+00   0.0000000E+00   0.0000000E+00   0.0000000E+00   0.0000000E+00   0.0000000E+00   0.0000000E+00   0.0000000E+00   0.0000000E+00   0.0000000E+00   0.0000000E+00   0.0000000E+00   0.0000000E+00   0.0000000E+00   0.0000000E+00   0.0000000E+00   0.0000000E+00   0.0000000E+00   0.0000000E+00   0.0000000E+00   0.0000000E+00   0.0000000E+00   0.0000000E+00   0.0000000E+00   0.0000000E+00   0.0000000E+00   0.0000000E+00   0.0000000E+00   0.0000000E+00   0.0000000E+00   0.0000000E+00   0.0000000E+00   0.0000000E+00   0.0000000E+00   0.0000000E+00   0.0000000E+00   0.0000000E+00   0.0000000E+00   0.0000000E+00   1.8681003E-12   3.0848876E-12   5.0679545E-12   8.2928995E-12   1.5854610E-11   1.5523344E-10   1.7969595E-09   1.2116975E-08   5.7075095E-08   7.9756146E-08   1.1233241E-07   1.5050235E-07   2.0148950E-07   2.7143855E-07   3.6985415E-07   5.0279749E-07   6.6248468E-07   8.7091359E-07   1.1416377E-06   1.4962968E-06   1.9606816E-06   2.5713782E-06   3.3879172E-06   4.4929095E-06   5.9445363E-06   7.7365841E-06   1.0083298E-05   1.3172355E-05   1.7264691E-05   2.2728869E-05   3.0094048E-05   4.0105995E-05   5.3778293E-05   7.2635489E-05   9.8756055E-05   1.3488066E-04   1.8429689E-04   2.5064518E-04   3.3850933E-04   4.5330088E-04   5.8825815E-04   7.2888147E-04   8.7976691E-04   9.9891705E-04   1.0908571E-03   1.1203324E-03   1.0817663E-03   9.6411081E-04   7.4575409E-04   4.2839687E-04   1.1173877E-04   5.4980942E-06   2.9865032E-06   2.3363517E-06   1.6208571E-06   7.9466085E-07   8.3907036E-07
   0.0000000E+00   0.0000000E+00   0.0000000E+00   0.0000000E+00   0.0000000E+00   0.0000000E+00   0.0000000E+00   0.0000000E+00   0.0000000E+00   0.0000000E+00   0.0000000E+00   0.0000000E+00   0.0000000E+00   0.0000000E+00   0.0000000E+00   0.0000000E+00   0.0000000E+00   0.0000000E+00   0.0000000E+00   0.0000000E+00   0.0000000E+00   0.0000000E+00   0.0000000E+00   0.0000000E+00   0.0000000E+00   0.0000000E+00   0.0000000E+00   0.0000000E+00   0.0000000E+00   0.0000000E+00   0.0000000E+00   0.0000000E+00   0.0000000E+00   0.0000000E+00   0.0000000E+00   0.0000000E+00   0.0000000E+00   0.0000000E+00   0.0000000E+00   0.0000000E+00   0.0000000E+00   0.0000000E+00   0.0000000E+00   2.9757715E-12   4.9870409E-12   8.3119247E-12   1.3793443E-11   5.9486516E-11   5.7774105E-10   4.3531857E-09   2.4892999E-08   1.0550368E-07   1.4691392E-07   2.0431352E-07   2.7505780E-07   3.6989492E-07   4.9913305E-07   6.7671394E-07   9.1192919E-07   1.2033390E-06   1.5829679E-06   2.0756018E-06   2.7174812E-06   3.5533803E-06   4.6459233E-06   6.0890292E-06   8.0015291E-06   1.0475782E-05   1.3570676E-05   1.7594082E-05   2.2848789E-05   2.9751408E-05   3.8882370E-05   5.1057078E-05   6.7406272E-05   8.9469739E-05   1.1945632E-04   1.6028742E-04   2.1562792E-04   2.8958146E-04   3.8625436E-04   5.1003506E-04   6.6459222E-04   8.3688843E-04   1.0076154E-03   1.1772692E-03   1.3052646E-03   1.3937197E-03   1.4051566E-03   1.3360152E-03   1.1724717E-03   8.8390774E-04   4.7578775E-04   1.1076735E-04   5.3507781E-06   2.9495006E-06   2.2966553E-06   1.5782374E-06   7.5862503E-07   8.3908465E-07
   0.0000000E+00   0.0000000E+00   0.0000000E+00   0.0000000E+00   0.0000000E+00   0.0000000E+00   0.0000000E+00   0.0000000E+00   0.0000000E+00   0.0000000E+00   0.0000000E+00   0.0000000E+00   0.0000000E+00   0.0000000E+00   0.0000000E+00   0.0000000E+00   0.0000000E+00   0.0000000E+00   0.0000000E+00   0.0000000E+00   0.0000000E+00   0.0000000E+00   0.0000000E+00   0.0000000E+00   0.0000000E+00   0.0000000E+00   0.0000000E+00   0.0000000E+00   0.0000000E+00   0.0000000E+00   0.0000000E+00   0.0000000E+00   0.0000000E+00   0.0000000E+00   0.0000000E+00   0.0000000E+00   0.0000000E+00   0.0000000E+00   0.0000000E+00   0.0000000E+00   0.0000000E+00   0.0000000E+00   0.0000000E+00   4.8201545E-12   8.2013947E-12   1.3871285E-11   2.7644615E-11   1.5923694E-10   1.6000292E-09   9.6458127E-09   4.8818032E-08   1.9045657E-07   2.6449237E-07   3.6519274E-07   4.9328227E-07   6.6492996E-07   8.9680544E-07   1.2095106E-06   1.6187133E-06   2.1340830E-06   2.8024311E-06   3.6658914E-06   4.7827824E-06   6.2262740E-06   8.0965278E-06   1.0534110E-05   1.3707345E-05   1.7764088E-05   2.2856716E-05   2.9416380E-05   3.7900015E-05   4.8927952E-05   6.3349684E-05   8.2334114E-05   1.0748332E-04   1.4096278E-04   1.8574542E-04   2.4564303E-04   3.2519668E-04   4.2910672E-04   5.6146224E-04   7.2566714E-04   9.2282227E-04   1.1317166E-03   1.3254441E-03   1.5155925E-03   1.6450349E-03   1.7218280E-03   1.7077194E-03   1.6016492E-03   1.3853991E-03   1.0174557E-03   5.1366121E-04   1.0793456E-04   5.2096742E-06   2.9123703E-06   2.2569123E-06   1.5361631E-06   7.2434581E-07   8.3909329E-07
   0.0000000E+00   0.0000000E+00   0.0000000E+00   0.0000000E+00   0.0000000E+00   0.0000000E+00   0.0000000E+00   0.0000000E+00   0.0000000E+00   0.0000000E+00   0.0000000E+00   0.0000000E+00   0.0000000E+00   0.0000000E+00   0.0000000E+00   0.0000000E+00   0.0000000E+00   0.0000000E+00   0.0000000E+00   0.0000000E+00   0.0000000E+00   0.0000000E+00   0.0000000E+00   0.0000000E+00   0.0000000E+00   0.0000000E+00   0.0000000E+00   0.0000000E+00   0.0000000E+00   0.0000000E+00   0.0000000E+00   0.0000000E+00   0.0000000E+00   0.0000000E+00   0.0000000E+00   0.0000000E+00   0.0000000E+00   0.0000000E+00   0.0000000E+00   0.0000000E+00   0.0000000E+00   0.0000000E+00   0.0000000E+00   7.9415738E-12   1.3718755E-11   2.3539407E-11   7.8493910E-11   5.7623836E-10   3.8589424E-09   2.0052761E-08   9.2355074E-08   3.3718475E-07   4.6683642E-07   6.4119165E-07   8.6672979E-07   1.1675140E-06   1.5692880E-06   2.1021651E-06   2.7923008E-06   3.6658601E-06   4.7895424E-06   6.2291443E-06   8.0720804E-06   1.0428424E-05   1.3444903E-05   1.7316992E-05   2.2271859E-05   2.8527546E-05   3.6338888E-05   4.6270618E-05   5.8941580E-05   7.5178853E-05   9.6095998E-05   1.2320637E-04   1.5859245E-04   2.0506728E-04   2.6637577E-04   3.4726320E-04   4.5321054E-04   5.8957767E-04   7.6039880E-04   9.6779850E-04   1.2096265E-03   1.4549191E-03   1.6719453E-03   1.8727561E-03   1.9984180E-03   2.0549759E-03   2.0093458E-03   1.8625152E-03   1.5894561E-03   1.1372215E-03   5.3929831E-04   1.0338785E-04   5.0746888E-06   2.8751331E-06   2.2171690E-06   1.4946946E-06   6.9173647E-07   8.3909852E-07
   0.0000000E+00   0.0000000E+00   0.0000000E+00   0.0000000E+00   0.0000000E+00   0.0000000E+00   0.0000000E+00   0.0000000E+00   0.0000000E+00   0.0000000E+00   0.0000000E+00   0.0000000E+00   0.0000000E+00   0.0000000E+00   0.0000000E+00   0.0000000E+00   0.0000000E+00   0.0000000E+00   0.0000000E+00   0.0000000E+00   0.0000000E+00   0.0000000E+00   0.0000000E+00   0.0000000E+00   0.0000000E+00   0.0000000E+00   0.0000000E+00   0.0000000E+00   0.0000000E+00   0.0000000E+00   0.0000000E+00   0.0000000E+00   0.0000000E+00   0.0000000E+00   0.0000000E+00   0.0000000E+00   0.0000000E+00   0.0000000E+00   0.0000000E+00   0.0000000E+00   0.0000000E+00   0.0000000E+00   0.0000000E+00   1.3300270E-11   2.3310703E-11   4.8022281E-11   1.8622296E-10   1.5601694E-09   8.5114215E-09   3.9620894E-08   1.6928871E-07   5.8485202E-07   8.0589439E-07   1.1001755E-06   1.4826148E-06   1.9876297E-06   2.6524671E-06   3.5192688E-06   4.6282583E-06   6.0257509E-06   7.8008342E-06   1.0044728E-05   1.2873273E-05   1.6432155E-05   2.0910109E-05   2.6546833E-05   3.3613988E-05   4.2375538E-05   5.3130360E-05   6.6526762E-05   8.3270891E-05   1.0430713E-04   1.3091836E-04   1.6489680E-04   2.0882880E-04   2.6629019E-04   3.4201962E-04   4.4212212E-04   5.7362533E-04   7.4322374E-04   9.5526939E-04   1.2101675E-03   1.5006219E-03   1.7838245E-03   2.0205603E-03   2.2276275E-03   2.3406927E-03   2.3699858E-03   2.2899101E-03   2.1016652E-03   1.7711125E-03   1.2350587E-03   5.5240247E-04   9.7856558E-05   4.9456003E-06   2.8378071E-06   2.1774685E-06   1.4538818E-06   6.6071317E-07   8.3910168E-07
   0.0000000E+00   0.0000000E+00   0.0000000E+00   0.0000000E+00   0.0000000E+00   0.0000000E+00   0.0000000E+00   0.0000000E+00   0.0000000E+00   0.0000000E+00   0.0000000E+00   0.0000000E+00   0.0000000E+00   0.0000000E+00   0.0000000E+00   0.0000000E+00   0.0000000E+00   0.0000000E+00   0.0000000E+00   0.0000000E+00   0.0000000E+00   0.0000000E+00   0.0000000E+00   0.0000000E+00   0.0000000E+00   0.0000000E+00   0.0000000E+00   0.0000000E+00   0.0000000E+00   0.0000000E+00   0.0000000E+00   0.0000000E+00   0.0000000E+00   0.0000000E+00   0.0000000E+00   0.0000000E+00   0.0000000E+00   0.0000000E+00   0.0000000E+00   0.0000000E+00   0.0000000E+00   0.0000000E+00   0.0000000E+00   2.2597270E-11   4.2057593E-11   1.1518230E-10   6.3792855E-10   3.6858624E-09   1.7525481E-08   7.4839791E-08   3.0051239E-07   9.8829352E-07   1.3510505E-06   1.8278941E-06   2.4440723E-06   3.2453929E-06   4.2808132E-06   5.6037416E-06   7.2678855E-06   9.3367838E-06   1.1914886E-05   1.5105922E-05   1.9033445E-05   2.3848925E-05   2.9739447E-05   3.6933446E-05   4.5680739E-05   5.6193038E-05   6.8668194E-05   8.3767472E-05   1.0221529E-04   1.2505790E-04   1.5381720E-04   1.9075444E-04   2.3926379E-04   3.0402862E-04   3.9116413E-04   5.0853649E-04   6.6515592E-04   8.6953370E-04   1.1265464E-03   1.4336951E-03   1.7757842E-03   2.0970774E-03   2.3500757E-03   2.5549787E-03   2.6478002E-03   2.6461550E-03   2.5321478E-03   2.3045880E-03   1.9192542E-03   1.3052332E-03   5.5251362E-04   9.1636634E-05   4.8221260E-06   2.8004092E-06   2.1378508E-06   1.4137659E-06   6.3119542E-07   8.3910359E-07
   0.0000000E+00   0.0000000E+00   0.0000000E+00   0.0000000E+00   0.0000000E+00   0.0000000E+00   0.0000000E+00   0.0000000E+00   0.0000000E+00   0.0000000E+00   0.0000000E+00   0.0000000E+00   0.0000000E+00   0.0000000E+00   0.0000000E+00   0.0000000E+00   0.0000000E+00   0.0000000E+00   0.0000000E+00   0.0000000E+00   0.0000000E+00   0.0000000E+00   0.0000000E+00   0.0000000E+00   0.0000000E+00   0.0000000E+00   0.0000000E+00   0.0000000E+00   0.0000000E+00   0.0000000E+00   0.0000000E+00   0.0000000E+00   0.0000000E+00   0.0000000E+00   0.0000000E+00   0.0000000E+00   0.0000000E+00   0.0000000E+00   0.0000000E+00   0.0000000E+00   0.0000000E+00   0.0000000E+00   0.0000000E+00   3.8793411E-11   9.9075414E-11   3.7131232E-10   1.6411379E-09   7.9416262E-09   3.4006707E-08   1.3531996E-07   5.1438825E-07   1.6122101E-06   2.1772486E-06   2.9068767E-06   3.8353596E-06   5.0176328E-06   6.5094703E-06   8.3683605E-06   1.0649724E-05   1.3412547E-05   1.6745922E-05   2.0719672E-05   2.5403819E-05   3.0885611E-05   3.7278324E-05   4.4746519E-05   5.3496392E-05   6.3689865E-05   7.5523748E-05   9.0047195E-05   1.0881701E-04   1.3305396E-04   1.6370789E-04   2.0370013E-04   2.5683466E-04   3.2857035E-04   4.2619227E-04   5.5919452E-04   7.3862927E-04   9.7507536E-04   1.2745232E-03   1.6313633E-03   2.0211106E-03   2.3758950E-03   2.6405765E-03   2.8344745E-03   2.9024220E-03   2.8700378E-03   2.7254410E-03   2.4626318E-03   2.0270587E-03   1.3453013E-03   5.4191871E-04   8.5176912E-05   4.7039589E-06   2.7629555E-06   2.0983540E-06   1.3743805E-06   6.0310630E-07   8.3910475E-07
   0.0000000E+00   0.0000000E+00   0.0000000E+00   0.0000000E+00   0.0000000E+00   0.0000000E+00   0.0000000E+00   0.0000000E+00   0.0000000E+00   0.0000000E+00   0.0000000E+00   0.0000000E+00   0.0000000E+00   0.0000000E+00   0.0000000E+00   0.0000000E+00   0.0000000E+00   0.0000000E+00   0.0000000E+00   0.0000000E+00   0.0000000E+00   0.0000000E+00   0.0000000E+00   0.0000000E+00   0.0000000E+00   0.0000000E+00   0.0000000E+00   0.0000000E+00   0.0000000E+00   0.0000000E+00   0.0000000E+00   0.0000000E+00   0.0000000E+00   0.0000000E+00   0.0000000E+00   0.0000000E+00   0.0000000E+00   0.0000000E+00   0.0000000E+00   0.0000000E+00   0.0000000E+00   0.0000000E+00   0.0000000E+00   8.1144594E-11   1.8525719E-10   9.1812455E-10   3.6911403E-09   1.5873912E-08   6.2455981E-08   2.3391995E-07   8.4351318E-07   2.5113268E-06   3.3340608E-06   4.3711846E-06   5.6429897E-06   7.0047496E-06   7.6455858E-06   9.7315650E-06   1.2251467E-05   1.5244106E-05   1.8770901E-05   2.2867625E-05   2.7576830E-05   3.2984888E-05   3.9243047E-05   4.6619816E-05   5.5495311E-05   6.5890741E-05   7.8114516E-05   9.3446277E-05   1.1361102E-04   1.3835210E-04   1.7072286E-04   2.1323734E-04   2.7014913E-04   3.4759753E-04   4.5393456E-04   6.0018576E-04   7.9943521E-04   1.0643912E-03   1.4019369E-03   1.8024265E-03   2.2317844E-03   2.6110598E-03   2.8788588E-03   3.0555254E-03   3.0976624E-03   3.0376992E-03   2.8670338E-03   2.5731366E-03   2.0930760E-03   1.3560412E-03   5.2181864E-04   7.8973836E-05   4.5907883E-06   2.7254620E-06   2.0590140E-06   1.3357529E-06   5.7637256E-07   8.3910545E-07
   0.0000000E+00   0.0000000E+00   0.0000000E+00   0.0000000E+00   0.0000000E+00   0.0000000E+00   0.0000000E+00   0.0000000E+00   0.0000000E+00   0.0000000E+00   0.0000000E+00   0.0000000E+00   0.0000000E+00   0.0000000E+00   0.0000000E+00   0.0000000E+00   0.0000000E+00   0.0000000E+00   0.0000000E+00   0.0000000E+00   0.0000000E+00   0.0000000E+00   0.0000000E+00   0.0000000E+00   0.0000000E+00   0.0000000E+00   0.0000000E+00   0.0000000E+00   0.0000000E+00   0.0000000E+00   0.0000000E+00   0.0000000E+00   0.0000000E+00   0.0000000E+00   0.0000000E+00   0.0000000E+00   0.0000000E+00   0.0000000E+00   0.0000000E+00   0.0000000E+00   0.0000000E+00   0.0000000E+00   1.3010139E-11   1.5142325E-10   5.5765754E-10   2.0043886E-09   7.5695371E-09   2.9687035E-08   1.0857448E-07   3.7884858E-07   1.2210309E-06   3.0869377E-06   4.0435544E-06   5.2259003E-06   6.6113705E-06   8.1287420E-06   1.0523390E-05   1.2715157E-05   1.5127463E-05   1.7754098E-05   2.0704514E-05   2.4179173E-05   2.8563773E-05   3.4091794E-05   4.0531300E-05   4.8167712E-05   5.7342173E-05   6.8015239E-05   8.0692197E-05   9.6783035E-05   1.1768214E-04   1.4359402E-04   1.7754732E-04   2.2232969E-04   2.8252743E-04   3.6477075E-04   4.7833265E-04   6.3577273E-04   8.5169603E-04   1.1406271E-03   1.5098487E-03   1.9455916E-03   2.4044168E-03   2.7980037E-03   3.0613207E-03   3.2176345E-03   3.2358132E-03   3.1526909E-03   2.9602333E-03   2.6388898E-03   2.1196935E-03   1.3406423E-03   4.9539813E-04   7.3187434E-05   4.4823106E-06   2.6879449E-06   2.0198650E-06   1.2979045E-06   5.5092458E-07   8.3910587E-07
   0.0000000E+00   0.0000000E+00   0.0000000E+00   0.0000000E+00   0.0000000E+00   0.0000000E+00   0.0000000E+00   0.0000000E+00   0.0000000E+00   0.0000000E+00   0.0000000E+00   0.0000000E+00   0.0000000E+00   0.0000000E+00   0.0000000E+00   0.0000000E+00   0.0000000E+00   0.0000000E+00   0.0000000E+00   0.0000000E+00   0.0000000E+00   0.0000000E+00   0.0000000E+00   0.0000000E+00   0.0000000E+00   0.0000000E+00   0.0000000E+00   0.0000000E+00   0.0000000E+00   0.0000000E+00   0.0000000E+00   0.0000000E+00   0.0000000E+00   0.0000000E+00   0.0000000E+00   0.0000000E+00   0.0000000E+00   0.0000000E+00   0.0000000E+00   0.0000000E+00   0.0000000E+00   0.0000000E+00   4.2708987E-11   4.4451411E-10   1.2509041E-09   4.0170376E-09   1.4382870E-08   5.2103649E-08   1.7745946E-07   5.7804681E-07   1.7746147E-06   4.5417503E-06   5.7378372E-06   7.0991629E-06   8.5471483E-06   1.0040413E-05   1.1732906E-05   1.3570103E-05   1.5687497E-05   1.8278038E-05   2.1320145E-05   2.4961788E-05   2.9531028E-05   3.5186785E-05   4.1811243E-05   4.9696575E-05   5.9139488E-05   7.0106034E-05   8.3272399E-05   1.0008623E-04   1.2174116E-04   1.4884495E-04   1.8441567E-04   2.3152097E-04   2.9508319E-04   3.8220916E-04   5.0276365E-04   6.6986682E-04   8.9944511E-04   1.2081189E-03   1.6021405E-03   2.0637388E-03   2.5411540E-03   2.9392200E-03   3.1922679E-03   3.3279155E-03   3.3253475E-03   3.2232977E-03   3.0121415E-03   2.6655039E-03   2.1119476E-03   1.3036655E-03   4.6438104E-04   6.7848294E-05   4.3782351E-06   2.6504204E-06   1.9809395E-06   1.2608522E-06   5.2669634E-07   8.3910613E-07
   0.0000000E+00   0.0000000E+00   0.0000000E+00   0.0000000E+00   0.0000000E+00   0.0000000E+00   0.0000000E+00   0.0000000E+00   0.0000000E+00   0.0000000E+00   0.0000000E+00   0.0000000E+00   0.0000000E+00   0.0000000E+00   0.0000000E+00   0.0000000E+00   0.0000000E+00   0.0000000E+00   0.0000000E+00   0.0000000E+00   0.0000000E+00   0.0000000E+00   0.0000000E+00   0.0000000E+00   0.0000000E+00   0.0000000E+00   0.0000000E+00   0.0000000E+00   0.0000000E+00   0.0000000E+00   0.0000000E+00   0.0000000E+00   0.0000000E+00   0.0000000E+00   0.0000000E+00   0.0000000E+00   0.0000000E+00   0.0000000E+00   0.0000000E+00   0.0000000E+00   0.0000000E+00   0.0000000E+00   9.8701019E-11   9.6094907E-10   2.4583029E-09   7.5038448E-09   2.5545254E-08   8.6193824E-08   2.7547214E-07   8.4521519E-07   2.4225969E-06   5.6603030E-06   6.8265147E-06   8.0109247E-06   9.1625405E-06   1.0415933E-05   1.2056061E-05   1.3943794E-05   1.6134982E-05   1.8799793E-05   2.1943113E-05   2.5746323E-05   3.0484983E-05   3.6275766E-05   4.3087821E-05   5.1211198E-05   6.0904868E-05   7.2185988E-05   8.5867067E-05   1.0338068E-04   1.2582284E-04   1.5414514E-04   1.9138724E-04   2.4089110E-04   3.0792299E-04   4.0005284E-04   5.2769716E-04   7.0453078E-04   9.4707979E-04   1.2712162E-03   1.6831107E-03   2.1616714E-03   2.6474856E-03   3.0415717E-03   3.2805832E-03   3.3965520E-03   3.3765453E-03   3.2587847E-03   3.0307008E-03   2.6600448E-03   2.0762629E-03   1.2504537E-03   4.3102463E-04   6.2940635E-05   4.2782869E-06   2.6129051E-06   1.9422681E-06   1.2246084E-06   5.0362522E-07   8.3910628E-07
   0.0000000E+00   0.0000000E+00   0.0000000E+00   0.0000000E+00   0.0000000E+00   0.0000000E+00   0.0000000E+00   0.0000000E+00   0.0000000E+00   0.0000000E+00   0.0000000E+00   0.0000000E+00   0.0000000E+00   0.0000000E+00   0.0000000E+00   0.0000000E+00   0.0000000E+00   0.0000000E+00   0.0000000E+00   0.0000000E+00   0.0000000E+00   0.0000000E+00   0.0000000E+00   0.0000000E+00   0.0000000E+00   0.0000000E+00   0.0000000E+00   0.0000000E+00   0.0000000E+00   0.0000000E+00   0.0000000E+00   0.0000000E+00   0.0000000E+00   0.0000000E+00   0.0000000E+00   0.0000000E+00   0.0000000E+00   0.0000000E+00   0.0000000E+00   0.0000000E+00   0.0000000E+00   7.0139206E-12   1.8819277E-10   1.8045441E-09   4.4423736E-09   1.3192499E-08   4.2797085E-08   1.3557852E-07   4.0848619E-07   1.1701085E-06   3.0162037E-06   6.0628979E-06   7.0925998E-06   8.2116210E-06   9.3848667E-06   1.0700651E-05   1.2378085E-05   1.4317762E-05   1.6581749E-05   1.9323690E-05   2.2575421E-05   2.6534612E-05   3.1432262E-05   3.7364597E-05   4.4365521E-05   5.2717536E-05   6.2654817E-05   7.4273718E-05   8.8488470E-05   1.0669273E-04   1.2995903E-04   1.5953805E-04   1.9851640E-04   2.5051307E-04   3.2114355E-04   4.1842980E-04   5.5331082E-04   7.3997107E-04   9.9515694E-04   1.3335979E-03   1.7583082E-03   2.2441191E-03   2.7297690E-03   3.1132762E-03   3.3360080E-03   3.4339976E-03   3.3992869E-03   3.2678664E-03   3.0234515E-03   2.6291223E-03   2.0188905E-03   1.1856503E-03   3.9715723E-04   5.8434361E-05   4.1822077E-06   2.5754160E-06   1.9038801E-06   1.1891817E-06   4.8165194E-07   8.3910638E-07
   0.0000000E+00   0.0000000E+00   0.0000000E+00   0.0000000E+00   0.0000000E+00   0.0000000E+00   0.0000000E+00   0.0000000E+00   0.0000000E+00   0.0000000E+00   0.0000000E+00   0.0000000E+00   0.0000000E+00   0.0000000E+00   0.0000000E+00   0.0000000E+00   0.0000000E+00   0.0000000E+00   0.0000000E+00   0.0000000E+00   0.0000000E+00   0.0000000E+00   0.0000000E+00   0.0000000E+00   0.0000000E+00   0.0000000E+00   0.0000000E+00   0.0000000E+00   0.0000000E+00   0.0000000E+00   0.0000000E+00   0.0000000E+00   0.0000000E+00   0.0000000E+00   0.0000000E+00   0.0000000E+00   0.0000000E+00   0.0000000E+00   0.0000000E+00   0.0000000E+00   0.0000000E+00   4.4080017E-11   5.0779587E-10   3.1028417E-09   7.5558098E-09   2.2034732E-08   6.8230963E-08   2.0370373E-07   5.7608971E-07   1.5203036E-06   3.5061669E-06   6.2415322E-06   7.2840492E-06   8.4109344E-06   9.6114207E-06   1.0984308E-05   1.2700741E-05   1.4693892E-05   1.7030717E-05   1.9853619E-05   2.3219062E-05   2.7328978E-05   3.2378843E-05   3.8458381E-05   4.5648718E-05   5.4222517E-05   6.4404663E-05   7.6384812E-05   9.1148700E-05   1.1004594E-04   1.3417885E-04   1.6506243E-04   2.0585331E-04   2.6045398E-04   3.3483320E-04   4.3745528E-04   5.7975001E-04   7.7630730E-04   1.0438052E-03   1.3954389E-03   1.8306287E-03   2.3195273E-03   2.7960652E-03   3.1624671E-03   3.3682836E-03   3.4501377E-03   3.4026157E-03   3.2575480E-03   2.9965043E-03   2.5787401E-03   1.9456903E-03   1.1141367E-03   3.6465929E-04   5.4296508E-05   4.0897556E-06   2.5379702E-06   1.8658027E-06   1.1545773E-06   4.6072037E-07   8.3910643E-07
   0.0000000E+00   0.0000000E+00   0.0000000E+00   0.0000000E+00   0.0000000E+00   0.0000000E+00   0.0000000E+00   0.0000000E+00   0.0000000E+00   0.0000000E+00   0.0000000E+00   0.0000000E+00   0.0000000E+00   0.0000000E+00   0.0000000E+00   0.0000000E+00   0.0000000E+00   0.0000000E+00   0.0000000E+00   0.0000000E+00   0.0000000E+00   0.0000000E+00   0.0000000E+00   0.0000000E+00   0.0000000E+00   0.0000000E+00   0.0000000E+00   0.0000000E+00   0.0000000E+00   0.0000000E+00   0.0000000E+00   0.0000000E+00   0.0000000E+00   0.0000000E+00   0.0000000E+00   0.0000000E+00   0.0000000E+00   0.0000000E+00   0.0000000E+00   0.0000000E+00   0.0000000E+00   1.0186870E-10   1.0199263E-09   5.0209013E-09   1.2282431E-08   3.5226140E-08   1.0393335E-07   2.9175154E-07   7.6996400E-07   1.8728367E-06   3.9366254E-06   6.4186115E-06   7.4726095E-06   8.6107189E-06   9.8423538E-06   1.1268521E-05   1.3025789E-05   1.5074114E-05   1.7484680E-05   2.0392783E-05   2.3875685E-05   2.8131801E-05   3.3329826E-05   3.9561350E-05   4.6941292E-05   5.5733200E-05   6.6167860E-05   7.8532137E-05   9.3859374E-05   1.1346159E-04   1.3850885E-04   1.7075341E-04   2.1344450E-04   2.7077579E-04   3.4907271E-04   4.5723206E-04   6.0713782E-04   8.1366893E-04   1.0931363E-03   1.4568161E-03   1.9002250E-03   2.3890623E-03   2.8538018E-03   3.2018145E-03   3.3906026E-03   3.4571012E-03   3.3972367E-03   3.2382395E-03   2.9574108E-03   2.5136872E-03   1.8614468E-03   1.0392963E-03   3.3447084E-04   5.0495190E-05   4.0007051E-06   2.5005851E-06   1.8280615E-06   1.1207975E-06   4.4077741E-07   8.3910647E-07
   0.0000000E+00   0.0000000E+00   0.0000000E+00   0.0000000E+00   0.0000000E+00   0.0000000E+00   0.0000000E+00   0.0000000E+00   0.0000000E+00   0.0000000E+00   0.0000000E+00   0.0000000E+00   0.0000000E+00   0.0000000E+00   0.0000000E+00   0.0000000E+00   0.0000000E+00   0.0000000E+00   0.0000000E+00   0.0000000E+00   0.0000000E+00   0.0000000E+00   0.0000000E+00   0.0000000E+00   0.0000000E+00   0.0000000E+00   0.0000000E+00   0.0000000E+00   0.0000000E+00   0.0000000E+00   0.0000000E+00   0.0000000E+00   0.0000000E+00   0.0000000E+00   0.0000000E+00   0.0000000E+00   0.0000000E+00   0.0000000E+00   0.0000000E+00   0.0000000E+00   2.6431556E-11   2.7428572E-10   1.8048715E-09   7.7885914E-09   1.9253519E-08   5.3993350E-08   1.5096131E-07   3.9772014E-07   9.8417523E-07   2.2296374E-06   4.3224036E-06   6.5944815E-06   7.6597045E-06   8.8124852E-06   1.0077993E-05   1.1554765E-05   1.3354824E-05   1.5460235E-05   1.7946136E-05   2.0943703E-05   2.4546621E-05   2.8945311E-05   3.4289410E-05   4.0676943E-05   4.8246798E-05   5.7256504E-05   6.7955962E-05   8.0726426E-05   9.6631612E-05   1.1695904E-04   1.4297336E-04   1.7664334E-04   2.2133343E-04   2.8153602E-04   3.6393598E-04   4.7785112E-04   6.3557508E-04   8.5214258E-04   1.1431972E-03   1.5177470E-03   1.9672586E-03   2.4532495E-03   2.9040926E-03   3.2329567E-03   3.4049420E-03   3.4566682E-03   3.3846483E-03   3.2112406E-03   2.9101086E-03   2.4408271E-03   1.7704913E-03   9.6470434E-04   3.0683201E-04   4.7000811E-05   3.9148463E-06   2.4632782E-06   1.7906807E-06   1.0878420E-06   4.2177277E-07   8.3910649E-07
   0.0000000E+00   0.0000000E+00   0.0000000E+00   0.0000000E+00   0.0000000E+00   0.0000000E+00   0.0000000E+00   0.0000000E+00   0.0000000E+00   0.0000000E+00   0.0000000E+00   0.0000000E+00   0.0000000E+00   0.0000000E+00   0.0000000E+00   0.0000000E+00   0.0000000E+00   0.0000000E+00   0.0000000E+00   0.0000000E+00   0.0000000E+00   0.0000000E+00   0.0000000E+00   0.0000000E+00   0.0000000E+00   0.0000000E+00   0.0000000E+00   0.0000000E+00   0.0000000E+00   0.0000000E+00   0.0000000E+00   0.0000000E+00   0.0000000E+00   0.0000000E+00   0.0000000E+00   0.0000000E+00   0.0000000E+00   0.0000000E+00   0.0000000E+00   0.0000000E+00   6.1647527E-11   5.6014420E-10   2.9756110E-09   1.1702123E-08   2.9100826E-08   7.9021203E-08   2.0909365E-07   5.2177364E-07   1.2202998E-06   2.5839655E-06   4.6715214E-06   6.7696641E-06   7.8466654E-06   9.0174096E-06   1.0318715E-05   1.1844340E-05   1.3689261E-05   1.5853891E-05   1.8417236E-05   2.1508311E-05   2.5232946E-05   2.9771508E-05   3.5260983E-05   4.1807968E-05   4.9568595E-05   5.8799044E-05   6.9778817E-05   8.2976826E-05   9.9476122E-05   1.2055618E-04   1.4759493E-04   1.8276262E-04   2.2956108E-04   2.9278839E-04   3.7949067E-04   4.9939217E-04   6.6514068E-04   8.9177608E-04   1.1939808E-03   1.5782001E-03   2.0318289E-03   2.5125944E-03   2.9479576E-03   3.2573112E-03   3.4128476E-03   3.4502322E-03   3.3660168E-03   3.1776015E-03   2.8558256E-03   2.3624059E-03   1.6785931E-03   8.9339258E-04   2.8167730E-04   4.3786330E-05   3.8319836E-06   2.4260670E-06   1.7536824E-06   1.0557083E-06   4.0365891E-07   8.3910650E-07
   0.0000000E+00   0.0000000E+00   0.0000000E+00   0.0000000E+00   0.0000000E+00   0.0000000E+00   0.0000000E+00   0.0000000E+00   0.0000000E+00   0.0000000E+00   0.0000000E+00   0.0000000E+00   0.0000000E+00   0.0000000E+00   0.0000000E+00   0.0000000E+00   0.0000000E+00   0.0000000E+00   0.0000000E+00   0.0000000E+00   0.0000000E+00   0.0000000E+00   0.0000000E+00   0.0000000E+00   0.0000000E+00   0.0000000E+00   0.0000000E+00   0.0000000E+00   0.0000000E+00   0.0000000E+00   0.0000000E+00   0.0000000E+00   0.0000000E+00   0.0000000E+00   0.0000000E+00   0.0000000E+00   0.0000000E+00   0.0000000E+00   0.0000000E+00   0.0000000E+00   1.1996165E-10   1.0120719E-09   4.6725420E-09   1.7000849E-08   4.2119798E-08   1.1060681E-07   2.8015847E-07   6.6643480E-07   1.4731445E-06   2.9307065E-06   4.9906476E-06   6.9447569E-06   8.0346663E-06   9.2263932E-06   1.0564907E-05   1.2138388E-05   1.4030347E-05   1.6256534E-05   1.8899780E-05   2.2088054E-05   2.5935533E-05   3.0612127E-05   3.6247253E-05   4.2956774E-05   5.0909941E-05   6.0367062E-05   7.1644849E-05   8.5291358E-05   1.0240332E-04   1.2426977E-04   1.5239488E-04   1.8914026E-04   2.3816655E-04   3.0458357E-04   3.9579890E-04   5.2192392E-04   6.9589221E-04   9.3258251E-04   1.2454366E-03   1.6381047E-03   2.0939877E-03   2.5675049E-03   2.9862287E-03   3.2760110E-03   3.4155080E-03   3.4388530E-03   3.3422313E-03   3.1381755E-03   2.7956166E-03   2.2799585E-03   1.5873334E-03   8.2633538E-04   2.5882962E-04   4.0827176E-05   3.7519356E-06   2.3889691E-06   1.7170872E-06   1.0243915E-06   3.8639083E-07   8.3910651E-07
   0.0000000E+00   0.0000000E+00   0.0000000E+00   0.0000000E+00   0.0000000E+00   0.0000000E+00   0.0000000E+00   0.0000000E+00   0.0000000E+00   0.0000000E+00   0.0000000E+00   0.0000000E+00   0.0000000E+00   0.0000000E+00   0.0000000E+00   0.0000000E+00   0.0000000E+00   0.0000000E+00   0.0000000E+00   0.0000000E+00   0.0000000E+00   0.0000000E+00   0.0000000E+00   0.0000000E+00   0.0000000E+00   0.0000000E+00   0.0000000E+00   0.0000000E+00   0.0000000E+00   0.0000000E+00   0.0000000E+00   0.0000000E+00   0.0000000E+00   0.0000000E+00   0.0000000E+00   0.0000000E+00   0.0000000E+00   0.0000000E+00   0.0000000E+00   3.4261876E-11   3.0015858E-10   1.6989334E-09   7.0169380E-09   2.3651818E-08   5.8647642E-08   1.5088451E-07   3.6666058E-07   8.2993723E-07   1.7377366E-06   3.2668767E-06   5.2853222E-06   7.1203811E-06   8.2247110E-06   9.4401245E-06   1.0816947E-05   1.2437907E-05   1.4379185E-05   1.6669445E-05   1.9395244E-05   2.2684004E-05   2.6655103E-05   3.1468659E-05   3.7250390E-05   4.4125410E-05   5.2274052E-05   6.1966396E-05   7.3561348E-05   8.7677309E-05   1.0542346E-04   1.2811579E-04   1.5739374E-04   1.9580446E-04   2.4718758E-04   3.1696975E-04   4.1291775E-04   5.4550426E-04   7.2786673E-04   9.7454427E-04   1.2974793E-03   1.6973602E-03   2.1537523E-03   2.6183101E-03   3.0195820E-03   3.2899504E-03   3.4138248E-03   3.4233228E-03   3.3139651E-03   3.0936669E-03   2.7304389E-03   2.1948037E-03   1.4979083E-03   7.6393411E-04   2.3808230E-04   3.8101071E-05   3.6745333E-06   2.3520018E-06   1.6809140E-06   9.9388538E-07   3.6992594E-07   8.3910651E-07
   0.0000000E+00   0.0000000E+00   0.0000000E+00   0.0000000E+00   0.0000000E+00   0.0000000E+00   0.0000000E+00   0.0000000E+00   0.0000000E+00   0.0000000E+00   0.0000000E+00   0.0000000E+00   0.0000000E+00   0.0000000E+00   0.0000000E+00   0.0000000E+00   0.0000000E+00   0.0000000E+00   0.0000000E+00   0.0000000E+00   0.0000000E+00   0.0000000E+00   0.0000000E+00   0.0000000E+00   0.0000000E+00   0.0000000E+00   0.0000000E+00   0.0000000E+00   0.0000000E+00   0.0000000E+00   0.0000000E+00   0.0000000E+00   0.0000000E+00   0.0000000E+00   0.0000000E+00   0.0000000E+00   0.0000000E+00   0.0000000E+00   0.0000000E+00   7.4984653E-11   5.8311880E-10   2.6980817E-09   1.0080379E-08   3.1563040E-08   8.0699313E-08   2.0202952E-07   4.6859520E-07   1.0100291E-06   2.0097881E-06   3.5909785E-06   5.5601537E-06   7.2971508E-06   8.4176424E-06   9.6591363E-06   1.1075209E-05   1.2743785E-05   1.4736757E-05   1.7093742E-05   1.9904824E-05   2.3296946E-05   2.7392261E-05   3.2342368E-05   3.8272160E-05   4.5315755E-05   5.3664133E-05   6.3602500E-05   7.5534746E-05   9.0141551E-05   1.0854678E-04   1.3210974E-04   1.6261163E-04   2.0278298E-04   2.5666104E-04   3.2999305E-04   4.3089942E-04   5.7018035E-04   7.6108171E-04   1.0176169E-03   1.3499966E-03   1.7558450E-03   2.2111179E-03   2.6652780E-03   3.0485667E-03   3.2998288E-03   3.4084736E-03   3.4042252E-03   3.2817290E-03   3.0446717E-03   2.6611669E-03   2.1080879E-03   1.4111936E-03   7.0623440E-04   2.1923165E-04   3.5587819E-05   3.5996202E-06   2.3151824E-06   1.6451803E-06   9.6418182E-07   3.5422396E-07   8.3910651E-07
   0.0000000E+00   0.0000000E+00   0.0000000E+00   0.0000000E+00   0.0000000E+00   0.0000000E+00   0.0000000E+00   0.0000000E+00   0.0000000E+00   0.0000000E+00   0.0000000E+00   0.0000000E+00   0.0000000E+00   0.0000000E+00   0.0000000E+00   0.0000000E+00   0.0000000E+00   0.0000000E+00   0.0000000E+00   0.0000000E+00   0.0000000E+00   0.0000000E+00   0.0000000E+00   0.0000000E+00   0.0000000E+00   0.0000000E+00   0.0000000E+00   0.0000000E+00   0.0000000E+00   0.0000000E+00   0.0000000E+00   0.0000000E+00   0.0000000E+00   0.0000000E+00   0.0000000E+00   0.0000000E+00   0.0000000E+00   0.0000000E+00   4.3605613E-12   1.3455342E-10   1.0119815E-09   4.1130065E-09   1.4286125E-08   4.3020340E-08   1.1012107E-07   2.6470316E-07   5.8545335E-07   1.2042404E-06   2.2857703E-06   3.9025306E-06   5.8189851E-06   7.4756536E-06   8.6141620E-06   9.8838515E-06   1.1340061E-05   1.3056822E-05   1.5103948E-05   1.7530397E-05   2.0429472E-05   2.3927457E-05   2.8147528E-05   3.3234337E-05   3.9314049E-05   4.6529618E-05   5.5083400E-05   6.5280484E-05   7.7570872E-05   9.2690787E-05   1.1178357E-04   1.3626686E-04   1.6806864E-04   2.1010347E-04   2.6662320E-04   3.4369771E-04   4.4979120E-04   5.9598859E-04   7.9553609E-04   1.0617326E-03   1.4028557E-03   1.8134249E-03   2.2660666E-03   2.7086302E-03   3.0736303E-03   3.3061898E-03   3.3999554E-03   3.3819855E-03   3.2459152E-03   2.9917093E-03   2.5886013E-03   2.0207920E-03   1.3277941E-03   6.5308118E-04   2.0208870E-04   3.3269107E-05   3.5270507E-06   2.2785277E-06   1.6099017E-06   9.3527151E-07   3.3924674E-07   8.3910652E-07
   0.0000000E+00   0.0000000E+00   0.0000000E+00   0.0000000E+00   0.0000000E+00   0.0000000E+00   0.0000000E+00   0.0000000E+00   0.0000000E+00   0.0000000E+00   0.0000000E+00   0.0000000E+00   0.0000000E+00   0.0000000E+00   0.0000000E+00   0.0000000E+00   0.0000000E+00   0.0000000E+00   0.0000000E+00   0.0000000E+00   0.0000000E+00   0.0000000E+00   0.0000000E+00   0.0000000E+00   0.0000000E+00   0.0000000E+00   0.0000000E+00   0.0000000E+00   0.0000000E+00   0.0000000E+00   0.0000000E+00   0.0000000E+00   0.0000000E+00   0.0000000E+00   0.0000000E+00   0.0000000E+00   0.0000000E+00   0.0000000E+00   4.2886504E-11   3.2841746E-10   1.6468760E-09   6.1334915E-09   2.0291124E-08   5.9136174E-08   1.4784817E-07   3.3917692E-07   7.1634686E-07   1.4100840E-06   2.5628934E-06   4.2017312E-06   6.0650326E-06   7.6564407E-06   8.8148528E-06   1.0114620E-05   1.1611872E-05   1.3377747E-05   1.5481558E-05   1.7980249E-05   2.0969943E-05   2.4575966E-05   2.8921362E-05   3.4145504E-05   4.0377366E-05   4.7768813E-05   5.6535088E-05   6.7005171E-05   7.9675166E-05   9.5331745E-05   1.1514435E-04   1.4060243E-04   1.7378502E-04   2.1779373E-04   2.7710996E-04   3.5812611E-04   4.6963527E-04   6.2295446E-04   8.3121130E-04   1.1068037E-03   1.4559094E-03   1.8699601E-03   2.3185755E-03   2.7485538E-03   3.0951386E-03   3.3094529E-03   3.3886377E-03   3.3569105E-03   3.2068331E-03   2.9352461E-03   2.5134746E-03   1.9337417E-03   1.2480978E-03   6.0421670E-04   1.8648229E-04   3.1128324E-05   3.4566897E-06   2.2420545E-06   1.5750924E-06   9.0714393E-07   3.2495818E-07   8.3910652E-07
   0.0000000E+00   0.0000000E+00   0.0000000E+00   0.0000000E+00   0.0000000E+00   0.0000000E+00   0.0000000E+00   0.0000000E+00   0.0000000E+00   0.0000000E+00   0.0000000E+00   0.0000000E+00   0.0000000E+00   0.0000000E+00   0.0000000E+00   0.0000000E+00   0.0000000E+00   0.0000000E+00   0.0000000E+00   0.0000000E+00   0.0000000E+00   0.0000000E+00   0.0000000E+00   0.0000000E+00   0.0000000E+00   0.0000000E+00   0.0000000E+00   0.0000000E+00   0.0000000E+00   0.0000000E+00   0.0000000E+00   0.0000000E+00   0.0000000E+00   0.0000000E+00   0.0000000E+00   0.0000000E+00   0.0000000E+00   0.0000000E+00   9.0871634E-11   6.2072746E-10   2.5878692E-09   9.0906037E-09   2.8882746E-08   8.0905864E-08   1.9452696E-07   4.2538822E-07   8.6012853E-07   1.6251936E-06   2.8390381E-06   4.4892175E-06   6.3009987E-06   7.8400218E-06   9.0202020E-06   1.0351745E-05   1.1891014E-05   1.3707233E-05   1.5870313E-05   1.8444020E-05   2.1526830E-05   2.5242798E-05   2.9714182E-05   3.5076708E-05   4.1463325E-05   4.9035213E-05   5.8022455E-05   6.8781168E-05   8.1852867E-05   9.8071329E-05   1.1863988E-04   1.4513190E-04   1.7978144E-04   2.2588184E-04   2.8815684E-04   3.7331865E-04   4.9046830E-04   6.5109236E-04   8.6807228E-04   1.1527261E-03   1.5090012E-03   1.9253110E-03   2.3686210E-03   2.7852102E-03   3.1133921E-03   3.3099408E-03   3.3747880E-03   3.3292218E-03   3.1647366E-03   2.8757114E-03   2.4364550E-03   1.8476194E-03   1.1723231E-03   5.5933905E-04   1.7225901E-04   2.9150388E-05   3.3884118E-06   2.2057790E-06   1.5407652E-06   8.7978760E-07   3.1132414E-07   8.3910652E-07
   0.0000000E+00   0.0000000E+00   0.0000000E+00   0.0000000E+00   0.0000000E+00   0.0000000E+00   0.0000000E+00   0.0000000E+00   0.0000000E+00   0.0000000E+00   0.0000000E+00   0.0000000E+00   0.0000000E+00   0.0000000E+00   0.0000000E+00   0.0000000E+00   0.0000000E+00   0.0000000E+00   0.0000000E+00   0.0000000E+00   0.0000000E+00   0.0000000E+00   0.0000000E+00   0.0000000E+00   0.0000000E+00   0.0000000E+00   0.0000000E+00   0.0000000E+00   0.0000000E+00   0.0000000E+00   0.0000000E+00   0.0000000E+00   0.0000000E+00   0.0000000E+00   0.0000000E+00   0.0000000E+00   0.0000000E+00   5.7982433E-12   1.5843981E-10   1.0644018E-09   4.0052689E-09   1.3433481E-08   4.0914445E-08   1.0917817E-07   2.5051259E-07   5.2300931E-07   1.0154973E-06   1.8474113E-06   3.1126665E-06   4.7658966E-06   6.5291642E-06   8.0268640E-06   9.2306232E-06   1.0595506E-05   1.2177868E-05   1.4045912E-05   1.6270875E-05   1.8922327E-05   2.2100599E-05   2.5928211E-05   3.0526382E-05   3.6028724E-05   4.2573118E-05   5.0330777E-05   5.9548794E-05   7.0612935E-05   8.4109172E-05   1.0091673E-04   1.2228134E-04   1.4987109E-04   1.8607910E-04   2.3439627E-04   2.9979902E-04   3.8931350E-04   5.1232101E-04   6.8040551E-04   9.0606875E-04   1.1993816E-03   1.5619696E-03   1.9793425E-03   2.4161834E-03   2.8187416E-03   3.1286392E-03   3.3079000E-03   3.3585986E-03   3.2990809E-03   3.1198447E-03   2.8135083E-03   2.3581487E-03   1.7629792E-03   1.1005611E-03   5.1813568E-04   1.5928188E-04   2.7321601E-05   3.3221009E-06   2.1697170E-06   1.5069314E-06   8.5319007E-07   2.9831222E-07   8.3910652E-07
   0.0000000E+00   0.0000000E+00   0.0000000E+00   0.0000000E+00   0.0000000E+00   0.0000000E+00   0.0000000E+00   0.0000000E+00   0.0000000E+00   0.0000000E+00   0.0000000E+00   0.0000000E+00   0.0000000E+00   0.0000000E+00   0.0000000E+00   0.0000000E+00   0.0000000E+00   0.0000000E+00   0.0000000E+00   0.0000000E+00   0.0000000E+00   0.0000000E+00   0.0000000E+00   0.0000000E+00   0.0000000E+00   0.0000000E+00   0.0000000E+00   0.0000000E+00   0.0000000E+00   0.0000000E+00   0.0000000E+00   0.0000000E+00   0.0000000E+00   0.0000000E+00   0.0000000E+00   0.0000000E+00   0.0000000E+00   5.5944582E-11   3.8104498E-10   1.7471403E-09   6.1438839E-09   1.9728318E-08   5.7249632E-08   1.4458886E-07   3.1590425E-07   6.3151407E-07   1.1810846E-06   2.0748357E-06   3.3827286E-06   5.0328282E-06   6.7514634E-06   8.2173944E-06   9.4464744E-06   1.0846174E-05   1.2472822E-05   1.4394376E-05   1.6683847E-05   1.9415696E-05   2.2691617E-05   2.6632424E-05   3.1358350E-05   3.7002307E-05   4.3707966E-05   5.1657576E-05   6.1117440E-05   7.2504862E-05   8.6449366E-05   1.0387554E-04   1.2608034E-04   1.5483629E-04   1.9269987E-04   2.4336588E-04   3.1207120E-04   4.0614618E-04   5.3521768E-04   7.1088586E-04   9.4513635E-04   1.2466419E-03   1.6146519E-03   2.0319276E-03   2.4612489E-03   2.8492752E-03   3.1410857E-03   3.3035184E-03   3.3402073E-03   3.2666090E-03   3.0723561E-03   2.7490199E-03   2.2791023E-03   1.6802613E-03   1.0328093E-03   4.8030153E-04   1.4742868E-04   2.5629507E-05   3.2576489E-06   2.1338838E-06   1.4736009E-06   8.2733826E-07   2.8589178E-07   8.3910652E-07
   0.0000000E+00   0.0000000E+00   0.0000000E+00   0.0000000E+00   0.0000000E+00   0.0000000E+00   0.0000000E+00   0.0000000E+00   0.0000000E+00   0.0000000E+00   0.0000000E+00   0.0000000E+00   0.0000000E+00   0.0000000E+00   0.0000000E+00   0.0000000E+00   0.0000000E+00   0.0000000E+00   0.0000000E+00   0.0000000E+00   0.0000000E+00   0.0000000E+00   0.0000000E+00   0.0000000E+00   0.0000000E+00   0.0000000E+00   0.0000000E+00   0.0000000E+00   0.0000000E+00   0.0000000E+00   0.0000000E+00   0.0000000E+00   0.0000000E+00   0.0000000E+00   0.0000000E+00   0.0000000E+00   0.0000000E+00   1.1818894E-10   7.2295225E-10   2.8005913E-09   9.3413302E-09   2.8635669E-08   7.8676674E-08   1.8753861E-07   3.9059695E-07   7.5023645E-07   1.3555230E-06   2.3058403E-06   3.6485740E-06   5.2911431E-06   6.9695447E-06   8.4120029E-06   9.6680746E-06   1.1104018E-05   1.2776274E-05   1.4753187E-05   1.7109775E-05   1.9924577E-05   2.3300181E-05   2.7355638E-05   3.2210483E-05   3.7998221E-05   4.4869157E-05   5.3017808E-05   6.2731784E-05   7.4461338E-05   8.8878930E-05   1.0695578E-04   1.3004902E-04   1.6004441E-04   1.9966632E-04   2.5281992E-04   3.2500733E-04   4.2384917E-04   5.5917563E-04   7.4251410E-04   9.8519808E-04   1.2943704E-03   1.6668873E-03   2.0829494E-03   2.5038106E-03   2.8769273E-03   3.1509034E-03   3.2969384E-03   3.3197125E-03   3.2319021E-03   3.0224601E-03   2.6826133E-03   2.1998045E-03   1.5998073E-03   9.6899839E-04   4.4554820E-04   1.3659037E-04   2.4062780E-05   3.1949558E-06   2.0982942E-06   1.4407822E-06   8.0221846E-07   2.7403380E-07   8.3910652E-07
   0.0000000E+00   0.0000000E+00   0.0000000E+00   0.0000000E+00   0.0000000E+00   0.0000000E+00   0.0000000E+00   0.0000000E+00   0.0000000E+00   0.0000000E+00   0.0000000E+00   0.0000000E+00   0.0000000E+00   0.0000000E+00   0.0000000E+00   0.0000000E+00   0.0000000E+00   0.0000000E+00   0.0000000E+00   0.0000000E+00   0.0000000E+00   0.0000000E+00   0.0000000E+00   0.0000000E+00   0.0000000E+00   0.0000000E+00   0.0000000E+00   0.0000000E+00   0.0000000E+00   0.0000000E+00   0.0000000E+00   0.0000000E+00   0.0000000E+00   0.0000000E+00   0.0000000E+00   0.0000000E+00   4.6545988E-11   2.8721181E-10   1.2553508E-09   4.4167406E-09   1.4031560E-08   4.0859769E-08   1.0583880E-07   2.3820866E-07   4.7433366E-07   8.7841952E-07   1.5374968E-06   2.5390736E-06   3.9098721E-06   5.5419892E-06   7.1848203E-06   8.6110481E-06   9.8957170E-06   1.1369317E-05   1.3088625E-05   1.5122876E-05   1.7549158E-05   2.0449352E-05   2.3926533E-05   2.8098054E-05   3.3083201E-05   3.9017268E-05   4.6058077E-05   5.4413799E-05   6.4395289E-05   7.6486825E-05   9.1403630E-05   1.1016602E-04   1.3420013E-04   1.6551303E-04   2.0700174E-04   2.6278788E-04   3.3864039E-04   4.4245134E-04   5.8420475E-04   7.7525993E-04   1.0261657E-03   1.3424252E-03   1.7185198E-03   2.1323028E-03   2.5438696E-03   2.9018044E-03   3.1582358E-03   3.2882677E-03   3.2971853E-03   3.1950427E-03   2.9703433E-03   2.6146402E-03   2.1206887E-03   1.5218734E-03   9.0901256E-04   4.1360791E-04   1.2666956E-04   2.2611104E-05   3.1339286E-06   2.0629626E-06   1.4084826E-06   7.7781645E-07   2.6271077E-07   8.3910652E-07
   0.0000000E+00   0.0000000E+00   0.0000000E+00   0.0000000E+00   0.0000000E+00   0.0000000E+00   0.0000000E+00   0.0000000E+00   0.0000000E+00   0.0000000E+00   0.0000000E+00   0.0000000E+00   0.0000000E+00   0.0000000E+00   0.0000000E+00   0.0000000E+00   0.0000000E+00   0.0000000E+00   0.0000000E+00   0.0000000E+00   0.0000000E+00   0.0000000E+00   0.0000000E+00   0.0000000E+00   0.0000000E+00   0.0000000E+00   0.0000000E+00   0.0000000E+00   0.0000000E+00   0.0000000E+00   0.0000000E+00   0.0000000E+00   0.0000000E+00   0.0000000E+00   0.0000000E+00   0.0000000E+00   9.9865837E-11   5.5871232E-10   2.0857950E-09   6.8594292E-09   2.0730823E-08   5.7085390E-08   1.3919381E-07   2.9659951E-07   5.6674981E-07   1.0152559E-06   1.7257784E-06   2.7734452E-06   4.1665435E-06   5.7864955E-06   7.3985067E-06   8.8148615E-06   1.0129679E-05   1.1642359E-05   1.3410285E-05   1.5503946E-05   1.8002446E-05   2.0990349E-05   2.4570882E-05   2.8859885E-05   3.3976961E-05   4.0060314E-05   4.7276232E-05   5.5848015E-05   6.6111515E-05   7.8585920E-05   9.4029598E-05   1.1351539E-04   1.3854705E-04   1.7126046E-04   2.1473017E-04   2.7329939E-04   3.5300196E-04   4.6197746E-04   6.1030711E-04   8.0908229E-04   1.0679414E-03   1.3906615E-03   1.7694000E-03   2.1798949E-03   2.5814344E-03   2.9240052E-03   3.1632036E-03   3.2775875E-03   3.2726789E-03   3.1561075E-03   2.9161936E-03   2.5454373E-03   2.0421354E-03   1.4466442E-03   8.5270540E-04   3.8423468E-04   1.1757918E-04   2.1265086E-05   3.0744813E-06   2.0279024E-06   1.3767084E-06   7.5411765E-07   2.5189664E-07   8.3910652E-07
   0.0000000E+00   0.0000000E+00   0.0000000E+00   0.0000000E+00   0.0000000E+00   0.0000000E+00   0.0000000E+00   0.0000000E+00   0.0000000E+00   0.0000000E+00   0.0000000E+00   0.0000000E+00   0.0000000E+00   0.0000000E+00   0.0000000E+00   0.0000000E+00   0.0000000E+00   0.0000000E+00   0.0000000E+00   0.0000000E+00   0.0000000E+00   0.0000000E+00   0.0000000E+00   0.0000000E+00   0.0000000E+00   0.0000000E+00   0.0000000E+00   0.0000000E+00   0.0000000E+00   0.0000000E+00   0.0000000E+00   0.0000000E+00   0.0000000E+00   0.0000000E+00   0.0000000E+00   8.1385716E-12   1.7830204E-10   9.9226183E-10   3.3692938E-09   1.0468113E-08   3.0006546E-08   7.7916821E-08   1.7900677E-07   3.6257687E-07   6.6740815E-07   1.1599208E-06   1.9192519E-06   3.0081043E-06   4.4187020E-06   6.0257493E-06   7.6116584E-06   9.0237539E-06   1.0370233E-05   1.1923446E-05   1.3741664E-05   1.5896872E-05   1.8470045E-05   2.1547850E-05   2.5233419E-05   2.9641367E-05   3.4892271E-05   4.1128311E-05   4.8525258E-05   5.7323063E-05   6.7884140E-05   8.0763420E-05   9.6763391E-05   1.1701363E-04   1.4310388E-04   1.7730578E-04   2.2287625E-04   2.8438396E-04   3.6812188E-04   4.8244766E-04   6.3747663E-04   8.4392992E-04   1.1104189E-03   1.4389336E-03   1.8193868E-03   2.2256462E-03   2.6165206E-03   2.9436216E-03   3.1659083E-03   3.2649596E-03   3.2462357E-03   3.1151738E-03   2.8602020E-03   2.4753254E-03   1.9644751E-03   1.3742437E-03   7.9991131E-04   3.5720389E-04   1.0924129E-04   2.0016160E-05   3.0165339E-06   1.9931269E-06   1.3454645E-06   7.3110712E-07   2.4156670E-07   8.3910652E-07
   0.0000000E+00   0.0000000E+00   0.0000000E+00   0.0000000E+00   0.0000000E+00   0.0000000E+00   0.0000000E+00   0.0000000E+00   0.0000000E+00   0.0000000E+00   0.0000000E+00   0.0000000E+00   0.0000000E+00   0.0000000E+00   0.0000000E+00   0.0000000E+00   0.0000000E+00   0.0000000E+00   0.0000000E+00   0.0000000E+00   0.0000000E+00   0.0000000E+00   0.0000000E+00   0.0000000E+00   0.0000000E+00   0.0000000E+00   0.0000000E+00   0.0000000E+00   0.0000000E+00   0.0000000E+00   0.0000000E+00   0.0000000E+00   0.0000000E+00   0.0000000E+00   0.0000000E+00   7.7634021E-11   4.2670320E-10   1.6774507E-09   5.3170661E-09   1.5650336E-08   4.2434181E-08   1.0383206E-07   2.2536942E-07   4.3591407E-07   7.7582506E-07   1.3115985E-06   2.1169270E-06   3.2424150E-06   4.6666064E-06   6.2607836E-06   7.8251954E-06   9.2380201E-06   1.0617646E-05   1.2212893E-05   1.4083172E-05   1.6302101E-05   1.8952322E-05   2.2122103E-05   2.5914331E-05   3.0442777E-05   3.5829705E-05   4.2222311E-05   4.9806936E-05   5.8841702E-05   6.9716994E-05   8.3024374E-05   9.9612047E-05   1.2067115E-04   1.4788544E-04   1.8366885E-04   2.3146521E-04   2.9607077E-04   3.8402774E-04   5.0387691E-04   6.6569892E-04   8.7974199E-04   1.1534859E-03   1.4870969E-03   1.8683488E-03   2.2694892E-03   2.6491504E-03   2.9607388E-03   3.1664358E-03   3.2504316E-03   3.2178929E-03   3.0723236E-03   2.8025636E-03   2.4046083E-03   1.8879918E-03   1.3047457E-03   7.5045413E-04   3.3231119E-04   1.0158603E-04   1.8856517E-05   2.9600122E-06   1.9586483E-06   1.3147548E-06   7.0876974E-07   2.3169755E-07   8.3910652E-07
   0.0000000E+00   0.0000000E+00   0.0000000E+00   0.0000000E+00   0.0000000E+00   0.0000000E+00   0.0000000E+00   0.0000000E+00   0.0000000E+00   0.0000000E+00   0.0000000E+00   0.0000000E+00   0.0000000E+00   0.0000000E+00   0.0000000E+00   0.0000000E+00   0.0000000E+00   0.0000000E+00   0.0000000E+00   0.0000000E+00   0.0000000E+00   0.0000000E+00   0.0000000E+00   0.0000000E+00   0.0000000E+00   0.0000000E+00   0.0000000E+00   0.0000000E+00   0.0000000E+00   0.0000000E+00   0.0000000E+00   0.0000000E+00   0.0000000E+00   0.0000000E+00   7.8484450E-12   1.5570020E-10   8.1329651E-10   2.7421908E-09   8.1998933E-09   2.2862077E-08   5.8550801E-08   1.3515943E-07   2.7823498E-07   5.1632583E-07   8.9149062E-07   1.4695036E-06   2.3179445E-06   3.4759294E-06   4.9106218E-06   6.4925695E-06   8.0399264E-06   9.4579437E-06   1.0872194E-05   1.2511026E-05   1.4435215E-05   1.6720053E-05   1.9449611E-05   2.2713333E-05   2.6613810E-05   3.1264432E-05   3.6789911E-05   4.3343481E-05   5.1123198E-05   6.0406846E-05   7.1614082E-05   8.5374143E-05   1.0258313E-04   1.2449903E-04   1.5290730E-04   1.9037027E-04   2.4052268E-04   3.0838832E-04   4.0074442E-04   5.2627456E-04   6.9495119E-04   9.1644876E-04   1.1970248E-03   1.5350098E-03   1.9161650E-03   2.3113691E-03   2.6793513E-03   2.9754364E-03   3.1648591E-03   3.2340414E-03   3.1876867E-03   3.0276455E-03   2.7434768E-03   2.3335716E-03   1.8129261E-03   1.2381833E-03   7.0415329E-04   3.0937096E-04   9.4550721E-05   1.7779023E-05   2.9048475E-06   1.9244786E-06   1.2845823E-06   6.8709018E-07   2.2226699E-07   8.3910652E-07
   0.0000000E+00   0.0000000E+00   0.0000000E+00   0.0000000E+00   0.0000000E+00   0.0000000E+00   0.0000000E+00   0.0000000E+00   0.0000000E+00   0.0000000E+00   0.0000000E+00   0.0000000E+00   0.0000000E+00   0.0000000E+00   0.0000000E+00   0.0000000E+00   0.0000000E+00   0.0000000E+00   0.0000000E+00   0.0000000E+00   0.0000000E+00   0.0000000E+00   0.0000000E+00   0.0000000E+00   0.0000000E+00   0.0000000E+00   0.0000000E+00   0.0000000E+00   0.0000000E+00   0.0000000E+00   0.0000000E+00   0.0000000E+00   0.0000000E+00   0.0000000E+00   7.5480204E-11   3.7905265E-10   1.4166781E-09   4.3591697E-09   1.2343657E-08   3.2578495E-08   7.8814750E-08   1.7207688E-07   3.3745732E-07   6.0349242E-07   1.0138843E-06   1.6328965E-06   2.5215760E-06   3.7083613E-06   5.1511880E-06   6.7220145E-06   8.2565682E-06   9.6838017E-06   1.1134156E-05   1.2818182E-05   1.4798193E-05   1.7151119E-05   1.9962210E-05   2.3321749E-05   2.7332064E-05   3.2106708E-05   3.7773626E-05   4.4493112E-05   5.2476133E-05   6.2021581E-05   7.3579623E-05   8.7818442E-05   1.0568478E-04   1.2850908E-04   1.5818583E-04   1.9743137E-04   2.5007452E-04   3.2136411E-04   4.1829367E-04   5.4964392E-04   7.2520234E-04   9.5397263E-04   1.2409149E-03   1.5825349E-03   1.9627251E-03   2.3512426E-03   2.7071554E-03   2.9877884E-03   3.1612407E-03   3.2158205E-03   3.1556557E-03   2.9812368E-03   2.6831420E-03   2.2624817E-03   1.7394785E-03   1.1745559E-03   6.6082827E-04   2.8821474E-04   8.8079036E-05   1.6777167E-05   2.8509760E-06   1.8906287E-06   1.2549488E-06   6.6605303E-07   2.1325396E-07   8.3910652E-07
   0.0000000E+00   0.0000000E+00   0.0000000E+00   0.0000000E+00   0.0000000E+00   0.0000000E+00   0.0000000E+00   0.0000000E+00   0.0000000E+00   0.0000000E+00   0.0000000E+00   0.0000000E+00   0.0000000E+00   0.0000000E+00   0.0000000E+00   0.0000000E+00   0.0000000E+00   0.0000000E+00   0.0000000E+00   0.0000000E+00   0.0000000E+00   0.0000000E+00   0.0000000E+00   0.0000000E+00   0.0000000E+00   0.0000000E+00   0.0000000E+00   0.0000000E+00   0.0000000E+00   0.0000000E+00   0.0000000E+00   0.0000000E+00   0.0000000E+00   8.4757307E-12   1.5222404E-10   7.3093914E-10   2.3463497E-09   6.7483497E-09   1.8116327E-08   4.5260244E-08   1.0357822E-07   2.1462885E-07   4.0282672E-07   6.9707598E-07   1.1424875E-06   1.8010952E-06   2.7272195E-06   3.9395615E-06   5.3887953E-06   6.9499633E-06   8.4757618E-06   9.9158679E-06   1.1403820E-05   1.3134705E-05   1.5172497E-05   1.7595668E-05   2.0490398E-05   2.3947550E-05   2.8069329E-05   3.2970042E-05   3.8781681E-05   4.5672632E-05   5.3867994E-05   6.3689171E-05   7.5618077E-05   9.0363390E-05   1.0892573E-04   1.3271383E-04   1.6373812E-04   2.0487407E-04   2.6014663E-04   3.3502428E-04   4.3669355E-04   5.7398196E-04   7.5641315E-04   9.9222899E-04   1.2850334E-03   1.6295405E-03   2.0079302E-03   2.3890768E-03   2.7325987E-03   2.9978634E-03   3.1556347E-03   3.1957972E-03   3.1218428E-03   2.9332031E-03   2.6217602E-03   2.1915849E-03   1.6678134E-03   1.1138361E-03   6.2030170E-04   2.6868972E-04   8.2120315E-05   1.5844995E-05   2.7983386E-06   1.8571092E-06   1.2258556E-06   6.4564283E-07   2.0463850E-07   8.3910652E-07
   0.0000000E+00   0.0000000E+00   0.0000000E+00   0.0000000E+00   0.0000000E+00   0.0000000E+00   0.0000000E+00   0.0000000E+00   0.0000000E+00   0.0000000E+00   0.0000000E+00   0.0000000E+00   0.0000000E+00   0.0000000E+00   0.0000000E+00   0.0000000E+00   0.0000000E+00   0.0000000E+00   0.0000000E+00   0.0000000E+00   0.0000000E+00   0.0000000E+00   0.0000000E+00   0.0000000E+00   0.0000000E+00   0.0000000E+00   0.0000000E+00   0.0000000E+00   0.0000000E+00   0.0000000E+00   0.0000000E+00   0.0000000E+00   0.0000000E+00   8.0266023E-11   3.6620853E-10   1.2799689E-09   3.7475337E-09   1.0173906E-08   2.5907782E-08   6.1321477E-08   1.3307559E-07   2.6275346E-07   4.7409824E-07   7.9673126E-07   1.2767943E-06   1.9734830E-06   2.9343922E-06   4.1694952E-06   5.6239654E-06   7.1771998E-06   8.6980862E-06   1.0154415E-05   1.1681480E-05   1.3460944E-05   1.5558505E-05   1.8054040E-05   2.1034427E-05   2.4590940E-05   2.8825877E-05   3.3854943E-05   3.9815016E-05   4.6883611E-05   5.5301204E-05   6.5413081E-05   7.7734187E-05   9.3015548E-05   1.1231536E-04   1.3712656E-04   1.6958206E-04   2.1272086E-04   2.7076468E-04   3.4939318E-04   4.5595804E-04   5.9927903E-04   7.8853658E-04   1.0311273E-03   1.3292572E-03   1.6759013E-03   2.0516923E-03   2.4248488E-03   2.7557197E-03   3.0057254E-03   3.1480886E-03   3.1739989E-03   3.0862969E-03   2.8836587E-03   2.5595312E-03   2.1211071E-03   1.5980624E-03   1.0559755E-03   5.8240150E-04   2.5065720E-04   7.6628933E-05   1.4977063E-05   2.7468803E-06   1.8239299E-06   1.1973026E-06   6.2584413E-07   1.9640168E-07   8.3910652E-07
   0.0000000E+00   0.0000000E+00   0.0000000E+00   0.0000000E+00   0.0000000E+00   0.0000000E+00   0.0000000E+00   0.0000000E+00   0.0000000E+00   0.0000000E+00   0.0000000E+00   0.0000000E+00   0.0000000E+00   0.0000000E+00   0.0000000E+00   0.0000000E+00   0.0000000E+00   0.0000000E+00   0.0000000E+00   0.0000000E+00   0.0000000E+00   0.0000000E+00   0.0000000E+00   0.0000000E+00   0.0000000E+00   0.0000000E+00   0.0000000E+00   0.0000000E+00   0.0000000E+00   0.0000000E+00   0.0000000E+00   0.0000000E+00   9.7435755E-12   1.5907646E-10   7.0124384E-10   2.1207026E-09   5.8029146E-09   1.4935105E-08   3.6105600E-08   8.1104762E-08   1.6742643E-07   3.1631272E-07   5.5101171E-07   9.0211284E-07   1.4163197E-06   2.1495128E-06   3.1427209E-06   4.3982215E-06   5.8572363E-06   7.4044520E-06   8.9240697E-06   1.0399720E-05   1.1967441E-05   1.3797249E-05   1.5956582E-05   1.8526555E-05   2.1594538E-05   2.5252131E-05   2.9602022E-05   3.4762000E-05   4.0874682E-05   4.8127768E-05   5.6778364E-05   6.7196992E-05   7.9933005E-05   9.5781962E-05   1.1586368E-04   1.4176129E-04   1.7573620E-04   2.2099457E-04   2.8195384E-04   3.6449301E-04   4.7609661E-04   6.2551877E-04   8.2151831E-04   1.0705724E-03   1.3734641E-03   1.7214994E-03   2.0939344E-03   2.4585444E-03   2.7765588E-03   3.0114337E-03   3.1386450E-03   3.1504538E-03   3.0490741E-03   2.8327256E-03   2.4966513E-03   2.0512532E-03   1.5303278E-03   1.0009092E-03   5.4696224E-04   2.3399126E-04   7.1563750E-05   1.4168388E-05   2.6965500E-06   1.7911000E-06   1.1692895E-06   6.0664152E-07   1.8852551E-07   8.3910652E-07
   0.0000000E+00   0.0000000E+00   0.0000000E+00   0.0000000E+00   0.0000000E+00   0.0000000E+00   0.0000000E+00   0.0000000E+00   0.0000000E+00   0.0000000E+00   0.0000000E+00   0.0000000E+00   0.0000000E+00   0.0000000E+00   0.0000000E+00   0.0000000E+00   0.0000000E+00   0.0000000E+00   0.0000000E+00   0.0000000E+00   0.0000000E+00   0.0000000E+00   0.0000000E+00   0.0000000E+00   0.0000000E+00   0.0000000E+00   0.0000000E+00   0.0000000E+00   0.0000000E+00   0.0000000E+00   0.0000000E+00   0.0000000E+00   9.0021299E-11   3.7378182E-10   1.2194877E-09   3.3769035E-09   8.7302897E-09   2.1351981E-08   4.9070778E-08   1.0486602E-07   2.0664959E-07   3.7512055E-07   6.3330460E-07   1.0128803E-06   1.5606067E-06   2.3287085E-06   3.3519318E-06   4.6258758E-06   6.0891519E-06   7.6323958E-06   9.1541996E-06   1.0652059E-05   1.2262013E-05   1.4143970E-05   1.6367080E-05   1.9013511E-05   2.2170961E-05   2.5931352E-05   3.0398131E-05   3.5691888E-05   4.1961853E-05   4.9406978E-05   5.8302263E-05   6.9044822E-05   8.2219929E-05   9.8670189E-05   1.1958141E-04   1.4663280E-04   1.8221976E-04   2.2971829E-04   2.9373849E-04   3.8034335E-04   4.9711387E-04   6.5267806E-04   8.5529720E-04   1.1104651E-03   1.4175340E-03   1.7662250E-03   2.1345901E-03   2.4901571E-03   2.7951581E-03   3.0150438E-03   3.1273431E-03   3.1251927E-03   3.0102378E-03   2.7805321E-03   2.4333124E-03   1.9822076E-03   1.4646853E-03   9.4855972E-04   5.1382607E-04   2.1857752E-04   6.6887635E-05   1.3414408E-05   2.6473007E-06   1.7586279E-06   1.1418148E-06   5.8801967E-07   1.8099294E-07   8.3910652E-07
   0.0000000E+00   0.0000000E+00   0.0000000E+00   0.0000000E+00   0.0000000E+00   0.0000000E+00   0.0000000E+00   0.0000000E+00   0.0000000E+00   0.0000000E+00   0.0000000E+00   0.0000000E+00   0.0000000E+00   0.0000000E+00   0.0000000E+00   0.0000000E+00   0.0000000E+00   0.0000000E+00   0.0000000E+00   0.0000000E+00   0.0000000E+00   0.0000000E+00   0.0000000E+00   0.0000000E+00   0.0000000E+00   0.0000000E+00   0.0000000E+00   0.0000000E+00   0.0000000E+00   0.0000000E+00   0.0000000E+00   1.1630376E-11   1.7345520E-10   7.0408255E-10   2.0046551E-09   5.2024273E-09   1.2775863E-08   2.9747804E-08   6.5117051E-08   1.3277007E-07   2.5068354E-07   4.3896576E-07   7.2071945E-07   1.1287027E-06   1.7092317E-06   2.5106656E-06   3.5618402E-06   4.8526543E-06   6.3202539E-06   7.8616605E-06   9.3889302E-06   1.0911717E-05   1.2565512E-05   1.4501455E-05   1.6790334E-05   1.9515190E-05   2.2763925E-05   2.6628858E-05   3.1214630E-05   3.6645377E-05   4.3077831E-05   5.0723279E-05   5.9875887E-05   7.0960749E-05   8.4600739E-05   1.0168834E-04   1.2347994E-04   1.5175657E-04   1.8905254E-04   2.3891514E-04   3.0614187E-04   3.9696082E-04   5.1900926E-04   6.8072710E-04   8.8980603E-04   1.1507038E-03   1.4613496E-03   1.8099763E-03   2.1736025E-03   2.5196874E-03   2.8115601E-03   3.0166073E-03   3.1142198E-03   3.0982498E-03   2.9698592E-03   2.7272119E-03   2.3696996E-03   1.9141343E-03   1.4011881E-03   8.9884024E-04   4.8284312E-04   2.0431202E-04   6.2567032E-05   1.2710942E-05   2.5990882E-06   1.7265215E-06   1.1148766E-06   5.6996338E-07   1.7378778E-07   8.3910652E-07
