   0.0000000E+00   0.0000000E+00   0.0000000E+00   0.0000000E+00   0.0000000E+00   0.0000000E+00   0.0000000E+00   0.0000000E+00   0.0000000E+00   0.0000000E+00   0.0000000E+00   0.0000000E+00   0.0000000E+00   0.0000000E+00   0.0000000E+00   0.0000000E+00   0.0000000E+00   0.0000000E+00   0.0000000E+00   0.0000000E+00   0.0000000E+00   0.0000000E+00   0.0000000E+00   0.0000000E+00   0.0000000E+00   0.0000000E+00   0.0000000E+00   0.0000000E+00   0.0000000E+00   0.0000000E+00   0.0000000E+00   0.0000000E+00   0.0000000E+00   0.0000000E+00   0.0000000E+00   0.0000000E+00   0.0000000E+00   0.0000000E+00   0.0000000E+00   0.0000000E+00   0.0000000E+00   0.0000000E+00   0.0000000E+00   0.0000000E+00   0.0000000E+00   0.0000000E+00   0.0000000E+00   0.0000000E+00   0.0000000E+00   0.0000000E+00   0.0000000E+00   0.0000000E+00   0.0000000E+00   0.0000000E+00   0.0000000E+00   0.0000000E+00   0.0000000E+00   0.0000000E+00   0.0000000E+00   0.0000000E+00   0.0000000E+00   0.0000000E+00   0.0000000E+00   0.0000000E+00   0.0000000E+00   0.0000000E+00   0.0000000E+00   0.0000000E+00   0.0000000E+00   0.0000000E+00   0.0000000E+00   0.0000000E+00   0.0000000E+00   0.0000000E+00   0.0000000E+00   0.0000000E+00   0.0000000E+00   0.0000000E+00   0.0000000E+00   0.0000000E+00   0.0000000E+00   0.0000000E+00   0.0000000E+00   0.0000000E+00   0.0000000E+00   0.0000000E+00   0.0000000E+00   0.0000000E+00   0.0000000E+00   0.0000000E+00   0.0000000E+00   0.0000000E+00   0.0000000E+00   0.0000000E+00   0.0000000E+00   0.0000000E+00   0.0000000E+00   0.0000000E+00   0.0000000E+00   0.0000000E+00
   0.0000000E+00   0.0000000E+00   0.0000000E+00   0.0000000E+00   0.0000000E+00   0.0000000E+00   1.8671995E-09   1.9060881E-06   6.2186982E-06   1.2394718E-05   1.9147583E-05   2.5806008E-05   3.3204535E-05   4.1292202E-05   5.0023951E-05   5.9358765E-05   6.9258429E-05   7.9686717E-05   9.0608766E-05   1.0199067E-04   1.1379916E-04   1.2600134E-04   1.3856452E-04   1.5145604E-04   1.6464322E-04   1.7809325E-04   1.9177310E-04   2.0564953E-04   2.1968906E-04   2.3385792E-04   2.4812215E-04   2.6244743E-04   2.7679937E-04   2.9114325E-04   3.0544429E-04   3.1966757E-04   3.3377812E-04   3.4774101E-04   3.6152135E-04   3.7508438E-04   3.8839559E-04   4.0142075E-04   4.1412597E-04   4.2647787E-04   4.3844350E-04   4.4999065E-04   4.6108777E-04   4.7170406E-04   4.8180966E-04   4.9137569E-04   5.0037424E-04   5.0877861E-04   5.1656325E-04   5.2370405E-04   5.3017808E-04   5.3596398E-04   5.4104184E-04   5.4539344E-04   5.4900203E-04   5.5185275E-04   5.5393227E-04   5.5522932E-04   5.5573427E-04   5.5543944E-04   5.5433909E-04   5.5242935E-04   5.4970838E-04   5.4617628E-04   5.4183527E-04   5.3668948E-04   5.3074508E-04   5.2401033E-04   5.1649555E-04   5.0821295E-04   4.9917703E-04   4.8940419E-04   4.7891296E-04   4.6772382E-04   4.5585947E-04   4.4334459E-04   4.3020601E-04   4.1647264E-04   4.0217550E-04   3.8734786E-04   3.7202516E-04   3.5624506E-04   3.4004764E-04   3.2347537E-04   3.0657317E-04   2.8938867E-04   2.7197227E-04   2.5437734E-04   2.3666039E-04   2.1888143E-04   2.0110418E-04   1.8339651E-04   1.6583092E-04   1.4848176E-04   1.3061182E-04   0.0000000E+00
   0.0000000E+00   0.0000000E+00   0.0000000E+00   0.0000000E+00   0.0000000E+00   0.0000000E+00   1.8504587E-09   1.8939506E-06   6.1059291E-06   1.2030608E-05   1.8404273E-05   2.4609508E-05   3.1421656E-05   3.8781116E-05   4.6636076E-05   5.4940512E-05   6.3652820E-05   7.2734918E-05   8.2151535E-05   9.1869741E-05   1.0185853E-04   1.1208854E-04   1.2253181E-04   1.3316153E-04   1.4395195E-04   1.5487822E-04   1.6591618E-04   1.7704241E-04   1.8823406E-04   1.9946876E-04   2.1072463E-04   2.2198008E-04   2.3321397E-04   2.4440538E-04   2.5553370E-04   2.6657846E-04   2.7751952E-04   2.8833680E-04   2.9901043E-04   3.0952075E-04   3.1984816E-04   3.2997321E-04   3.3987663E-04   3.4953922E-04   3.5894196E-04   3.6806602E-04   3.7689260E-04   3.8540317E-04   3.9357931E-04   4.0140285E-04   4.0885576E-04   4.1592031E-04   4.2257895E-04   4.2881438E-04   4.3460971E-04   4.3994820E-04   4.4481354E-04   4.4918977E-04   4.5306128E-04   4.5641293E-04   4.5923001E-04   4.6149828E-04   4.6320399E-04   4.6433401E-04   4.6487577E-04   4.6481742E-04   4.6414768E-04   4.6285614E-04   4.6093320E-04   4.5837008E-04   4.5515908E-04   4.5129345E-04   4.4676772E-04   4.4157761E-04   4.3572017E-04   4.2919404E-04   4.2199955E-04   4.1413866E-04   4.0561546E-04   3.9643608E-04   3.8660894E-04   3.7614501E-04   3.6505796E-04   3.5336436E-04   3.4108385E-04   3.2823955E-04   3.1485799E-04   3.0096961E-04   2.8660888E-04   2.7181450E-04   2.5662297E-04   2.4034177E-04   2.2431333E-04   2.0697180E-04   6.8202462E-05   8.8403442E-07   7.7715862E-07   6.7170970E-07   5.4810022E-07   0.0000000E+00
   0.0000000E+00   0.0000000E+00   0.0000000E+00   0.0000000E+00   0.0000000E+00   0.0000000E+00   1.8610452E-09   1.9020246E-06   6.1244327E-06   1.2057730E-05   1.8437015E-05   2.4650932E-05   3.1472086E-05   3.8840655E-05   4.6704587E-05   5.5017576E-05   6.3737731E-05   7.2826646E-05   8.2248713E-05   9.1970673E-05   1.0196117E-04   1.1219052E-04   1.2263043E-04   1.3325381E-04   1.4403464E-04   1.5494782E-04   1.6596906E-04   1.7707478E-04   1.8824208E-04   1.9944856E-04   2.1067241E-04   2.2189222E-04   2.3308702E-04   2.4423620E-04   2.5531946E-04   2.6631684E-04   2.7720863E-04   2.8797542E-04   2.9859788E-04   3.0905707E-04   3.1933410E-04   3.2941031E-04   3.3926716E-04   3.4888636E-04   3.5824958E-04   3.6733877E-04   3.7613595E-04   3.8462327E-04   3.9278303E-04   4.0059755E-04   4.0804938E-04   4.1512121E-04   4.2179556E-04   4.2805579E-04   4.3388485E-04   4.3926600E-04   4.4418275E-04   4.4861884E-04   4.5255828E-04   4.5598528E-04   4.5888446E-04   4.6124079E-04   4.6303964E-04   4.6426684E-04   4.6490875E-04   4.6495229E-04   4.6438506E-04   4.6319535E-04   4.6137228E-04   4.5890591E-04   4.5578720E-04   4.5200827E-04   4.4756246E-04   4.4244441E-04   4.3665021E-04   4.3017755E-04   4.2302581E-04   4.1519623E-04   4.0669201E-04   3.9751839E-04   3.8768290E-04   3.7719513E-04   3.6606684E-04   3.5431178E-04   3.4194504E-04   3.2898228E-04   3.1543788E-04   3.0132185E-04   2.8663434E-04   2.7135591E-04   2.5543157E-04   2.3918359E-04   2.2298926E-04   2.0188458E-04   1.5757651E-05   0.0000000E+00   0.0000000E+00   0.0000000E+00   0.0000000E+00   0.0000000E+00
   0.0000000E+00   0.0000000E+00   0.0000000E+00   0.0000000E+00   0.0000000E+00   0.0000000E+00   1.8716904E-09   1.9102620E-06   6.1430687E-06   1.2085150E-05   1.8470475E-05   2.4693807E-05   3.1525222E-05   3.8904902E-05   4.6780813E-05   5.5106673E-05   6.3840627E-05   7.2944284E-05   8.2382103E-05   9.2120856E-05   1.0212925E-04   1.1237765E-04   1.2283781E-04   1.3348272E-04   1.4428642E-04   1.5522388E-04   1.6627088E-04   1.7740394E-04   1.8860018E-04   1.9983733E-04   2.1109363E-04   2.2234775E-04   2.3357877E-04   2.4476618E-04   2.5588972E-04   2.6692954E-04   2.7786594E-04   2.8867953E-04   2.9935109E-04   3.0986161E-04   3.2019231E-04   3.3032443E-04   3.4023952E-04   3.4991911E-04   3.5934494E-04   3.6849882E-04   3.7736265E-04   3.8591851E-04   3.9414843E-04   4.0203470E-04   4.0955955E-04   4.1670524E-04   4.2345445E-04   4.2978994E-04   4.3569438E-04   4.4115071E-04   4.4614196E-04   4.5065148E-04   4.5466278E-04   4.5815963E-04   4.6112612E-04   4.6354672E-04   4.6540622E-04   4.6668990E-04   4.6738354E-04   4.6747350E-04   4.6694680E-04   4.6579115E-04   4.6399515E-04   4.6154830E-04   4.5844103E-04   4.5466496E-04   4.5021297E-04   4.4507923E-04   4.3925937E-04   4.3275068E-04   4.2555202E-04   4.1766412E-04   4.0908941E-04   3.9983221E-04   3.8989840E-04   3.7929515E-04   3.6803031E-04   3.5611109E-04   3.4354208E-04   3.3032201E-04   3.1643882E-04   3.0186426E-04   2.8655314E-04   2.7047170E-04   2.5380001E-04   2.3773985E-04   2.2119933E-04   1.9369893E-04   7.4656632E-06   0.0000000E+00   0.0000000E+00   0.0000000E+00   0.0000000E+00   0.0000000E+00
   0.0000000E+00   0.0000000E+00   0.0000000E+00   0.0000000E+00   0.0000000E+00   0.0000000E+00   1.8823936E-09   1.9184279E-06   6.1618175E-06   1.2112729E-05   1.8504177E-05   2.4737046E-05   3.1578897E-05   3.8969942E-05   4.6858175E-05   5.5197368E-05   6.3945256E-05   7.3061026E-05   8.2511178E-05   9.2276314E-05   1.0230404E-04   1.1254429E-04   1.2305628E-04   1.3372519E-04   1.4449072E-04   1.5544082E-04   1.6650111E-04   1.7776422E-04   1.8899563E-04   2.0027060E-04   2.1156752E-04   2.2286526E-04   2.3414307E-04   2.4538059E-04   2.5655780E-04   2.6765495E-04   2.7865253E-04   2.8953128E-04   3.0027219E-04   3.1085633E-04   3.2126496E-04   3.3147953E-04   3.4147437E-04   3.5038614E-04   3.5982957E-04   3.6900170E-04   3.7788448E-04   3.8645993E-04   3.9471014E-04   4.0261736E-04   4.1017876E-04   4.1892368E-04   4.2579914E-04   4.3226304E-04   4.3829746E-04   4.4388464E-04   4.4900697E-04   4.5364694E-04   4.5778722E-04   4.6141064E-04   4.6450034E-04   4.6703967E-04   4.6901242E-04   4.7040268E-04   4.7119515E-04   4.7137498E-04   4.7092803E-04   4.6984089E-04   4.6810103E-04   4.6569676E-04   4.6261761E-04   4.5885416E-04   4.5439831E-04   4.4924338E-04   4.4338426E-04   4.3681730E-04   4.2954055E-04   4.2155368E-04   4.1285777E-04   4.0345502E-04   3.9334813E-04   3.8253915E-04   3.7102751E-04   3.5880707E-04   3.4586151E-04   3.3215838E-04   3.1764450E-04   3.0225140E-04   2.8594738E-04   2.6891037E-04   2.5194907E-04   2.3598674E-04   2.1841837E-04   1.8237325E-04   3.1484599E-06   0.0000000E+00   0.0000000E+00   0.0000000E+00   0.0000000E+00   0.0000000E+00
   0.0000000E+00   0.0000000E+00   0.0000000E+00   0.0000000E+00   0.0000000E+00   0.0000000E+00   1.8931545E-09   1.9266602E-06   6.1806836E-06   1.2140473E-05   1.8538138E-05   2.4780677E-05   3.1633161E-05   3.9035840E-05   4.6936781E-05   5.5289824E-05   6.4052299E-05   7.3183481E-05   8.2650338E-05   9.2437767E-05   1.0248643E-04   1.1274133E-04   1.2328764E-04   1.3398337E-04   1.4475931E-04   1.5573735E-04   1.6682956E-04   1.7816229E-04   1.8943680E-04   2.0075880E-04   2.1210703E-04   2.2345842E-04   2.3445590E-04   2.4610301E-04   2.5735202E-04   2.6852699E-04   2.7960879E-04   2.9057311E-04   3.0069641E-04   3.1210724E-04   3.2262914E-04   3.3296473E-04   3.4306850E-04   3.5179965E-04   3.6135459E-04   3.7064467E-04   3.7965178E-04   3.8835788E-04   3.9674490E-04   4.0479557E-04   4.1254656E-04   4.2208310E-04   4.2916811E-04   4.3584712E-04   4.4210118E-04   4.4791144E-04   4.5325895E-04   4.5812482E-04   4.6249010E-04   4.6633594E-04   4.6964354E-04   4.7239434E-04   4.7456997E-04   4.7615243E-04   4.7712409E-04   4.7746787E-04   4.7716737E-04   4.7620686E-04   4.7457163E-04   4.7224792E-04   4.6922313E-04   4.6548602E-04   4.6102676E-04   4.5583709E-04   4.4991032E-04   4.4324138E-04   4.3582681E-04   4.2766432E-04   4.1875234E-04   4.0908912E-04   3.9867105E-04   3.8749000E-04   3.7552937E-04   3.6275812E-04   3.4912361E-04   3.3454641E-04   3.1892938E-04   3.0221374E-04   2.8455583E-04   2.6664155E-04   2.4964678E-04   2.3370338E-04   2.1461815E-04   1.6832356E-04   3.5171252E-07   0.0000000E+00   0.0000000E+00   0.0000000E+00   0.0000000E+00   0.0000000E+00
   0.0000000E+00   0.0000000E+00   0.0000000E+00   0.0000000E+00   0.0000000E+00   0.0000000E+00   1.9039739E-09   1.9349616E-06   6.1996702E-06   1.2168388E-05   1.8572367E-05   2.4824722E-05   3.1688047E-05   3.9102666E-05   4.7016740E-05   5.5384211E-05   6.4161883E-05   7.3309406E-05   8.2794220E-05   9.2606009E-05   1.0267768E-04   1.1294908E-04   1.2353400E-04   1.3426036E-04   1.4504939E-04   1.5606065E-04   1.6719160E-04   1.7860613E-04   1.8993387E-04   2.0131480E-04   2.1272818E-04   2.2414551E-04   2.3513212E-04   2.4696361E-04   2.5830921E-04   2.6959029E-04   2.8078828E-04   2.9186488E-04   3.0191356E-04   3.1264036E-04   3.2438082E-04   3.3359032E-04   3.4517326E-04   3.5371829E-04   3.6345009E-04   3.7292944E-04   3.8213847E-04   3.9105923E-04   3.9967362E-04   4.0796577E-04   4.1602599E-04   4.2664973E-04   4.3407979E-04   4.4111587E-04   4.4773743E-04   4.5392371E-04   4.5965359E-04   4.6490558E-04   4.6965791E-04   4.7388853E-04   4.7757517E-04   4.8069464E-04   4.8322621E-04   4.8514700E-04   4.8643508E-04   4.8706899E-04   4.8702795E-04   4.8629186E-04   4.8484176E-04   4.8265985E-04   4.7972973E-04   4.7603663E-04   4.7156753E-04   4.6631199E-04   4.6027824E-04   4.5342473E-04   4.4576125E-04   4.3728214E-04   4.2798099E-04   4.1784867E-04   4.0686963E-04   3.9501704E-04   3.8224529E-04   3.6848121E-04   3.5361713E-04   3.3751922E-04   3.2008468E-04   3.0141303E-04   2.8213783E-04   2.6357561E-04   2.4664469E-04   2.3066861E-04   2.0961053E-04   1.5223643E-04   9.5416186E-10   0.0000000E+00   0.0000000E+00   0.0000000E+00   0.0000000E+00   0.0000000E+00
   0.0000000E+00   0.0000000E+00   0.0000000E+00   0.0000000E+00   0.0000000E+00   0.0000000E+00   1.9148521E-09   1.9433344E-06   6.2187819E-06   1.2196483E-05   1.8606881E-05   2.4869205E-05   3.1743602E-05   3.9170496E-05   4.7098172E-05   5.5480708E-05   6.4274260E-05   7.3439202E-05   8.2943407E-05   9.2781920E-05   1.0287901E-04   1.1316913E-04   1.2379771E-04   1.3455935E-04   1.4536492E-04   1.5641598E-04   1.6759413E-04   1.7910547E-04   1.9049931E-04   2.0195454E-04   2.1345109E-04   2.2495413E-04   2.3594078E-04   2.4800163E-04   2.5947762E-04   2.7090390E-04   2.8226268E-04   2.9349836E-04   3.0347661E-04   3.1440699E-04   3.2666005E-04   3.3577453E-04   3.4799296E-04   3.5635952E-04   3.6636938E-04   3.7614972E-04   3.8568341E-04   3.9495292E-04   4.0394059E-04   4.1263373E-04   4.2119509E-04   4.3333933E-04   4.4133558E-04   4.4896224E-04   4.5619614E-04   4.6301333E-04   4.6938888E-04   4.7529678E-04   4.8071018E-04   4.8560122E-04   4.8994122E-04   4.9369974E-04   4.9684930E-04   4.9935869E-04   5.0119794E-04   5.0233729E-04   5.0274743E-04   5.0240004E-04   5.0126819E-04   4.9932639E-04   4.9655110E-04   4.9292116E-04   4.8841804E-04   4.8302885E-04   4.7675968E-04   4.6955451E-04   4.6142461E-04   4.5235889E-04   4.4234301E-04   4.3135445E-04   4.1935482E-04   4.0628618E-04   3.9205552E-04   3.7652688E-04   3.5953458E-04   3.4109986E-04   3.2080841E-04   2.9945164E-04   2.7844921E-04   2.5949837E-04   2.4267938E-04   2.2658492E-04   2.0315165E-04   1.3478173E-04   0.0000000E+00   0.0000000E+00   0.0000000E+00   0.0000000E+00   0.0000000E+00   0.0000000E+00
   0.0000000E+00   0.0000000E+00   0.0000000E+00   0.0000000E+00   0.0000000E+00   0.0000000E+00   1.9257889E-09   1.9517818E-06   6.2380227E-06   1.2224765E-05   1.8641695E-05   2.4914154E-05   3.1799875E-05   3.9239407E-05   4.7181198E-05   5.5579520E-05   6.4389744E-05   7.3573305E-05   8.3098552E-05   9.2966489E-05   1.0309183E-04   1.1340338E-04   1.2408152E-04   1.3488406E-04   1.4571063E-04   1.5680962E-04   1.6804555E-04   1.7967219E-04   1.9114860E-04   2.0269791E-04   2.1430124E-04   2.2591637E-04   2.3691957E-04   2.4926825E-04   2.6092099E-04   2.7254655E-04   2.8412874E-04   2.9559323E-04   3.0586496E-04   3.1675035E-04   3.2968578E-04   3.3874507E-04   3.5182078E-04   3.6004145E-04   3.7048664E-04   3.8074344E-04   3.9079649E-04   4.0062974E-04   4.1022681E-04   4.1958131E-04   4.2895475E-04   4.4326176E-04   4.5218741E-04   4.6079076E-04   4.6904452E-04   4.7691941E-04   4.8438399E-04   4.9140438E-04   4.9794454E-04   5.0396618E-04   5.0942856E-04   5.1428872E-04   5.1850517E-04   5.2203191E-04   5.2482355E-04   5.2683445E-04   5.2801968E-04   5.2833656E-04   5.2774057E-04   5.2619318E-04   5.2365789E-04   5.2010192E-04   5.1549723E-04   5.0982588E-04   5.0308381E-04   4.9520208E-04   4.8618962E-04   4.7602624E-04   4.6468398E-04   4.5212061E-04   4.3826737E-04   4.2298404E-04   4.0615554E-04   3.8756643E-04   3.6740463E-04   3.4456162E-04   3.2020564E-04   2.9563240E-04   2.7314699E-04   2.5406768E-04   2.3741632E-04   2.2137542E-04   1.9507330E-04   1.1658026E-04   0.0000000E+00   0.0000000E+00   0.0000000E+00   0.0000000E+00   0.0000000E+00   0.0000000E+00
   0.0000000E+00   0.0000000E+00   0.0000000E+00   0.0000000E+00   0.0000000E+00   0.0000000E+00   1.9367850E-09   1.9603060E-06   6.2573963E-06   1.2253242E-05   1.8676821E-05   2.4959598E-05   3.1856911E-05   3.9309478E-05   4.7265959E-05   5.5680852E-05   6.4508633E-05   7.3712195E-05   8.3260376E-05   9.3160837E-05   1.0331773E-04   1.1365397E-04   1.2438865E-04   1.3523889E-04   1.4609212E-04   1.5724919E-04   1.6855616E-04   1.8032092E-04   1.9190100E-04   2.0357005E-04   2.1531110E-04   2.2707356E-04   2.3811778E-04   2.5083087E-04   2.6272412E-04   2.7462433E-04   2.8651807E-04   2.9831482E-04   3.0899208E-04   3.1989597E-04   3.3375141E-04   3.4283244E-04   3.5708107E-04   3.6523340E-04   3.7635962E-04   3.8736974E-04   3.9825245E-04   4.0899537E-04   4.1958559E-04   4.3002857E-04   4.4072189E-04   4.5815459E-04   4.6860884E-04   4.7883013E-04   4.8878463E-04   4.9843430E-04   5.0773646E-04   5.1664340E-04   5.2510295E-04   5.3305720E-04   5.4044387E-04   5.4719643E-04   5.5324723E-04   5.5852253E-04   5.6294800E-04   5.6644849E-04   5.6894968E-04   5.7038449E-04   5.7067140E-04   5.6974997E-04   5.6756020E-04   5.6404877E-04   5.5917166E-04   5.5289967E-04   5.4520974E-04   5.3602044E-04   5.2533380E-04   5.1311578E-04   4.9931742E-04   4.8386867E-04   4.6665210E-04   4.4737619E-04   4.2599015E-04   4.0221214E-04   3.7625662E-04   3.4767753E-04   3.1785964E-04   2.8971606E-04   2.6601495E-04   2.4691594E-04   2.3066145E-04   2.1473899E-04   1.8495227E-04   9.8275486E-05   0.0000000E+00   0.0000000E+00   0.0000000E+00   0.0000000E+00   0.0000000E+00   0.0000000E+00
   0.0000000E+00   0.0000000E+00   0.0000000E+00   0.0000000E+00   0.0000000E+00   0.0000000E+00   1.9478403E-09   1.9689105E-06   6.2769086E-06   1.2281924E-05   1.8712281E-05   2.5005567E-05   3.1914766E-05   3.9380800E-05   4.7352602E-05   5.5784949E-05   6.4631284E-05   7.3856419E-05   8.3429710E-05   9.3366245E-05   1.0355857E-04   1.1392343E-04   1.2472286E-04   1.3562909E-04   1.4651619E-04   1.5774397E-04   1.6913860E-04   1.8106980E-04   1.9278060E-04   2.0460277E-04   2.1652225E-04   2.2847927E-04   2.3960038E-04   2.5277887E-04   2.6500071E-04   2.7728098E-04   2.8961126E-04   3.0188792E-04   3.1313981E-04   3.2476435E-04   3.3928352E-04   3.4931520E-04   3.6439361E-04   3.7263418E-04   3.8482682E-04   3.9702916E-04   4.0923845E-04   4.2145024E-04   4.3365982E-04   4.4589522E-04   4.5874319E-04   4.8075878E-04   4.9373333E-04   5.0664047E-04   5.1943545E-04   5.3206569E-04   5.4446893E-04   5.5657286E-04   5.6829682E-04   5.7954580E-04   5.9021881E-04   6.0020544E-04   6.0938898E-04   6.1764440E-04   6.2484347E-04   6.3085614E-04   6.3555513E-04   6.3882954E-04   6.4052525E-04   6.4054545E-04   6.3878839E-04   6.3516566E-04   6.2960607E-04   6.2205817E-04   6.1247253E-04   6.0075219E-04   5.8688875E-04   5.7082903E-04   5.5249617E-04   5.3178123E-04   5.0848565E-04   4.8210457E-04   4.5286457E-04   4.2053612E-04   3.8646618E-04   3.4813347E-04   3.1180144E-04   2.8053814E-04   2.5641863E-04   2.3771646E-04   2.2203340E-04   2.0646506E-04   1.7306082E-04   8.0432190E-05   0.0000000E+00   0.0000000E+00   0.0000000E+00   0.0000000E+00   0.0000000E+00   0.0000000E+00
   0.0000000E+00   0.0000000E+00   0.0000000E+00   0.0000000E+00   0.0000000E+00   0.0000000E+00   1.9589554E-09   1.9775982E-06   6.2965637E-06   1.2310818E-05   1.8748089E-05   2.5052092E-05   3.1973494E-05   3.9453473E-05   4.7441285E-05   5.5892066E-05   6.4758104E-05   7.4006588E-05   8.3607469E-05   9.3584174E-05   1.0381648E-04   1.1421471E-04   1.2508864E-04   1.3606087E-04   1.4699103E-04   1.5830529E-04   1.6980853E-04   1.8194148E-04   1.9381788E-04   2.0583667E-04   2.1798832E-04   2.3020347E-04   2.4145360E-04   2.5523163E-04   2.6790443E-04   2.8071291E-04   2.9365762E-04   3.0662667E-04   3.1870799E-04   3.3135674E-04   3.4689982E-04   3.5829967E-04   3.7467125E-04   3.8329285E-04   3.9715969E-04   4.1125328E-04   4.2558816E-04   4.4017643E-04   4.5503132E-04   4.7022346E-04   4.8660405E-04   5.1542110E-04   5.3255801E-04   5.4992741E-04   5.6746625E-04   5.8509666E-04   6.0272135E-04   6.2022370E-04   6.3747104E-04   6.5429963E-04   6.7053729E-04   6.8599248E-04   7.0045737E-04   7.1371248E-04   7.2553073E-04   7.3568255E-04   7.4394717E-04   7.5013866E-04   7.5396179E-04   7.5526373E-04   7.5387181E-04   7.4963982E-04   7.4245228E-04   7.3221745E-04   7.1885379E-04   7.0225337E-04   6.8239367E-04   6.5920269E-04   6.3257682E-04   6.0236739E-04   5.6826585E-04   5.2954507E-04   4.8723453E-04   4.4141841E-04   3.9414634E-04   3.4519727E-04   3.0186266E-04   2.6826086E-04   2.4418932E-04   2.2605350E-04   2.1129605E-04   1.9621274E-04   1.5934305E-04   6.3550753E-05   0.0000000E+00   0.0000000E+00   0.0000000E+00   0.0000000E+00   0.0000000E+00   0.0000000E+00
   0.0000000E+00   0.0000000E+00   0.0000000E+00   0.0000000E+00   0.0000000E+00   0.0000000E+00   1.9701307E-09   1.9863721E-06   6.3163675E-06   1.2339938E-05   1.8784267E-05   2.5099211E-05   3.2033160E-05   3.9527600E-05   4.7532190E-05   5.6002493E-05   6.4889522E-05   7.4163392E-05   8.3794730E-05   9.3816292E-05   1.0409392E-04   1.1453127E-04   1.2549123E-04   1.3654171E-04   1.4752662E-04   1.5894709E-04   1.7058542E-04   1.8296429E-04   1.9505137E-04   2.0732378E-04   2.1977896E-04   2.3233803E-04   2.4379269E-04   2.5834964E-04   2.7164433E-04   2.8519053E-04   2.9900434E-04   3.1297351E-04   3.2625825E-04   3.4038318E-04   3.5748805E-04   3.7089232E-04   3.8926955E-04   3.9879698E-04   4.1530072E-04   4.3240347E-04   4.5015325E-04   4.6859495E-04   4.8777930E-04   5.0789479E-04   5.3429446E-04   5.6904298E-04   5.9304881E-04   6.1781576E-04   6.4324721E-04   6.6921895E-04   6.9556886E-04   7.2209816E-04   7.4857776E-04   7.7471451E-04   8.0020644E-04   8.2471239E-04   8.4785692E-04   8.6925080E-04   8.8849064E-04   9.0517255E-04   9.1892021E-04   9.2942663E-04   9.3612663E-04   9.3879498E-04   9.3714695E-04   9.3094795E-04   9.2001515E-04   9.0419012E-04   8.8336522E-04   8.5745729E-04   8.2642963E-04   7.9021690E-04   7.4872770E-04   7.0182356E-04   6.4912473E-04   5.8986928E-04   5.2700791E-04   4.6132211E-04   3.9704837E-04   3.3482717E-04   2.8604668E-04   2.5191923E-04   2.2874148E-04   2.1162321E-04   1.9816159E-04   1.8392720E-04   1.4401977E-04   4.8030270E-05   0.0000000E+00   0.0000000E+00   0.0000000E+00   0.0000000E+00   0.0000000E+00   0.0000000E+00
   0.0000000E+00   0.0000000E+00   0.0000000E+00   0.0000000E+00   0.0000000E+00   0.0000000E+00   1.9813660E-09   1.9952356E-06   6.3363250E-06   1.2369291E-05   1.8820832E-05   2.5146957E-05   3.2093827E-05   3.9603303E-05   4.7625508E-05   5.6116547E-05   6.5026034E-05   7.4327603E-05   8.3992702E-05   9.4064533E-05   1.0439378E-04   1.1487720E-04   1.2593692E-04   1.3708058E-04   1.4813508E-04   1.5968659E-04   1.7149359E-04   1.8417396E-04   1.9653031E-04   2.0913134E-04   2.2198510E-04   2.3500451E-04   2.4677266E-04   2.6235048E-04   2.7650711E-04   2.9108912E-04   3.0613886E-04   3.2155678E-04   3.3659756E-04   3.5287472E-04   3.7235062E-04   3.8873270E-04   4.1021637E-04   4.2156593E-04   4.4223672E-04   4.6414076E-04   4.8738855E-04   5.1208743E-04   5.3836405E-04   5.6668773E-04   6.0794846E-04   6.5252424E-04   6.8780099E-04   7.2473323E-04   7.6315604E-04   8.0285309E-04   8.4353605E-04   8.8484865E-04   9.2637993E-04   9.6759130E-04   1.0079461E-03   1.0468327E-03   1.0835736E-03   1.1174869E-03   1.1478699E-03   1.1740337E-03   1.1953675E-03   1.2113950E-03   1.2210386E-03   1.2240252E-03   1.2199134E-03   1.2083532E-03   1.1890725E-03   1.1618189E-03   1.1265189E-03   1.0832389E-03   1.0319559E-03   9.7272650E-04   9.0563536E-04   8.3077094E-04   7.4794615E-04   6.5701589E-04   5.6485843E-04   4.7321088E-04   3.8726858E-04   3.1579900E-04   2.6489157E-04   2.3192271E-04   2.1001948E-04   1.9425324E-04   1.8261111E-04   1.6955003E-04   1.2736692E-04   3.4558274E-05   0.0000000E+00   0.0000000E+00   0.0000000E+00   0.0000000E+00   0.0000000E+00   0.0000000E+00
   0.0000000E+00   0.0000000E+00   0.0000000E+00   0.0000000E+00   0.0000000E+00   0.0000000E+00   1.9926618E-09   2.0041925E-06   6.3564430E-06   1.2398889E-05   1.8857809E-05   2.5195373E-05   3.2155574E-05   3.9680701E-05   4.7721460E-05   5.6234585E-05   6.5168206E-05   7.4500102E-05   8.4202773E-05   9.4331124E-05   1.0471942E-04   1.1525732E-04   1.2643318E-04   1.3768836E-04   1.4883134E-04   1.6054514E-04   1.7256358E-04   1.8561578E-04   1.9831781E-04   2.1134660E-04   2.2472636E-04   2.3836490E-04   2.5060374E-04   2.6753120E-04   2.8288912E-04   2.9893359E-04   3.1575092E-04   3.3327600E-04   3.5089455E-04   3.7034033E-04   3.9341257E-04   4.1426643E-04   4.4056319E-04   4.5530638E-04   4.8257934E-04   5.1215658E-04   5.4426020E-04   5.7911110E-04   6.1703939E-04   6.6552736E-04   7.2225212E-04   7.8280206E-04   8.3631458E-04   8.9289527E-04   9.5222506E-04   1.0138914E-03   1.0773477E-03   1.1419286E-03   1.2068773E-03   1.2711920E-03   1.3339235E-03   1.3939893E-03   1.4501931E-03   1.5013841E-03   1.5463931E-03   1.5841177E-03   1.6136635E-03   1.6343880E-03   1.6442289E-03   1.6430471E-03   1.6302380E-03   1.6053541E-03   1.5680516E-03   1.5180099E-03   1.4554518E-03   1.3809633E-03   1.2947012E-03   1.1972344E-03   1.0893279E-03   9.7190618E-04   8.4567256E-04   7.1239454E-04   5.8544835E-04   4.6647943E-04   3.6195049E-04   2.8635247E-04   2.3801561E-04   2.0789733E-04   1.8794984E-04   1.7411540E-04   1.6471528E-04   1.5333638E-04   1.0993078E-04   2.2751316E-05   0.0000000E+00   0.0000000E+00   0.0000000E+00   0.0000000E+00   0.0000000E+00   0.0000000E+00
   0.0000000E+00   0.0000000E+00   0.0000000E+00   0.0000000E+00   0.0000000E+00   0.0000000E+00   2.0040185E-09   2.0132463E-06   6.3767275E-06   1.2428746E-05   1.8895220E-05   2.5244506E-05   3.2218475E-05   3.9759936E-05   4.7820278E-05   5.6357003E-05   6.5316643E-05   7.4681906E-05   8.4426545E-05   9.4618670E-05   1.0507479E-04   1.1567739E-04   1.2698901E-04   1.3837818E-04   1.4963375E-04   1.6154940E-04   1.7383398E-04   1.8734748E-04   2.0049539E-04   2.1408373E-04   2.2816118E-04   2.4263661E-04   2.5557299E-04   2.7430060E-04   2.9134259E-04   3.0946411E-04   3.2882445E-04   3.4942929E-04   3.7085454E-04   3.9500344E-04   4.2353629E-04   4.5115905E-04   4.8491952E-04   5.0571153E-04   5.4345251E-04   5.8528117E-04   6.3160772E-04   6.8284845E-04   7.3979510E-04   8.1825664E-04   8.9950213E-04   9.8530611E-04   1.0675074E-03   1.1547429E-03   1.2463261E-03   1.3414107E-03   1.4389140E-03   1.5375662E-03   1.6359710E-03   1.7322736E-03   1.8248545E-03   1.9118683E-03   1.9912927E-03   2.0613156E-03   2.1201351E-03   2.1661674E-03   2.1983627E-03   2.2161002E-03   2.2153161E-03   2.1966738E-03   2.1595620E-03   2.1036514E-03   2.0287638E-03   1.9348530E-03   1.8233887E-03   1.6965626E-03   1.5553595E-03   1.4019334E-03   1.2388603E-03   1.0689263E-03   8.9445885E-04   7.2007760E-04   5.6639174E-04   4.3084010E-04   3.1712095E-04   2.4950426E-04   2.0708475E-04   1.8075190E-04   1.6318772E-04   1.5171514E-04   1.4498712E-04   1.3559712E-04   9.2311384E-05   1.3513673E-05   0.0000000E+00   0.0000000E+00   0.0000000E+00   0.0000000E+00   0.0000000E+00   0.0000000E+00
   0.0000000E+00   0.0000000E+00   0.0000000E+00   0.0000000E+00   0.0000000E+00   0.0000000E+00   2.0154363E-09   2.0224011E-06   6.3971856E-06   1.2458875E-05   1.8933093E-05   2.5294397E-05   3.2282616E-05   3.9841161E-05   4.7922229E-05   5.6484241E-05   6.5472072E-05   7.4874159E-05   8.4665851E-05   9.4930168E-05   1.0546453E-04   1.1614427E-04   1.2761522E-04   1.3916614E-04   1.5056503E-04   1.6273282E-04   1.7535382E-04   1.8944312E-04   2.0316899E-04   2.1749304E-04   2.3250094E-04   2.4811376E-04   2.6207566E-04   2.8322593E-04   3.0264320E-04   3.2373285E-04   3.4677397E-04   3.7190362E-04   3.9898232E-04   4.3015831E-04   4.6699506E-04   5.0491595E-04   5.5024913E-04   5.8150809E-04   6.3580112E-04   6.9708360E-04   7.6605333E-04   8.4343023E-04   9.3075132E-04   1.0530042E-03   1.1718217E-03   1.2957621E-03   1.4208545E-03   1.5530328E-03   1.6907546E-03   1.8322435E-03   1.9753517E-03   2.1177025E-03   2.2568177E-03   2.3893616E-03   2.5127863E-03   2.6241420E-03   2.7201953E-03   2.7983508E-03   2.8560860E-03   2.8914777E-03   2.9039597E-03   2.8935187E-03   2.8516727E-03   2.7820098E-03   2.6847201E-03   2.5606630E-03   2.4111045E-03   2.2380154E-03   2.0471446E-03   1.8451104E-03   1.6353332E-03   1.4232860E-03   1.2141424E-03   1.0118827E-03   8.1804412E-04   6.3660741E-04   4.8958370E-04   3.6404069E-04   2.6130991E-04   2.0767213E-04   1.7336349E-04   1.5132444E-04   1.3666910E-04   1.2797875E-04   1.2411032E-04   1.1703902E-04   7.5033080E-05   6.3296593E-06   0.0000000E+00   0.0000000E+00   0.0000000E+00   0.0000000E+00   0.0000000E+00   0.0000000E+00
   0.0000000E+00   0.0000000E+00   0.0000000E+00   0.0000000E+00   0.0000000E+00   0.0000000E+00   2.0269153E-09   2.0316609E-06   6.4178244E-06   1.2489289E-05   1.8971452E-05   2.5345103E-05   3.2348093E-05   3.9924544E-05   4.8027607E-05   5.6616798E-05   6.5635293E-05   7.5078169E-05   8.4922838E-05   9.5269148E-05   1.0589414E-04   1.1666615E-04   1.2832489E-04   1.4007188E-04   1.5165350E-04   1.6413756E-04   1.7718579E-04   1.9199835E-04   2.0647731E-04   2.2177394E-04   2.3802987E-04   2.5519740E-04   2.7066038E-04   2.9510065E-04   3.1788938E-04   3.4324679E-04   3.7164756E-04   4.0345953E-04   4.3897520E-04   4.8070052E-04   5.3017290E-04   5.8378559E-04   6.4701372E-04   6.9594657E-04   7.7618775E-04   8.6795905E-04   9.7240950E-04   1.1016860E-03   1.2372126E-03   1.4081134E-03   1.5811014E-03   1.7582900E-03   1.9420125E-03   2.1332316E-03   2.3285933E-03   2.5245470E-03   2.7170754E-03   2.9020570E-03   3.0754765E-03   3.2315571E-03   3.3667702E-03   3.4765641E-03   3.5552352E-03   3.5994849E-03   3.6066012E-03   3.5750102E-03   3.5066966E-03   3.4036543E-03   3.2479891E-03   3.0530922E-03   2.8237160E-03   2.5665027E-03   2.2892498E-03   2.0016152E-03   1.7198948E-03   1.4583080E-03   1.2219978E-03   1.0165523E-03   8.4310770E-04   6.9747237E-04   5.6968734E-04   4.5382697E-04   3.6356295E-04   2.7868210E-04   2.0217414E-04   1.6565950E-04   1.3911669E-04   1.2141794E-04   1.0994811E-04   1.0411761E-04   1.0310563E-04   9.8315519E-05   5.8940426E-05   1.6802986E-06   0.0000000E+00   0.0000000E+00   0.0000000E+00   0.0000000E+00   0.0000000E+00   0.0000000E+00
   0.0000000E+00   0.0000000E+00   0.0000000E+00   0.0000000E+00   0.0000000E+00   0.0000000E+00   2.5116982E-09   2.0410298E-06   6.4386518E-06   1.2520005E-05   1.9010329E-05   2.5396679E-05   3.2415010E-05   4.0010273E-05   4.8136735E-05   5.6755231E-05   6.5807209E-05   7.5295458E-05   8.5199965E-05   9.5639734E-05   1.0637013E-04   1.1725292E-04   1.2913394E-04   1.4111969E-04   1.5293455E-04   1.6581717E-04   1.7941052E-04   1.9513757E-04   2.1060325E-04   2.2719304E-04   2.4513318E-04   2.6443909E-04   2.8209502E-04   3.1104364E-04   3.3864845E-04   3.7017968E-04   4.0642868E-04   4.4815373E-04   4.9630314E-04   5.5389991E-04   6.2256283E-04   7.0000981E-04   7.9069776E-04   8.6871797E-04   9.8890974E-04   1.1272818E-03   1.2853690E-03   1.4630225E-03   1.6910343E-03   1.9286680E-03   2.1719369E-03   2.4138095E-03   2.6658007E-03   2.9202683E-03   3.1706046E-03   3.4104711E-03   3.6330023E-03   3.8309288E-03   3.9984980E-03   4.1262903E-03   4.2099399E-03   4.2419964E-03   4.2133606E-03   4.1202246E-03   3.9599701E-03   3.7353151E-03   3.4584433E-03   3.1383960E-03   2.7455788E-03   2.3239884E-03   1.8957761E-03   1.4846571E-03   1.1123408E-03   7.9744740E-04   5.5809674E-04   3.9778140E-04   3.0314049E-04   2.5930739E-04   2.4873338E-04   2.5403517E-04   2.5813436E-04   2.4841056E-04   2.3190409E-04   1.9598244E-04   1.4959367E-04   1.2582686E-04   1.0619883E-04   9.2750946E-05   8.4500127E-05   8.1408296E-05   8.2895582E-05   8.0265818E-05   4.4155266E-05   0.0000000E+00   0.0000000E+00   0.0000000E+00   0.0000000E+00   0.0000000E+00   0.0000000E+00   0.0000000E+00
   0.0000000E+00   0.0000000E+00   0.0000000E+00   0.0000000E+00   0.0000000E+00   0.0000000E+00   3.2475136E-09   2.0505129E-06   6.4596766E-06   1.2551038E-05   1.9049758E-05   2.5449186E-05   3.2483480E-05   4.0098552E-05   4.8249982E-05   5.6900171E-05   6.5988861E-05   7.5527765E-05   8.5500134E-05   9.6046781E-05   1.0690027E-04   1.1791650E-04   1.3006182E-04   1.4233956E-04   1.5445282E-04   1.6784009E-04   1.8213253E-04   1.9902378E-04   2.1578983E-04   2.3410967E-04   2.5433750E-04   2.7660371E-04   2.9746335E-04   3.3264537E-04   3.6717299E-04   4.0768561E-04   4.5548141E-04   5.1195791E-04   5.7904248E-04   6.6047849E-04   7.5809797E-04   8.7138248E-04   1.0035450E-03   1.1278929E-03   1.3075966E-03   1.5141837E-03   1.7629449E-03   2.0257072E-03   2.3354131E-03   2.6524579E-03   2.9711181E-03   3.2722056E-03   3.5810389E-03   3.8758649E-03   4.1438215E-03   4.3763928E-03   4.5626499E-03   4.6926192E-03   4.7575566E-03   4.7379606E-03   4.6292641E-03   4.4199065E-03   4.0987004E-03   3.6708477E-03   3.1496508E-03   2.5663897E-03   1.9702478E-03   1.3963485E-03   8.3018473E-04   3.6323452E-04   1.9761825E-05   1.6857273E-04   9.0845031E-05   5.8961992E-05   4.5151257E-05   4.1477360E-05   4.3908298E-05   5.0538420E-05   6.0214996E-05   7.2494033E-05   9.8977674E-05   1.2244846E-04   1.3694599E-04   1.3039136E-04   1.0559630E-04   9.0751113E-05   7.6742144E-05   6.7168636E-05   6.1864877E-05   6.1075923E-05   6.4467204E-05   6.3476742E-05   3.1403528E-05   0.0000000E+00   0.0000000E+00   0.0000000E+00   0.0000000E+00   0.0000000E+00   0.0000000E+00   0.0000000E+00
   0.0000000E+00   0.0000000E+00   0.0000000E+00   0.0000000E+00   0.0000000E+00   0.0000000E+00   3.7971422E-09   2.0601151E-06   6.4809069E-06   1.2582407E-05   1.9089770E-05   2.5502690E-05   3.2553631E-05   4.0189610E-05   4.8367754E-05   5.7052330E-05   6.6181434E-05   7.5777083E-05   8.5826701E-05   9.6496027E-05   1.0749383E-04   1.1867140E-04   1.3113239E-04   1.4376894E-04   1.5626485E-04   1.7029431E-04   1.8548821E-04   2.0387219E-04   2.2236268E-04   2.4301225E-04   2.6636900E-04   2.9276157E-04   3.1830760E-04   3.6218326E-04   4.0671960E-04   4.6035930E-04   5.2519684E-04   6.0363684E-04   6.9901388E-04   8.1599032E-04   9.5669215E-04   1.1227702E-03   1.3157909E-03   1.5105364E-03   1.7741427E-03   2.0881000E-03   2.4038092E-03   2.7957058E-03   3.1919915E-03   3.5816648E-03   3.9526266E-03   4.2675124E-03   4.5788079E-03   4.8429524E-03   5.0391867E-03   5.1522697E-03   5.1639914E-03   5.0601582E-03   4.8271338E-03   4.4329646E-03   3.8920173E-03   3.2144252E-03   2.4298984E-03   1.6117488E-03   8.4894884E-04   2.4988293E-04   5.6107172E-07   2.8440954E-08   1.2714098E-05   2.3033288E-06   7.7133882E-07   1.3439368E-08   4.2835649E-07   1.4803161E-06   3.1962118E-06   5.9877138E-06   1.1154057E-05   1.7403720E-05   2.5390367E-05   3.5437966E-05   5.2564061E-05   6.7313042E-05   8.1099854E-05   8.3795043E-05   7.1026348E-05   6.1659201E-05   5.2126208E-05   4.5838944E-05   4.2931137E-05   4.3819880E-05   4.8416736E-05   4.8505084E-05   2.0476155E-05   0.0000000E+00   0.0000000E+00   0.0000000E+00   0.0000000E+00   0.0000000E+00   0.0000000E+00   0.0000000E+00
   0.0000000E+00   0.0000000E+00   0.0000000E+00   0.0000000E+00   0.0000000E+00   0.0000000E+00   6.9405015E-09   2.0698412E-06   6.5023537E-06   1.2614130E-05   1.9130406E-05   2.5557265E-05   3.2625598E-05   4.0283699E-05   4.8490507E-05   5.7212510E-05   6.6386303E-05   7.6045770E-05   8.6183631E-05   9.6994285E-05   1.0816201E-04   1.1953530E-04   1.3237516E-04   1.4545475E-04   1.5844280E-04   1.7329393E-04   1.8965702E-04   2.0996932E-04   2.3076194E-04   2.5457068E-04   2.8223789E-04   3.1442309E-04   3.4683969E-04   4.0293863E-04   4.6201565E-04   5.3489977E-04   6.2489981E-04   7.3592283E-04   8.7318121E-04   1.0422833E-03   1.2454476E-03   1.4865373E-03   1.7645836E-03   2.0590196E-03   2.4304723E-03   2.8648810E-03   3.2944102E-03   3.7698026E-03   4.2293482E-03   4.6482696E-03   4.9983417E-03   5.2198102E-03   5.4213861E-03   5.5160257E-03   5.4646214E-03   5.2383319E-03   4.7850413E-03   4.1646208E-03   3.3679078E-03   2.4149984E-03   1.4379993E-03   5.7113223E-04   0.0000000E+00   0.0000000E+00   0.0000000E+00   3.0597400E-07   1.5693935E-09   2.0629614E-09   5.4541783E-08   8.5437864E-07   5.6594626E-08   1.1118890E-09   1.3338364E-08   1.2386690E-07   1.9539193E-07   3.3823397E-07   1.1468904E-06   3.5559274E-06   8.1316803E-06   1.5258413E-05   2.6265256E-05   3.6852045E-05   4.7150294E-05   5.1456307E-05   4.4731776E-05   3.9011058E-05   3.2870128E-05   2.9121897E-05   2.7956175E-05   2.9879338E-05   3.4955956E-05   3.5543719E-05   1.1901863E-05   0.0000000E+00   0.0000000E+00   0.0000000E+00   0.0000000E+00   0.0000000E+00   0.0000000E+00   0.0000000E+00
   0.0000000E+00   0.0000000E+00   0.0000000E+00   0.0000000E+00   0.0000000E+00   0.0000000E+00   1.2630262E-08   2.0796972E-06   6.5240270E-06   1.2646230E-05   1.9171706E-05   2.5612992E-05   3.2699529E-05   4.0381106E-05   4.8618760E-05   5.7381632E-05   6.6605018E-05   7.6336517E-05   8.6575579E-05   9.7549666E-05   1.0891828E-04   1.2052993E-04   1.3382678E-04   1.4745620E-04   1.6107943E-04   1.7698796E-04   1.9487699E-04   2.1770016E-04   2.4158790E-04   2.6971212E-04   3.0336270E-04   3.4373812E-04   3.8625381E-04   4.5966081E-04   5.3992978E-04   6.4103294E-04   7.6803978E-04   9.2690572E-04   1.1249946E-03   1.3682980E-03   1.6581330E-03   1.9996173E-03   2.3873504E-03   2.8085776E-03   3.3132783E-03   3.8420749E-03   4.3639676E-03   4.8811929E-03   5.3424011E-03   5.7041254E-03   5.8944323E-03   5.7939854E-03   5.6678383E-03   5.3286352E-03   4.7186506E-03   3.8114674E-03   2.5621043E-03   1.2943508E-03   2.5542270E-04   0.0000000E+00   0.0000000E+00   0.0000000E+00   0.0000000E+00   0.0000000E+00   0.0000000E+00   0.0000000E+00   2.6442648E-10   1.4532388E-09   2.9566367E-08   3.2938061E-07   1.9327189E-08   8.3334556E-10   6.6495827E-09   7.8411830E-08   1.3130997E-07   2.5746201E-07   6.3734751E-07   8.4471992E-07   1.1166684E-06   4.1149033E-06   1.0457479E-05   1.7750815E-05   2.5254130E-05   2.9231061E-05   2.5632076E-05   2.2401404E-05   1.8742361E-05   1.6794267E-05   1.6723370E-05   1.9078640E-05   2.4035870E-05   2.4667559E-05   5.3232225E-06   0.0000000E+00   0.0000000E+00   0.0000000E+00   0.0000000E+00   0.0000000E+00   0.0000000E+00   0.0000000E+00
   0.0000000E+00   0.0000000E+00   0.0000000E+00   0.0000000E+00   0.0000000E+00   0.0000000E+00   1.8446666E-08   2.0896889E-06   6.5459376E-06   1.2678728E-05   1.9213718E-05   2.5669959E-05   3.2775599E-05   4.0482144E-05   4.8753089E-05   5.7560734E-05   6.6839391E-05   7.6652512E-05   8.7008055E-05   9.8171877E-05   1.0977905E-04   1.2168210E-04   1.3553313E-04   1.4984864E-04   1.6429495E-04   1.8157270E-04   2.0146683E-04   2.2758658E-04   2.5566714E-04   2.8973218E-04   3.3175296E-04   3.8379006E-04   4.4118706E-04   5.3923280E-04   6.5039954E-04   7.9270668E-04   9.7355183E-04   1.2012369E-03   1.4847493E-03   1.8284991E-03   2.2303355E-03   2.6934519E-03   3.1459865E-03   3.7778425E-03   4.3741879E-03   4.9589663E-03   5.5163563E-03   6.0033789E-03   6.3772681E-03   6.5393727E-03   6.2745763E-03   5.4009622E-03   4.4882330E-03   3.2109411E-03   1.6899199E-03   3.1821075E-04   0.0000000E+00   0.0000000E+00   0.0000000E+00   0.0000000E+00   0.0000000E+00   0.0000000E+00   0.0000000E+00   0.0000000E+00   0.0000000E+00   0.0000000E+00   0.0000000E+00   7.9639373E-10   1.7646451E-08   1.3125867E-07   6.6107826E-09   6.5970523E-10   4.6811226E-09   4.9409007E-08   8.8619501E-08   1.8768363E-07   4.1312120E-07   5.6584696E-07   7.2815737E-07   9.6808242E-07   2.3691725E-06   6.3485668E-06   1.1342770E-05   1.4475940E-05   1.2596704E-05   1.1023027E-05   9.0660587E-06   8.2505858E-06   8.7314775E-06   1.1080671E-05   1.5503565E-05   1.5885193E-05   1.1877937E-06   0.0000000E+00   0.0000000E+00   0.0000000E+00   0.0000000E+00   0.0000000E+00   0.0000000E+00   0.0000000E+00
   0.0000000E+00   0.0000000E+00   0.0000000E+00   0.0000000E+00   0.0000000E+00   1.5788648E-11   2.4345967E-08   2.0998225E-06   6.5680979E-06   1.2711649E-05   1.9256488E-05   2.5728261E-05   3.2853994E-05   4.0587165E-05   4.8894151E-05   5.7751011E-05   6.7091518E-05   7.6997458E-05   8.7487620E-05   9.8872624E-05   1.1076435E-04   1.2302511E-04   1.3755198E-04   1.5272855E-04   1.6824648E-04   1.8730918E-04   2.0985714E-04   2.4034332E-04   2.7414915E-04   3.1645858E-04   3.7028006E-04   4.3902939E-04   5.1838742E-04   6.5159443E-04   8.0762565E-04   1.0094207E-03   1.2669194E-03   1.5900686E-03   1.9870119E-03   2.4561519E-03   2.9871650E-03   3.5764046E-03   4.1639083E-03   4.8948550E-03   5.5279848E-03   6.1043696E-03   6.6235578E-03   6.9970768E-03   7.1355975E-03   6.7076534E-03   5.1781624E-03   2.6943958E-03   8.4634090E-04   0.0000000E+00   0.0000000E+00   0.0000000E+00   0.0000000E+00   0.0000000E+00   0.0000000E+00   0.0000000E+00   0.0000000E+00   0.0000000E+00   0.0000000E+00   0.0000000E+00   0.0000000E+00   0.0000000E+00   0.0000000E+00   2.6001215E-10   9.4854125E-09   5.4335313E-08   2.2294777E-09   5.4367322E-10   3.8891104E-09   3.1192162E-08   6.0043831E-08   1.3260299E-07   2.6649741E-07   3.7453080E-07   5.1103410E-07   6.5744098E-07   8.7338339E-07   1.2647394E-06   3.4909585E-06   5.5137248E-06   4.6035775E-06   4.0842547E-06   3.1989221E-06   2.9386240E-06   3.4877883E-06   5.4285988E-06   8.9939749E-06   8.9622636E-06   0.0000000E+00   0.0000000E+00   0.0000000E+00   0.0000000E+00   0.0000000E+00   0.0000000E+00   0.0000000E+00   0.0000000E+00
   0.0000000E+00   0.0000000E+00   0.0000000E+00   0.0000000E+00   0.0000000E+00   3.5006508E-11   3.0320798E-08   2.1101050E-06   6.5905210E-06   1.2745019E-05   1.9300071E-05   2.5788006E-05   3.2934920E-05   4.0696566E-05   4.9042690E-05   5.7953832E-05   6.7363828E-05   7.7375749E-05   8.8022090E-05   9.9666053E-05   1.1189881E-04   1.2460060E-04   1.3995670E-04   1.5622067E-04   1.7314118E-04   1.9454779E-04   2.2063588E-04   2.5695929E-04   2.9864899E-04   3.5249410E-04   4.2307767E-04   5.1590428E-04   6.2765268E-04   8.1093307E-04   1.0313853E-03   1.3171788E-03   1.6797554E-03   2.1276276E-03   2.6623202E-03   3.2691914E-03   3.9248518E-03   4.6175402E-03   5.3090160E-03   6.0606198E-03   6.6614687E-03   7.1672662E-03   7.5717238E-03   7.6799369E-03   7.1032462E-03   5.0079520E-03   1.4916463E-03   0.0000000E+00   0.0000000E+00   0.0000000E+00   0.0000000E+00   0.0000000E+00   0.0000000E+00   0.0000000E+00   0.0000000E+00   0.0000000E+00   0.0000000E+00   0.0000000E+00   0.0000000E+00   0.0000000E+00   0.0000000E+00   0.0000000E+00   0.0000000E+00   0.0000000E+00   5.1573879E-09   2.3298174E-08   7.3758560E-10   4.6007156E-10   3.2926726E-09   1.9805324E-08   4.0779415E-08   9.1314263E-08   1.7174676E-07   2.4736053E-07   3.4890812E-07   4.3505960E-07   5.3692270E-07   7.4914647E-07   1.2290724E-06   1.7156316E-06   1.3927906E-06   1.3879172E-06   1.0302830E-06   6.7871923E-07   6.6454567E-07   1.8056904E-06   4.3243695E-06   4.0082959E-06   0.0000000E+00   0.0000000E+00   0.0000000E+00   0.0000000E+00   0.0000000E+00   0.0000000E+00   0.0000000E+00   0.0000000E+00
   0.0000000E+00   0.0000000E+00   0.0000000E+00   0.0000000E+00   0.0000000E+00   4.2767800E-11   3.6371087E-08   2.1205437E-06   6.6132216E-06   1.2778869E-05   1.9344525E-05   2.5849313E-05   3.3018609E-05   4.0810792E-05   4.9199549E-05   5.8170772E-05   6.7659159E-05   7.7792560E-05   8.8620865E-05   1.0056938E-04   1.1321288E-04   1.2646111E-04   1.4284116E-04   1.6048770E-04   1.7925505E-04   2.0376396E-04   2.3461449E-04   2.7881790E-04   3.3145896E-04   4.0157745E-04   4.9612956E-04   6.2375388E-04   7.8306923E-04   1.0370024E-03   1.3479335E-03   1.7478174E-03   2.2457230E-03   2.8417434E-03   3.5217030E-03   4.2506186E-03   4.9914951E-03   5.6934166E-03   6.4855176E-03   7.1709030E-03   7.6859244E-03   8.0664624E-03   8.1846276E-03   7.4525727E-03   4.8723076E-03   7.9794368E-04   0.0000000E+00   0.0000000E+00   0.0000000E+00   0.0000000E+00   0.0000000E+00   0.0000000E+00   0.0000000E+00   0.0000000E+00   0.0000000E+00   0.0000000E+00   0.0000000E+00   0.0000000E+00   0.0000000E+00   0.0000000E+00   0.0000000E+00   0.0000000E+00   0.0000000E+00   0.0000000E+00   2.7129132E-09   1.0311652E-08   0.0000000E+00   2.6023853E-10   2.5573863E-09   1.2674232E-08   2.7710401E-08   6.1819250E-08   1.1083663E-07   1.6356530E-07   2.3649038E-07   2.8399384E-07   3.1741001E-07   4.6217133E-07   7.7816429E-07   1.1184593E-06   9.3877691E-07   9.6748943E-07   7.2751686E-07   4.6766459E-07   2.1736518E-07   1.0434469E-07   1.2621002E-06   8.2548758E-07   0.0000000E+00   0.0000000E+00   0.0000000E+00   0.0000000E+00   0.0000000E+00   0.0000000E+00   0.0000000E+00   0.0000000E+00
   0.0000000E+00   0.0000000E+00   0.0000000E+00   0.0000000E+00   0.0000000E+00   6.4620580E-11   4.2499217E-08   2.1311462E-06   6.6362145E-06   1.2813229E-05   1.9389918E-05   2.5912310E-05   3.3105312E-05   4.0930350E-05   4.9365695E-05   5.8403646E-05   6.7980836E-05   7.8254045E-05   8.9295267E-05   1.0160372E-04   1.1474453E-04   1.2867327E-04   1.4632667E-04   1.6574393E-04   1.8695969E-04   2.1561010E-04   2.5292597E-04   3.0787598E-04   3.7586552E-04   4.6911836E-04   5.9811480E-04   7.7600515E-04   1.0044402E-03   1.3560524E-03   1.7892313E-03   2.3345184E-03   2.9903024E-03   3.7375891E-03   4.5368969E-03   5.3365310E-03   6.0624904E-03   6.8555484E-03   7.5896624E-03   8.1621744E-03   8.5435985E-03   8.6161923E-03   7.7517773E-03   4.6980577E-03   2.4678136E-04   0.0000000E+00   0.0000000E+00   0.0000000E+00   0.0000000E+00   0.0000000E+00   0.0000000E+00   0.0000000E+00   0.0000000E+00   0.0000000E+00   0.0000000E+00   0.0000000E+00   0.0000000E+00   0.0000000E+00   0.0000000E+00   0.0000000E+00   0.0000000E+00   0.0000000E+00   0.0000000E+00   0.0000000E+00   1.3820910E-09   4.6938515E-09   0.0000000E+00   0.0000000E+00   1.8900426E-09   8.1842648E-09   1.8823673E-08   4.1403521E-08   7.1765967E-08   1.0843952E-07   1.5964008E-07   1.8407273E-07   1.9238156E-07   2.8240336E-07   4.9269818E-07   7.3565406E-07   6.4613943E-07   6.8583034E-07   5.2131332E-07   3.2974717E-07   1.4289134E-07   3.4068229E-08   5.9618515E-09   2.2857736E-09   0.0000000E+00   0.0000000E+00   0.0000000E+00   0.0000000E+00   0.0000000E+00   0.0000000E+00   0.0000000E+00   0.0000000E+00
   0.0000000E+00   0.0000000E+00   0.0000000E+00   0.0000000E+00   0.0000000E+00   7.4665239E-11   4.8708735E-08   2.1419212E-06   6.6595167E-06   1.2848133E-05   1.9436318E-05   2.5977142E-05   3.3195331E-05   4.1055806E-05   4.9542232E-05   5.8654572E-05   6.8332782E-05   7.8767574E-05   9.0059060E-05   1.0279506E-04   1.1654141E-04   1.3132252E-04   1.5057137E-04   1.7227477E-04   1.9676136E-04   2.3099242E-04   2.7717146E-04   3.4693323E-04   4.3662323E-04   5.6297937E-04   7.4157020E-04   9.9159777E-04   1.3184287E-03   1.8001320E-03   2.3883204E-03   3.1011866E-03   3.9142594E-03   4.7786422E-03   5.6378879E-03   6.4064101E-03   7.2015943E-03   7.9444172E-03   8.5764322E-03   8.9892112E-03   9.0254974E-03   7.9692136E-03   4.4632512E-03   0.0000000E+00   0.0000000E+00   0.0000000E+00   0.0000000E+00   0.0000000E+00   0.0000000E+00   0.0000000E+00   0.0000000E+00   0.0000000E+00   0.0000000E+00   0.0000000E+00   0.0000000E+00   0.0000000E+00   0.0000000E+00   0.0000000E+00   0.0000000E+00   0.0000000E+00   0.0000000E+00   0.0000000E+00   0.0000000E+00   0.0000000E+00   4.6318141E-10   2.1951920E-09   0.0000000E+00   0.0000000E+00   1.3564505E-09   5.3378808E-09   1.2783612E-08   2.7560491E-08   4.6689586E-08   7.2160006E-08   1.0762589E-07   1.1953566E-07   1.1925809E-07   1.7715300E-07   3.2039389E-07   4.9460249E-07   4.5243684E-07   4.9306828E-07   3.7879093E-07   2.3664208E-07   9.7200392E-08   1.8393186E-08   1.1766800E-09   0.0000000E+00   0.0000000E+00   0.0000000E+00   0.0000000E+00   0.0000000E+00   0.0000000E+00   0.0000000E+00   0.0000000E+00   0.0000000E+00
   0.0000000E+00   0.0000000E+00   0.0000000E+00   0.0000000E+00   0.0000000E+00   8.4741159E-11   5.5003902E-08   2.1528774E-06   6.6831462E-06   1.2883621E-05   1.9483805E-05   2.6043972E-05   3.3288979E-05   4.1187806E-05   4.9730428E-05   5.8925998E-05   6.8719615E-05   7.9341997E-05   9.0929054E-05   1.0417574E-04   1.1866390E-04   1.3451933E-04   1.5578384E-04   1.8046488E-04   2.0935868E-04   2.5118628E-04   3.0964249E-04   4.0003911E-04   5.2065909E-04   6.9458154E-04   9.4434572E-04   1.2962427E-03   1.7582017E-03   2.4026178E-03   3.1686381E-03   4.0459791E-03   4.9758740E-03   5.8925776E-03   6.7098560E-03   7.5264499E-03   8.2700066E-03   8.9296466E-03   9.3993125E-03   9.4008846E-03   8.1256349E-03   4.1770209E-03   0.0000000E+00   0.0000000E+00   0.0000000E+00   0.0000000E+00   0.0000000E+00   0.0000000E+00   0.0000000E+00   0.0000000E+00   0.0000000E+00   0.0000000E+00   0.0000000E+00   0.0000000E+00   0.0000000E+00   0.0000000E+00   0.0000000E+00   0.0000000E+00   0.0000000E+00   0.0000000E+00   0.0000000E+00   0.0000000E+00   0.0000000E+00   0.0000000E+00   0.0000000E+00   1.0369209E-09   0.0000000E+00   0.0000000E+00   9.5725161E-10   3.5178511E-09   8.6830454E-09   1.8295887E-08   3.0551924E-08   4.8238014E-08   7.2647069E-08   7.8271675E-08   7.5548321E-08   1.1391979E-07   2.1334213E-07   3.3906039E-07   3.2159102E-07   3.5882084E-07   2.7841767E-07   1.7217874E-07   6.7491825E-08   1.0858375E-08   5.1534699E-10   0.0000000E+00   0.0000000E+00   0.0000000E+00   0.0000000E+00   0.0000000E+00   0.0000000E+00   0.0000000E+00   0.0000000E+00   0.0000000E+00
   0.0000000E+00   0.0000000E+00   0.0000000E+00   0.0000000E+00   0.0000000E+00   9.4846811E-11   6.1389528E-08   2.1640249E-06   6.7071223E-06   1.2919732E-05   1.9532466E-05   2.6112975E-05   3.3386626E-05   4.1327083E-05   4.9931750E-05   5.9220805E-05   6.9146852E-05   7.9988000E-05   9.1925926E-05   1.0578622E-04   1.2118911E-04   1.3840813E-04   1.6224227E-04   1.9083955E-04   2.2572899E-04   2.7801169E-04   3.5366078E-04   4.7310779E-04   6.3809712E-04   8.8036223E-04   1.2310647E-03   1.7224354E-03   2.3593602E-03   3.1877561E-03   4.1276501E-03   5.1247235E-03   6.1027058E-03   6.9710943E-03   7.8211036E-03   8.5782865E-03   9.2497813E-03   9.7570652E-03   9.7461250E-03   8.1955111E-03   3.7560917E-03   0.0000000E+00   0.0000000E+00   0.0000000E+00   0.0000000E+00   0.0000000E+00   0.0000000E+00   0.0000000E+00   0.0000000E+00   0.0000000E+00   0.0000000E+00   0.0000000E+00   0.0000000E+00   0.0000000E+00   0.0000000E+00   0.0000000E+00   0.0000000E+00   0.0000000E+00   0.0000000E+00   0.0000000E+00   0.0000000E+00   0.0000000E+00   0.0000000E+00   0.0000000E+00   0.0000000E+00   4.9318016E-10   0.0000000E+00   0.0000000E+00   6.6969125E-10   2.3424698E-09   5.9020731E-09   1.2142759E-08   2.0121865E-08   3.2416349E-08   4.9197290E-08   5.1881734E-08   4.8840693E-08   7.4944708E-08   1.4508777E-07   2.3649865E-07   2.3170294E-07   2.6400076E-07   2.0669515E-07   1.2671183E-07   4.7661025E-08   6.7044623E-09   2.6021679E-10   0.0000000E+00   0.0000000E+00   0.0000000E+00   0.0000000E+00   0.0000000E+00   0.0000000E+00   0.0000000E+00   0.0000000E+00   0.0000000E+00
   0.0000000E+00   0.0000000E+00   0.0000000E+00   0.0000000E+00   0.0000000E+00   1.0498130E-10   6.7870900E-08   2.1753740E-06   6.7314672E-06   1.2956514E-05   1.9582396E-05   2.6184354E-05   3.3488686E-05   4.1474479E-05   5.0147883E-05   5.9542370E-05   6.9621077E-05   8.0718593E-05   9.3075316E-05   1.0767761E-04   1.2421662E-04   1.4317983E-04   1.7032283E-04   2.0412654E-04   2.4726047E-04   3.1410379E-04   4.1410071E-04   5.7483709E-04   8.0367684E-04   1.1434143E-03   1.6336883E-03   2.3061559E-03   3.1496247E-03   4.1545788E-03   5.2214065E-03   6.2661497E-03   7.1928143E-03   8.0837952E-03   8.8672051E-03   9.5527144E-03   1.0075677E-02   1.0033925E-02   8.1786318E-03   3.1677173E-03   0.0000000E+00   0.0000000E+00   0.0000000E+00   0.0000000E+00   0.0000000E+00   0.0000000E+00   0.0000000E+00   0.0000000E+00   0.0000000E+00   0.0000000E+00   0.0000000E+00   0.0000000E+00   0.0000000E+00   0.0000000E+00   0.0000000E+00   0.0000000E+00   0.0000000E+00   0.0000000E+00   0.0000000E+00   0.0000000E+00   0.0000000E+00   0.0000000E+00   0.0000000E+00   0.0000000E+00   0.0000000E+00   0.0000000E+00   0.0000000E+00   0.0000000E+00   4.6699483E-10   1.5752968E-09   4.0170920E-09   8.0717992E-09   1.3344258E-08   2.1910944E-08   3.3479949E-08   3.4875065E-08   3.2173123E-08   5.0335046E-08   1.0054772E-07   1.6755097E-07   1.6902180E-07   1.9617681E-07   1.5482246E-07   9.4171000E-08   3.4129300E-08   4.2788035E-09   1.4219788E-10   0.0000000E+00   0.0000000E+00   0.0000000E+00   0.0000000E+00   0.0000000E+00   0.0000000E+00   0.0000000E+00   0.0000000E+00   0.0000000E+00
   0.0000000E+00   0.0000000E+00   0.0000000E+00   0.0000000E+00   0.0000000E+00   1.2764387E-10   7.4453808E-08   2.1869364E-06   6.7562037E-06   1.2994014E-05   1.9633699E-05   2.6258331E-05   3.3595621E-05   4.1630959E-05   5.0380804E-05   5.9894679E-05   7.0150207E-05   8.1549726E-05   9.4409268E-05   1.0991514E-04   1.2787641E-04   1.4909022E-04   1.8054151E-04   2.2135030E-04   2.7595682E-04   3.6333510E-04   4.9819204E-04   7.1803870E-04   1.0385114E-03   1.5146220E-03   2.1892779E-03   3.0776840E-03   4.1320636E-03   5.2614710E-03   6.3803219E-03   7.3735313E-03   8.3156526E-03   9.1354866E-03   9.8428149E-03   1.0368930E-02   1.0258127E-02   8.0487831E-03   2.4372255E-03   0.0000000E+00   0.0000000E+00   0.0000000E+00   0.0000000E+00   0.0000000E+00   0.0000000E+00   0.0000000E+00   0.0000000E+00   0.0000000E+00   0.0000000E+00   0.0000000E+00   0.0000000E+00   0.0000000E+00   0.0000000E+00   0.0000000E+00   0.0000000E+00   0.0000000E+00   0.0000000E+00   0.0000000E+00   0.0000000E+00   0.0000000E+00   0.0000000E+00   0.0000000E+00   0.0000000E+00   0.0000000E+00   0.0000000E+00   0.0000000E+00   0.0000000E+00   0.0000000E+00   0.0000000E+00   1.0691688E-09   2.7393421E-09   5.3813931E-09   8.9131280E-09   1.4902950E-08   2.2922498E-08   2.3778274E-08   2.1562210E-08   3.4446220E-08   7.0868808E-08   1.2038595E-07   1.2470804E-07   1.4709951E-07   1.1690035E-07   7.0589266E-08   2.4726781E-08   2.7994971E-09   0.0000000E+00   0.0000000E+00   0.0000000E+00   0.0000000E+00   0.0000000E+00   0.0000000E+00   0.0000000E+00   0.0000000E+00   0.0000000E+00   0.0000000E+00
   0.0000000E+00   0.0000000E+00   0.0000000E+00   0.0000000E+00   0.0000000E+00   1.3896242E-10   8.1144492E-08   2.1987241E-06   6.7813576E-06   1.3032290E-05   1.9686497E-05   2.6335158E-05   3.3707962E-05   4.1797626E-05   5.0632814E-05   6.0282477E-05   7.0743830E-05   8.2501087E-05   9.5968215E-05   1.1258289E-04   1.3234037E-04   1.5648690E-04   1.9361782E-04   2.4397840E-04   3.1476034E-04   4.3147811E-04   6.1673229E-04   9.2142896E-04   1.3717385E-03   2.0316401E-03   2.9322580E-03   4.0462064E-03   5.2712481E-03   6.4410632E-03   7.5112456E-03   8.5150385E-03   9.3824249E-03   1.0120423E-02   1.0644737E-02   1.0422007E-02   7.7879848E-03   1.6155357E-03   0.0000000E+00   0.0000000E+00   0.0000000E+00   0.0000000E+00   0.0000000E+00   0.0000000E+00   0.0000000E+00   0.0000000E+00   0.0000000E+00   0.0000000E+00   0.0000000E+00   0.0000000E+00   0.0000000E+00   0.0000000E+00   0.0000000E+00   0.0000000E+00   0.0000000E+00   0.0000000E+00   0.0000000E+00   0.0000000E+00   0.0000000E+00   0.0000000E+00   0.0000000E+00   0.0000000E+00   0.0000000E+00   0.0000000E+00   0.0000000E+00   0.0000000E+00   0.0000000E+00   0.0000000E+00   0.0000000E+00   7.3178807E-10   1.8725839E-09   3.6017986E-09   5.9970859E-09   1.0203421E-08   1.5802437E-08   1.6435472E-08   1.4680813E-08   2.3976726E-08   5.0715613E-08   8.7607411E-08   9.2973409E-08   1.1120959E-07   8.8907321E-08   5.3314018E-08   1.8093559E-08   1.8676394E-09   0.0000000E+00   0.0000000E+00   0.0000000E+00   0.0000000E+00   0.0000000E+00   0.0000000E+00   0.0000000E+00   0.0000000E+00   0.0000000E+00   0.0000000E+00
   0.0000000E+00   0.0000000E+00   0.0000000E+00   0.0000000E+00   0.0000000E+00   3.3785569E-10   8.7949743E-08   2.2107508E-06   6.8069571E-06   1.3071399E-05   1.9740919E-05   2.6415117E-05   3.3826313E-05   4.1975767E-05   5.0906612E-05   6.0711431E-05   7.1413640E-05   8.3597188E-05   9.7803662E-05   1.1579061E-04   1.3783890E-04   1.6584998E-04   2.1057355E-04   2.7415375E-04   3.6806831E-04   5.2724249E-04   7.8584044E-04   1.2116649E-03   1.8407459E-03   2.7329822E-03   3.8797362E-03   5.1833144E-03   6.4987624E-03   7.6020434E-03   8.6799618E-03   9.6056880E-03   1.0383699E-02   1.0904663E-02   1.0530142E-02   7.3888740E-03   7.2235981E-04   0.0000000E+00   0.0000000E+00   0.0000000E+00   0.0000000E+00   0.0000000E+00   0.0000000E+00   0.0000000E+00   0.0000000E+00   0.0000000E+00   0.0000000E+00   0.0000000E+00   0.0000000E+00   0.0000000E+00   0.0000000E+00   0.0000000E+00   0.0000000E+00   0.0000000E+00   0.0000000E+00   0.0000000E+00   0.0000000E+00   0.0000000E+00   0.0000000E+00   0.0000000E+00   0.0000000E+00   0.0000000E+00   0.0000000E+00   0.0000000E+00   0.0000000E+00   0.0000000E+00   0.0000000E+00   0.0000000E+00   0.0000000E+00   5.0470395E-10   1.2838269E-09   2.4219244E-09   4.0649759E-09   7.0338140E-09   1.0974785E-08   1.1507313E-08   1.0140991E-08   1.6948645E-08   3.6794667E-08   6.4495865E-08   6.9972977E-08   8.4707324E-08   6.8061560E-08   4.0537607E-08   1.3353476E-08   1.2665223E-09   0.0000000E+00   0.0000000E+00   0.0000000E+00   0.0000000E+00   0.0000000E+00   0.0000000E+00   0.0000000E+00   0.0000000E+00   0.0000000E+00   0.0000000E+00
   0.0000000E+00   0.0000000E+00   0.0000000E+00   0.0000000E+00   0.0000000E+00   3.6940351E-10   9.4876903E-08   2.2230311E-06   6.8330328E-06   1.3111411E-05   1.9797113E-05   2.6498526E-05   3.3951364E-05   4.2166870E-05   5.1205392E-05   6.1188352E-05   7.2174007E-05   8.4868880E-05   9.9982004E-05   1.1968342E-04   1.4468591E-04   1.7785506E-04   2.3288984E-04   3.1507047E-04   4.4256487E-04   6.6386175E-04   1.0292475E-03   1.6247093E-03   2.4873915E-03   3.6447861E-03   5.0137984E-03   6.4278319E-03   7.7453330E-03   8.8046836E-03   9.8029654E-03   1.0629510E-02   1.1145575E-02   1.0584326E-02   6.8880841E-03   0.0000000E+00   0.0000000E+00   0.0000000E+00   0.0000000E+00   0.0000000E+00   0.0000000E+00   0.0000000E+00   0.0000000E+00   0.0000000E+00   0.0000000E+00   0.0000000E+00   0.0000000E+00   0.0000000E+00   0.0000000E+00   0.0000000E+00   0.0000000E+00   0.0000000E+00   0.0000000E+00   0.0000000E+00   0.0000000E+00   0.0000000E+00   0.0000000E+00   0.0000000E+00   0.0000000E+00   0.0000000E+00   0.0000000E+00   0.0000000E+00   0.0000000E+00   0.0000000E+00   0.0000000E+00   0.0000000E+00   0.0000000E+00   0.0000000E+00   0.0000000E+00   2.2175900E-10   8.7992291E-10   1.6370086E-09   2.7758449E-09   4.8829514E-09   7.6808293E-09   8.1540543E-09   7.0982926E-09   1.2149957E-08   2.7028035E-08   4.7983480E-08   5.3117081E-08   6.4961675E-08   5.2413604E-08   3.1008131E-08   9.9286508E-09   8.7051105E-10   0.0000000E+00   0.0000000E+00   0.0000000E+00   0.0000000E+00   0.0000000E+00   0.0000000E+00   0.0000000E+00   0.0000000E+00   0.0000000E+00   0.0000000E+00
   0.0000000E+00   0.0000000E+00   0.0000000E+00   0.0000000E+00   0.0000000E+00   4.0258644E-10   1.0193391E-07   2.2355810E-06   6.8596187E-06   1.3152399E-05   1.9855241E-05   2.6585751E-05   3.4083914E-05   4.2371834E-05   5.1532941E-05   6.1721505E-05   7.3042742E-05   8.6355321E-05   1.0258990E-04   1.2445627E-04   1.5331694E-04   1.9347285E-04   2.6276280E-04   3.7159209E-04   5.4855424E-04   8.6138118E-04   1.3806267E-03   2.2043227E-03   3.3471156E-03   4.7627953E-03   6.2797735E-03   7.6852241E-03   8.9726942E-03   9.9689122E-03   1.0854925E-02   1.1363098E-02   1.0587967E-02   6.3862270E-03   0.0000000E+00   0.0000000E+00   0.0000000E+00   0.0000000E+00   0.0000000E+00   0.0000000E+00   0.0000000E+00   0.0000000E+00   0.0000000E+00   0.0000000E+00   0.0000000E+00   0.0000000E+00   0.0000000E+00   0.0000000E+00   0.0000000E+00   0.0000000E+00   0.0000000E+00   0.0000000E+00   0.0000000E+00   0.0000000E+00   0.0000000E+00   0.0000000E+00   0.0000000E+00   0.0000000E+00   0.0000000E+00   0.0000000E+00   0.0000000E+00   0.0000000E+00   0.0000000E+00   0.0000000E+00   0.0000000E+00   0.0000000E+00   0.0000000E+00   0.0000000E+00   0.0000000E+00   0.0000000E+00   6.0360683E-10   1.1126580E-09   1.9096302E-09   3.4140200E-09   5.4177751E-09   5.8425296E-09   5.0291322E-09   8.8221936E-09   2.0078254E-08   3.6042017E-08   4.0637538E-08   5.0128715E-08   4.0581252E-08   2.3846374E-08   7.4303155E-09   6.0508243E-10   0.0000000E+00   0.0000000E+00   0.0000000E+00   0.0000000E+00   0.0000000E+00   0.0000000E+00   0.0000000E+00   0.0000000E+00   0.0000000E+00   0.0000000E+00
   0.0000000E+00   0.0000000E+00   0.0000000E+00   0.0000000E+00   0.0000000E+00   2.1711128E-09   1.0912937E-07   2.2484178E-06   6.8867516E-06   1.3194446E-05   1.9915491E-05   2.6677199E-05   3.4224860E-05   4.2591393E-05   5.1893792E-05   6.2320956E-05   7.4042153E-05   8.8106885E-05   1.0574209E-04   1.3037564E-04   1.6434900E-04   2.1413190E-04   3.0353028E-04   4.5127742E-04   7.0203462E-04   1.1495299E-03   1.8843145E-03   2.9942845E-03   4.4312426E-03   6.0420171E-03   7.5825467E-03   8.9915060E-03   1.0163601E-02   1.1058636E-02   1.1553098E-02   1.0531532E-02   5.8012381E-03   0.0000000E+00   0.0000000E+00   0.0000000E+00   0.0000000E+00   0.0000000E+00   0.0000000E+00   0.0000000E+00   0.0000000E+00   0.0000000E+00   0.0000000E+00   0.0000000E+00   0.0000000E+00   0.0000000E+00   0.0000000E+00   0.0000000E+00   0.0000000E+00   0.0000000E+00   0.0000000E+00   0.0000000E+00   0.0000000E+00   0.0000000E+00   0.0000000E+00   0.0000000E+00   0.0000000E+00   0.0000000E+00   0.0000000E+00   0.0000000E+00   0.0000000E+00   0.0000000E+00   0.0000000E+00   0.0000000E+00   0.0000000E+00   0.0000000E+00   0.0000000E+00   0.0000000E+00   0.0000000E+00   0.0000000E+00   4.1480674E-10   7.6070866E-10   1.3234508E-09   2.4041586E-09   3.8516323E-09   4.2295460E-09   3.6030503E-09   6.4814043E-09   1.5068538E-08   2.7309445E-08   3.1311078E-08   3.8901621E-08   3.1574025E-08   1.8427194E-08   5.5924754E-09   4.2460255E-10   0.0000000E+00   0.0000000E+00   0.0000000E+00   0.0000000E+00   0.0000000E+00   0.0000000E+00   0.0000000E+00   0.0000000E+00   0.0000000E+00   0.0000000E+00
   0.0000000E+00   0.0000000E+00   0.0000000E+00   0.0000000E+00   0.0000000E+00   3.6078953E-09   1.1647267E-07   2.2615604E-06   6.9144726E-06   1.3237645E-05   1.9978068E-05   2.6773343E-05   3.4375265E-05   4.2829750E-05   5.2293395E-05   6.2999148E-05   7.5200463E-05   9.0189176E-05   1.0959308E-04   1.3781324E-04   1.7867771E-04   2.4199193E-04   3.6039864E-04   5.6607038E-04   9.2768518E-04   1.5702099E-03   2.5910861E-03   4.0221014E-03   5.7100267E-03   7.3901969E-03   8.9591648E-03   1.0262277E-02   1.1279087E-02   1.1770708E-02   1.0399598E-02   5.0943713E-03   0.0000000E+00   0.0000000E+00   0.0000000E+00   0.0000000E+00   0.0000000E+00   0.0000000E+00   0.0000000E+00   0.0000000E+00   0.0000000E+00   0.0000000E+00   0.0000000E+00   0.0000000E+00   0.0000000E+00   0.0000000E+00   0.0000000E+00   0.0000000E+00   0.0000000E+00   0.0000000E+00   0.0000000E+00   0.0000000E+00   0.0000000E+00   0.0000000E+00   0.0000000E+00   0.0000000E+00   0.0000000E+00   0.0000000E+00   0.0000000E+00   0.0000000E+00   0.0000000E+00   0.0000000E+00   0.0000000E+00   0.0000000E+00   0.0000000E+00   0.0000000E+00   0.0000000E+00   0.0000000E+00   0.0000000E+00   0.0000000E+00   0.0000000E+00   5.2325394E-10   9.2395464E-10   1.7051933E-09   2.7593783E-09   3.0817169E-09   2.6079805E-09   4.8132005E-09   1.1414342E-08   2.0857781E-08   2.4280832E-08   3.0344502E-08   2.4675192E-08   1.4301229E-08   4.2304666E-09   3.0038597E-10   0.0000000E+00   0.0000000E+00   0.0000000E+00   0.0000000E+00   0.0000000E+00   0.0000000E+00   0.0000000E+00   0.0000000E+00   0.0000000E+00   0.0000000E+00
   0.0000000E+00   0.0000000E+00   0.0000000E+00   0.0000000E+00   0.0000000E+00   5.0767905E-09   1.2397396E-07   2.2750301E-06   6.9428279E-06   1.3282098E-05   2.0043210E-05   2.6874721E-05   3.4536359E-05   4.3089720E-05   5.2738364E-05   6.3771520E-05   7.6553806E-05   9.2689028E-05   1.1435491E-04   1.4730012E-04   1.9764018E-04   2.8041698E-04   4.4169219E-04   7.3497812E-04   1.2624610E-03   2.1769118E-03   3.5450158E-03   5.2795336E-03   7.1257721E-03   8.8384226E-03   1.0313109E-02   1.1453526E-02   1.2060088E-02   1.0963642E-02   4.2596743E-03   0.0000000E+00   0.0000000E+00   0.0000000E+00   0.0000000E+00   0.0000000E+00   0.0000000E+00   0.0000000E+00   0.0000000E+00   0.0000000E+00   0.0000000E+00   0.0000000E+00   0.0000000E+00   0.0000000E+00   0.0000000E+00   0.0000000E+00   0.0000000E+00   0.0000000E+00   0.0000000E+00   0.0000000E+00   0.0000000E+00   0.0000000E+00   0.0000000E+00   0.0000000E+00   0.0000000E+00   0.0000000E+00   0.0000000E+00   0.0000000E+00   0.0000000E+00   0.0000000E+00   0.0000000E+00   0.0000000E+00   0.0000000E+00   0.0000000E+00   0.0000000E+00   0.0000000E+00   0.0000000E+00   0.0000000E+00   0.0000000E+00   0.0000000E+00   0.0000000E+00   2.2717776E-10   6.4975819E-10   1.2180709E-09   1.9914774E-09   2.2587330E-09   1.9057058E-09   3.6099279E-09   8.7198426E-09   1.6046192E-08   1.8939479E-08   2.3780553E-08   1.9361416E-08   1.1142268E-08   3.2144438E-09   2.1400248E-10   0.0000000E+00   0.0000000E+00   0.0000000E+00   0.0000000E+00   0.0000000E+00   0.0000000E+00   0.0000000E+00   0.0000000E+00   0.0000000E+00   0.0000000E+00
   0.0000000E+00   0.0000000E+00   0.0000000E+00   0.0000000E+00   0.0000000E+00   6.5881118E-09   1.3164434E-07   2.2888498E-06   6.9718676E-06   1.3327921E-05   2.0111182E-05   2.6981954E-05   3.4709592E-05   4.3374675E-05   5.3236799E-05   6.4657506E-05   7.8149154E-05   9.5723379E-05   1.2032530E-04   1.5961647E-04   2.2329811E-04   3.3481393E-04   5.6098041E-04   9.8792708E-04   1.7581327E-03   3.0265604E-03   4.7626439E-03   6.7187194E-03   8.5952468E-03   1.0282635E-02   1.1596045E-02   1.2370254E-02   1.1954422E-02   8.9985803E-03   3.3838833E-03   0.0000000E+00   0.0000000E+00   0.0000000E+00   0.0000000E+00   0.0000000E+00   0.0000000E+00   0.0000000E+00   0.0000000E+00   0.0000000E+00   0.0000000E+00   0.0000000E+00   0.0000000E+00   0.0000000E+00   0.0000000E+00   0.0000000E+00   0.0000000E+00   0.0000000E+00   0.0000000E+00   0.0000000E+00   0.0000000E+00   0.0000000E+00   0.0000000E+00   0.0000000E+00   0.0000000E+00   0.0000000E+00   0.0000000E+00   0.0000000E+00   0.0000000E+00   0.0000000E+00   0.0000000E+00   0.0000000E+00   0.0000000E+00   0.0000000E+00   0.0000000E+00   0.0000000E+00   0.0000000E+00   0.0000000E+00   0.0000000E+00   0.0000000E+00   0.0000000E+00   0.0000000E+00   4.6023388E-10   8.7621954E-10   1.4474206E-09   1.6653348E-09   1.4048293E-09   2.7323084E-09   6.7131283E-09   1.2426558E-08   1.4851832E-08   1.8715825E-08   1.5247359E-08   8.7113774E-09   2.4520739E-09   1.5339019E-10   0.0000000E+00   0.0000000E+00   0.0000000E+00   0.0000000E+00   0.0000000E+00   0.0000000E+00   0.0000000E+00   0.0000000E+00   0.0000000E+00   0.0000000E+00
   0.0000000E+00   0.0000000E+00   0.0000000E+00   0.0000000E+00   0.0000000E+00   8.1521723E-09   1.3949590E-07   2.3030445E-06   7.0016476E-06   1.3375243E-05   2.0182290E-05   2.7095761E-05   3.4896671E-05   4.3688688E-05   5.3798707E-05   6.5681859E-05   8.0048478E-05   9.9453078E-05   1.2793366E-04   1.7594727E-04   2.5894778E-04   4.1413543E-04   7.4053311E-04   1.3702086E-03   2.4787961E-03   4.1608731E-03   6.2169605E-03   8.2504340E-03   1.0141523E-02   1.1674232E-02   1.2677942E-02   1.2745995E-02   1.1135601E-02   7.3922309E-03   2.7106707E-03   0.0000000E+00   0.0000000E+00   0.0000000E+00   0.0000000E+00   0.0000000E+00   0.0000000E+00   0.0000000E+00   0.0000000E+00   0.0000000E+00   0.0000000E+00   0.0000000E+00   0.0000000E+00   0.0000000E+00   0.0000000E+00   0.0000000E+00   0.0000000E+00   0.0000000E+00   0.0000000E+00   0.0000000E+00   0.0000000E+00   0.0000000E+00   0.0000000E+00   0.0000000E+00   0.0000000E+00   0.0000000E+00   0.0000000E+00   0.0000000E+00   0.0000000E+00   0.0000000E+00   0.0000000E+00   0.0000000E+00   0.0000000E+00   0.0000000E+00   0.0000000E+00   0.0000000E+00   0.0000000E+00   0.0000000E+00   0.0000000E+00   0.0000000E+00   0.0000000E+00   0.0000000E+00   0.0000000E+00   6.3464778E-10   1.0591051E-09   1.2350116E-09   1.0440949E-09   2.0855888E-09   5.2049094E-09   9.6818225E-09   1.1702810E-08   1.4786744E-08   1.2047076E-08   6.8321122E-09   1.8755100E-09   0.0000000E+00   0.0000000E+00   0.0000000E+00   0.0000000E+00   0.0000000E+00   0.0000000E+00   0.0000000E+00   0.0000000E+00   0.0000000E+00   0.0000000E+00   0.0000000E+00
   0.0000000E+00   0.0000000E+00   0.0000000E+00   0.0000000E+00   0.0000000E+00   9.7793453E-09   1.4754187E-07   2.3176426E-06   7.0322308E-06   1.3424210E-05   2.0256881E-05   2.7216978E-05   3.5099623E-05   4.4036693E-05   5.4436583E-05   6.6876557E-05   8.2335180E-05   1.0410503E-04   1.3781982E-04   1.9816365E-04   3.1006447E-04   5.3353910E-04   1.0163367E-03   1.9449411E-03   3.4880065E-03   5.5832495E-03   7.8463899E-03   9.8956702E-03   1.1659576E-02   1.2922558E-02   1.3381989E-02   1.2528265E-02   9.9975355E-03   6.1136838E-03   2.1912090E-03   0.0000000E+00   0.0000000E+00   0.0000000E+00   0.0000000E+00   0.0000000E+00   0.0000000E+00   0.0000000E+00   0.0000000E+00   0.0000000E+00   0.0000000E+00   0.0000000E+00   0.0000000E+00   0.0000000E+00   0.0000000E+00   0.0000000E+00   0.0000000E+00   0.0000000E+00   0.0000000E+00   0.0000000E+00   0.0000000E+00   0.0000000E+00   0.0000000E+00   0.0000000E+00   0.0000000E+00   0.0000000E+00   0.0000000E+00   0.0000000E+00   0.0000000E+00   0.0000000E+00   0.0000000E+00   0.0000000E+00   0.0000000E+00   0.0000000E+00   0.0000000E+00   0.0000000E+00   0.0000000E+00   0.0000000E+00   0.0000000E+00   0.0000000E+00   0.0000000E+00   0.0000000E+00   0.0000000E+00   4.6276472E-10   7.7998924E-10   9.2114155E-10   7.8193030E-10   1.6044491E-09   4.0617696E-09   7.5851929E-09   9.2620889E-09   1.1723529E-08   9.5468264E-09   5.3731486E-09   1.4373776E-09   0.0000000E+00   0.0000000E+00   0.0000000E+00   0.0000000E+00   0.0000000E+00   0.0000000E+00   0.0000000E+00   0.0000000E+00   0.0000000E+00   0.0000000E+00   0.0000000E+00
   0.0000000E+00   0.0000000E+00   0.0000000E+00   0.0000000E+00   0.0000000E+00   1.1480184E-08   1.5579678E-07   2.3326745E-06   7.0636875E-06   1.3474990E-05   2.0335354E-05   2.7346581E-05   3.5320871E-05   4.4424767E-05   5.5166249E-05   6.8283603E-05   8.5124077E-05   1.1000926E-04   1.5097557E-04   2.2935304E-04   3.8607360E-04   7.1884552E-04   1.4437501E-03   2.7881386E-03   4.8246849E-03   7.2500086E-03   9.5812716E-03   1.1544643E-02   1.3078740E-02   1.3892037E-02   1.3589858E-02   1.1837629E-02   8.7969908E-03   5.1072282E-03   1.7871152E-03   0.0000000E+00   0.0000000E+00   0.0000000E+00   0.0000000E+00   0.0000000E+00   0.0000000E+00   0.0000000E+00   0.0000000E+00   0.0000000E+00   0.0000000E+00   0.0000000E+00   0.0000000E+00   0.0000000E+00   0.0000000E+00   0.0000000E+00   0.0000000E+00   0.0000000E+00   0.0000000E+00   0.0000000E+00   0.0000000E+00   0.0000000E+00   0.0000000E+00   0.0000000E+00   0.0000000E+00   0.0000000E+00   0.0000000E+00   0.0000000E+00   0.0000000E+00   0.0000000E+00   0.0000000E+00   0.0000000E+00   0.0000000E+00   0.0000000E+00   0.0000000E+00   0.0000000E+00   0.0000000E+00   0.0000000E+00   0.0000000E+00   0.0000000E+00   0.0000000E+00   0.0000000E+00   0.0000000E+00   3.3963907E-10   5.7800614E-10   6.9089229E-10   5.8978999E-10   1.2433046E-09   3.1885896E-09   5.9727774E-09   7.3597772E-09   9.3244914E-09   7.5857516E-09   4.2361950E-09   1.1048361E-09   0.0000000E+00   0.0000000E+00   0.0000000E+00   0.0000000E+00   0.0000000E+00   0.0000000E+00   0.0000000E+00   0.0000000E+00   0.0000000E+00   0.0000000E+00   0.0000000E+00
   0.0000000E+00   0.0000000E+00   0.0000000E+00   0.0000000E+00   0.0000000E+00   1.3265545E-08   1.6427659E-07   2.3481753E-06   7.0960959E-06   1.3527769E-05   2.0418171E-05   2.7485721E-05   3.5563335E-05   4.4860430E-05   5.6008019E-05   6.9959337E-05   8.8577683E-05   1.1766444E-04   1.6901190E-04   2.7485189E-04   5.0362118E-04   1.0131454E-03   2.1001229E-03   3.9705853E-03   6.4788843E-03   9.0840319E-03   1.1354460E-02   1.3134989E-02   1.4289501E-02   1.4448388E-02   1.3294493E-02   1.0858912E-02   7.6740528E-03   4.3157586E-03   1.4694810E-03   0.0000000E+00   0.0000000E+00   0.0000000E+00   0.0000000E+00   0.0000000E+00   0.0000000E+00   0.0000000E+00   0.0000000E+00   0.0000000E+00   0.0000000E+00   0.0000000E+00   0.0000000E+00   0.0000000E+00   0.0000000E+00   0.0000000E+00   0.0000000E+00   0.0000000E+00   0.0000000E+00   0.0000000E+00   0.0000000E+00   0.0000000E+00   0.0000000E+00   0.0000000E+00   0.0000000E+00   0.0000000E+00   0.0000000E+00   0.0000000E+00   0.0000000E+00   0.0000000E+00   0.0000000E+00   0.0000000E+00   0.0000000E+00   0.0000000E+00   0.0000000E+00   0.0000000E+00   0.0000000E+00   0.0000000E+00   0.0000000E+00   0.0000000E+00   0.0000000E+00   0.0000000E+00   0.0000000E+00   0.0000000E+00   4.3089116E-10   5.2102622E-10   4.4785939E-10   9.6997732E-10   2.5168245E-09   4.7250022E-09   5.8695075E-09   7.4377855E-09   6.0420260E-09   3.3471634E-09   8.5141577E-10   0.0000000E+00   0.0000000E+00   0.0000000E+00   0.0000000E+00   0.0000000E+00   0.0000000E+00   0.0000000E+00   0.0000000E+00   0.0000000E+00   0.0000000E+00   0.0000000E+00
   0.0000000E+00   0.0000000E+00   0.0000000E+00   0.0000000E+00   2.4016997E-10   1.5146702E-08   1.7299882E-07   2.3641824E-06   7.1295449E-06   1.3582763E-05   2.0505870E-05   2.7635764E-05   3.5830562E-05   4.5353139E-05   5.6988429E-05   7.1981172E-05   9.2934271E-05   1.2786023E-04   1.9468997E-04   3.4428507E-04   6.9226156E-04   1.4842912E-03   3.0772213E-03   5.5280570E-03   8.3869798E-03   1.1003464E-02   1.3105429E-02   1.4574844E-02   1.5158207E-02   1.4516244E-02   1.2588005E-02   9.7646732E-03   6.6891378E-03   3.6898244E-03   1.2168717E-03   0.0000000E+00   0.0000000E+00   0.0000000E+00   0.0000000E+00   0.0000000E+00   0.0000000E+00   0.0000000E+00   0.0000000E+00   0.0000000E+00   0.0000000E+00   0.0000000E+00   0.0000000E+00   0.0000000E+00   0.0000000E+00   0.0000000E+00   0.0000000E+00   0.0000000E+00   0.0000000E+00   0.0000000E+00   0.0000000E+00   0.0000000E+00   0.0000000E+00   0.0000000E+00   0.0000000E+00   0.0000000E+00   0.0000000E+00   0.0000000E+00   0.0000000E+00   0.0000000E+00   0.0000000E+00   0.0000000E+00   0.0000000E+00   0.0000000E+00   0.0000000E+00   0.0000000E+00   0.0000000E+00   0.0000000E+00   0.0000000E+00   0.0000000E+00   0.0000000E+00   0.0000000E+00   0.0000000E+00   0.0000000E+00   3.2307065E-10   3.9500925E-10   3.4224362E-10   7.6150963E-10   1.9965845E-09   3.7538461E-09   4.6965458E-09   5.9483347E-09   4.8228346E-09   2.6498526E-09   6.5759637E-10   0.0000000E+00   0.0000000E+00   0.0000000E+00   0.0000000E+00   0.0000000E+00   0.0000000E+00   0.0000000E+00   0.0000000E+00   0.0000000E+00   0.0000000E+00   0.0000000E+00
   0.0000000E+00   0.0000000E+00   0.0000000E+00   0.0000000E+00   2.7192171E-10   1.7135486E-08   1.8198293E-07   2.3807390E-06   7.1641339E-06   1.3640219E-05   2.0599075E-05   2.7798342E-05   3.6126927E-05   4.5914956E-05   5.8142898E-05   7.4458847E-05   9.8559038E-05   1.4192071E-04   2.3301622E-04   4.5552631E-04   1.0031294E-03   2.2281883E-03   4.4565112E-03   7.4346852E-03   1.0455653E-02   1.2937558E-02   1.4756117E-02   1.5737221E-02   1.5571382E-02   1.4109476E-02   1.1613403E-02   8.6806361E-03   5.8561182E-03   3.1897833E-03   1.0135811E-03   0.0000000E+00   0.0000000E+00   0.0000000E+00   0.0000000E+00   0.0000000E+00   0.0000000E+00   0.0000000E+00   0.0000000E+00   0.0000000E+00   0.0000000E+00   0.0000000E+00   0.0000000E+00   0.0000000E+00   0.0000000E+00   0.0000000E+00   0.0000000E+00   0.0000000E+00   0.0000000E+00   0.0000000E+00   0.0000000E+00   0.0000000E+00   0.0000000E+00   0.0000000E+00   0.0000000E+00   0.0000000E+00   0.0000000E+00   0.0000000E+00   0.0000000E+00   0.0000000E+00   0.0000000E+00   0.0000000E+00   0.0000000E+00   0.0000000E+00   0.0000000E+00   0.0000000E+00   0.0000000E+00   0.0000000E+00   0.0000000E+00   0.0000000E+00   0.0000000E+00   0.0000000E+00   0.0000000E+00   0.0000000E+00   0.0000000E+00   2.9443553E-10   0.0000000E+00   6.0135824E-10   1.5912190E-09   2.9939713E-09   3.7693524E-09   4.7683892E-09   3.8570733E-09   2.1013984E-09   5.0888715E-10   0.0000000E+00   0.0000000E+00   0.0000000E+00   0.0000000E+00   0.0000000E+00   0.0000000E+00   0.0000000E+00   0.0000000E+00   0.0000000E+00   0.0000000E+00   0.0000000E+00
   0.0000000E+00   0.0000000E+00   0.0000000E+00   0.0000000E+00   3.0563363E-10   1.9244426E-08   1.9125036E-07   2.3978930E-06   7.1999771E-06   1.3700419E-05   2.0698524E-05   2.7975417E-05   3.6457859E-05   4.6561530E-05   5.9519949E-05   7.7554228E-05   1.0604440E-04   1.6221715E-04   2.9353827E-04   6.4191286E-04   1.5189261E-03   3.3581469E-03   6.2716804E-03   9.6072592E-03   1.2593432E-02   1.4812378E-02   1.6190927E-02   1.6487125E-02   1.5481466E-02   1.3320575E-02   1.0515032E-02   7.6816650E-03   5.1654824E-03   2.7851288E-03   8.4814843E-04   0.0000000E+00   0.0000000E+00   0.0000000E+00   0.0000000E+00   0.0000000E+00   0.0000000E+00   0.0000000E+00   0.0000000E+00   0.0000000E+00   0.0000000E+00   0.0000000E+00   0.0000000E+00   0.0000000E+00   0.0000000E+00   0.0000000E+00   0.0000000E+00   0.0000000E+00   0.0000000E+00   0.0000000E+00   0.0000000E+00   0.0000000E+00   0.0000000E+00   0.0000000E+00   0.0000000E+00   0.0000000E+00   0.0000000E+00   0.0000000E+00   0.0000000E+00   0.0000000E+00   0.0000000E+00   0.0000000E+00   0.0000000E+00   0.0000000E+00   0.0000000E+00   0.0000000E+00   0.0000000E+00   0.0000000E+00   0.0000000E+00   0.0000000E+00   0.0000000E+00   0.0000000E+00   0.0000000E+00   0.0000000E+00   0.0000000E+00   0.0000000E+00   0.0000000E+00   4.7748966E-10   1.2735690E-09   2.3964972E-09   3.0335354E-09   3.8306527E-09   3.0899876E-09   1.6689476E-09   3.9446676E-10   0.0000000E+00   0.0000000E+00   0.0000000E+00   0.0000000E+00   0.0000000E+00   0.0000000E+00   0.0000000E+00   0.0000000E+00   0.0000000E+00   0.0000000E+00   0.0000000E+00
   0.0000000E+00   0.0000000E+00   0.0000000E+00   0.0000000E+00   5.8854738E-10   2.1486894E-08   2.0082500E-07   2.4156977E-06   7.2372036E-06   1.3763695E-05   2.0805088E-05   2.8169385E-05   3.6830232E-05   4.7313624E-05   6.1188395E-05   8.1519007E-05   1.1642130E-04   1.9329682E-04   3.9507548E-04   9.6369733E-04   2.3582079E-03   4.9716635E-03   8.4801372E-03   1.1940044E-02   1.4716322E-02   1.6523136E-02   1.7265623E-02   1.6728774E-02   1.4925496E-02   1.2282997E-02   9.4078258E-03   6.8023331E-03   4.5983149E-03   2.4533190E-03   7.1446458E-04   0.0000000E+00   0.0000000E+00   0.0000000E+00   0.0000000E+00   0.0000000E+00   0.0000000E+00   0.0000000E+00   0.0000000E+00   0.0000000E+00   0.0000000E+00   0.0000000E+00   0.0000000E+00   0.0000000E+00   0.0000000E+00   0.0000000E+00   0.0000000E+00   0.0000000E+00   0.0000000E+00   0.0000000E+00   0.0000000E+00   0.0000000E+00   0.0000000E+00   0.0000000E+00   0.0000000E+00   0.0000000E+00   0.0000000E+00   0.0000000E+00   0.0000000E+00   0.0000000E+00   0.0000000E+00   0.0000000E+00   0.0000000E+00   0.0000000E+00   0.0000000E+00   0.0000000E+00   0.0000000E+00   0.0000000E+00   0.0000000E+00   0.0000000E+00   0.0000000E+00   0.0000000E+00   0.0000000E+00   0.0000000E+00   0.0000000E+00   0.0000000E+00   0.0000000E+00   3.8107412E-10   1.0233446E-09   1.9245892E-09   2.4474767E-09   3.0832372E-09   2.4792115E-09   1.3272026E-09   3.0620970E-10   0.0000000E+00   0.0000000E+00   0.0000000E+00   0.0000000E+00   0.0000000E+00   0.0000000E+00   0.0000000E+00   0.0000000E+00   0.0000000E+00   0.0000000E+00   0.0000000E+00
   0.0000000E+00   0.0000000E+00   0.0000000E+00   0.0000000E+00   6.5482780E-10   2.3877268E-08   2.1073346E-07   2.4342141E-06   7.2759608E-06   1.3830429E-05   2.0919808E-05   2.8383196E-05   3.7252859E-05   4.8199556E-05   6.3250372E-05   8.6772598E-05   1.3163578E-04   2.4441798E-04   5.7483371E-04   1.5217159E-03   3.6607960E-03   7.1025458E-03   1.0976971E-02   1.4330543E-02   1.6723018E-02   1.7924942E-02   1.7847620E-02   1.6443983E-02   1.4008737E-02   1.1130879E-02   8.3675589E-03   6.0507576E-03   4.1339207E-03   2.1779444E-03   6.0519500E-04   0.0000000E+00   0.0000000E+00   0.0000000E+00   0.0000000E+00   0.0000000E+00   0.0000000E+00   0.0000000E+00   0.0000000E+00   0.0000000E+00   0.0000000E+00   0.0000000E+00   0.0000000E+00   0.0000000E+00   0.0000000E+00   0.0000000E+00   0.0000000E+00   0.0000000E+00   0.0000000E+00   0.0000000E+00   0.0000000E+00   0.0000000E+00   0.0000000E+00   0.0000000E+00   0.0000000E+00   0.0000000E+00   0.0000000E+00   0.0000000E+00   0.0000000E+00   0.0000000E+00   0.0000000E+00   0.0000000E+00   0.0000000E+00   0.0000000E+00   0.0000000E+00   0.0000000E+00   0.0000000E+00   0.0000000E+00   0.0000000E+00   0.0000000E+00   0.0000000E+00   0.0000000E+00   0.0000000E+00   0.0000000E+00   0.0000000E+00   0.0000000E+00   0.0000000E+00   3.0557873E-10   8.2527218E-10   1.5502993E-09   1.9791444E-09   2.4859348E-09   1.9918167E-09   1.0566004E-09   2.3798477E-10   0.0000000E+00   0.0000000E+00   0.0000000E+00   0.0000000E+00   0.0000000E+00   0.0000000E+00   0.0000000E+00   0.0000000E+00   0.0000000E+00   0.0000000E+00   0.0000000E+00
