   1.2191477E+00   1.2074829E+00   1.1959037E+00   1.1844096E+00   1.1730001E+00   1.1616750E+00   1.1504336E+00   1.1392756E+00   1.1282006E+00   1.1172081E+00   1.1062978E+00   1.0954691E+00   1.0847216E+00   1.0740550E+00   1.0634688E+00   1.0529626E+00   1.0425360E+00   1.0321885E+00   1.0219198E+00   1.0117293E+00   1.0016168E+00   9.9158178E-01   9.8162382E-01   9.7174252E-01   9.6193749E-01   9.5220830E-01   9.4255456E-01   9.3297585E-01   9.2347177E-01   9.1404191E-01   9.0468589E-01   8.9540328E-01   8.8619370E-01   8.7705674E-01   8.6799201E-01   8.5899911E-01   8.5007765E-01   8.4122723E-01   8.3244745E-01   8.2373794E-01   8.1509829E-01   8.0652811E-01   7.9802703E-01   7.8959465E-01   7.8123059E-01   7.7293446E-01   7.6470588E-01   7.5654448E-01   7.4844985E-01   7.4042164E-01   7.3245946E-01   7.2456293E-01   7.1673168E-01   7.0896532E-01   7.0126350E-01   6.9362584E-01   6.8605196E-01   6.7854150E-01   6.7109408E-01   6.6370935E-01   6.5638692E-01   6.4912645E-01   6.4192756E-01   6.3478989E-01   6.2771309E-01   6.2069678E-01   6.1374061E-01   6.0684423E-01   6.0000727E-01   5.9322938E-01   5.8651021E-01   5.7984941E-01   5.7324661E-01   5.6670147E-01   5.6021365E-01   5.5378278E-01   5.4740853E-01   5.4109055E-01   5.3482849E-01   5.2862202E-01   5.2247077E-01   5.1637443E-01   5.1033264E-01   5.0434507E-01   4.9841138E-01   4.9253123E-01   4.8670428E-01   4.8093021E-01   4.7520868E-01   4.6953935E-01   4.6392190E-01   4.5835600E-01   4.5284132E-01   4.4737752E-01   4.4196429E-01   4.3660130E-01   4.3128823E-01   4.2602475E-01   4.2081054E-01   4.1564528E-01
   1.2191477E+00   1.2074829E+00   1.1959037E+00   1.1844096E+00   1.1730001E+00   1.1616750E+00   1.1504336E+00   1.1392756E+00   1.1282006E+00   1.1172081E+00   1.1062978E+00   1.0954691E+00   1.0847216E+00   1.0740550E+00   1.0634688E+00   1.0529626E+00   1.0425360E+00   1.0321885E+00   1.0219198E+00   1.0117293E+00   1.0016168E+00   9.9158178E-01   9.8162382E-01   9.7174252E-01   9.6193749E-01   9.5220830E-01   9.4255456E-01   9.3297585E-01   9.2347177E-01   9.1404191E-01   9.0468589E-01   8.9540328E-01   8.8619370E-01   8.7705674E-01   8.6799201E-01   8.5899911E-01   8.5007765E-01   8.4122723E-01   8.3244745E-01   8.2373794E-01   8.1509829E-01   8.0652811E-01   7.9802703E-01   7.8959465E-01   7.8123059E-01   7.7293446E-01   7.6470588E-01   7.5654448E-01   7.4844985E-01   7.4042164E-01   7.3245946E-01   7.2456293E-01   7.1673168E-01   7.0896532E-01   7.0126350E-01   6.9362584E-01   6.8605196E-01   6.7854150E-01   6.7109408E-01   6.6370935E-01   6.5638692E-01   6.4912645E-01   6.4192756E-01   6.3478989E-01   6.2771309E-01   6.2069678E-01   6.1374061E-01   6.0684423E-01   6.0000727E-01   5.9322938E-01   5.8651021E-01   5.7984941E-01   5.7324661E-01   5.6670147E-01   5.6021365E-01   5.5378278E-01   5.4740853E-01   5.4109055E-01   5.3482849E-01   5.2862202E-01   5.2247077E-01   5.1637443E-01   5.1033264E-01   5.0434507E-01   4.9841138E-01   4.9253123E-01   4.8670428E-01   4.8093021E-01   4.7520868E-01   4.6953935E-01   4.6392190E-01   4.5835600E-01   4.5284132E-01   4.4737752E-01   4.4196429E-01   4.3660130E-01   4.3128823E-01   4.2602475E-01   4.2081054E-01   4.1564528E-01
   1.2191477E+00   1.2074829E+00   1.1959037E+00   1.1844096E+00   1.1730001E+00   1.1616750E+00   1.1504336E+00   1.1392756E+00   1.1282006E+00   1.1172081E+00   1.1062978E+00   1.0954691E+00   1.0847216E+00   1.0740550E+00   1.0634688E+00   1.0529626E+00   1.0425360E+00   1.0321885E+00   1.0219198E+00   1.0117293E+00   1.0016168E+00   9.9158178E-01   9.8162382E-01   9.7174252E-01   9.6193749E-01   9.5220830E-01   9.4255456E-01   9.3297585E-01   9.2347177E-01   9.1404191E-01   9.0468589E-01   8.9540328E-01   8.8619370E-01   8.7705674E-01   8.6799201E-01   8.5899911E-01   8.5007765E-01   8.4122723E-01   8.3244745E-01   8.2373794E-01   8.1509829E-01   8.0652811E-01   7.9802703E-01   7.8959465E-01   7.8123059E-01   7.7293446E-01   7.6470588E-01   7.5654448E-01   7.4844985E-01   7.4042164E-01   7.3245946E-01   7.2456293E-01   7.1673168E-01   7.0896532E-01   7.0126350E-01   6.9362584E-01   6.8605196E-01   6.7854150E-01   6.7109408E-01   6.6370935E-01   6.5638692E-01   6.4912645E-01   6.4192756E-01   6.3478989E-01   6.2771309E-01   6.2069678E-01   6.1374061E-01   6.0684423E-01   6.0000727E-01   5.9322938E-01   5.8651021E-01   5.7984941E-01   5.7324661E-01   5.6670147E-01   5.6021365E-01   5.5378278E-01   5.4740853E-01   5.4109055E-01   5.3482849E-01   5.2862202E-01   5.2247077E-01   5.1637443E-01   5.1033264E-01   5.0434507E-01   4.9841138E-01   4.9253123E-01   4.8670428E-01   4.8093021E-01   4.7520868E-01   4.6953935E-01   4.6392190E-01   4.5835600E-01   4.5284132E-01   4.4737752E-01   4.4196429E-01   4.3660130E-01   4.3128823E-01   4.2602475E-01   4.2081054E-01   4.1564528E-01
   1.2191477E+00   1.2074829E+00   1.1959037E+00   1.1844096E+00   1.1730001E+00   1.1616750E+00   1.1504336E+00   1.1392756E+00   1.1282006E+00   1.1172081E+00   1.1062978E+00   1.0954691E+00   1.0847216E+00   1.0740550E+00   1.0634688E+00   1.0529626E+00   1.0425360E+00   1.0321885E+00   1.0219198E+00   1.0117293E+00   1.0016168E+00   9.9158178E-01   9.8162382E-01   9.7174252E-01   9.6193749E-01   9.5220830E-01   9.4255456E-01   9.3297585E-01   9.2347177E-01   9.1404191E-01   9.0468589E-01   8.9540328E-01   8.8619370E-01   8.7705674E-01   8.6799201E-01   8.5899911E-01   8.5007765E-01   8.4122723E-01   8.3244745E-01   8.2373794E-01   8.1509829E-01   8.0652811E-01   7.9802703E-01   7.8959465E-01   7.8123059E-01   7.7293446E-01   7.6470588E-01   7.5654448E-01   7.4844985E-01   7.4042164E-01   7.3245946E-01   7.2456293E-01   7.1673168E-01   7.0896532E-01   7.0126350E-01   6.9362584E-01   6.8605196E-01   6.7854150E-01   6.7109408E-01   6.6370935E-01   6.5638692E-01   6.4912645E-01   6.4192756E-01   6.3478989E-01   6.2771309E-01   6.2069678E-01   6.1374061E-01   6.0684423E-01   6.0000727E-01   5.9322938E-01   5.8651021E-01   5.7984941E-01   5.7324661E-01   5.6670147E-01   5.6021365E-01   5.5378278E-01   5.4740853E-01   5.4109055E-01   5.3482849E-01   5.2862202E-01   5.2247077E-01   5.1637443E-01   5.1033264E-01   5.0434507E-01   4.9841138E-01   4.9253123E-01   4.8670428E-01   4.8093021E-01   4.7520868E-01   4.6953935E-01   4.6392190E-01   4.5835600E-01   4.5284132E-01   4.4737752E-01   4.4196429E-01   4.3660130E-01   4.3128823E-01   4.2602475E-01   4.2081054E-01   4.1564528E-01
   1.2191477E+00   1.2074829E+00   1.1959037E+00   1.1844096E+00   1.1730001E+00   1.1616750E+00   1.1504336E+00   1.1392756E+00   1.1282006E+00   1.1172081E+00   1.1062978E+00   1.0954691E+00   1.0847216E+00   1.0740550E+00   1.0634688E+00   1.0529626E+00   1.0425360E+00   1.0321885E+00   1.0219198E+00   1.0117293E+00   1.0016168E+00   9.9158178E-01   9.8162382E-01   9.7174252E-01   9.6193749E-01   9.5220830E-01   9.4255456E-01   9.3297585E-01   9.2347177E-01   9.1404191E-01   9.0468589E-01   8.9540328E-01   8.8619370E-01   8.7705674E-01   8.6799201E-01   8.5899911E-01   8.5007765E-01   8.4122723E-01   8.3244745E-01   8.2373794E-01   8.1509829E-01   8.0652811E-01   7.9802703E-01   7.8959465E-01   7.8123059E-01   7.7293446E-01   7.6470588E-01   7.5654448E-01   7.4844985E-01   7.4042164E-01   7.3245946E-01   7.2456293E-01   7.1673168E-01   7.0896532E-01   7.0126350E-01   6.9362584E-01   6.8605196E-01   6.7854150E-01   6.7109408E-01   6.6370935E-01   6.5638692E-01   6.4912645E-01   6.4192756E-01   6.3478989E-01   6.2771309E-01   6.2069678E-01   6.1374061E-01   6.0684423E-01   6.0000727E-01   5.9322938E-01   5.8651021E-01   5.7984941E-01   5.7324661E-01   5.6670147E-01   5.6021365E-01   5.5378278E-01   5.4740853E-01   5.4109055E-01   5.3482849E-01   5.2862202E-01   5.2247077E-01   5.1637443E-01   5.1033264E-01   5.0434507E-01   4.9841138E-01   4.9253123E-01   4.8670428E-01   4.8093021E-01   4.7520868E-01   4.6953935E-01   4.6392190E-01   4.5835600E-01   4.5284132E-01   4.4737752E-01   4.4196429E-01   4.3660130E-01   4.3128823E-01   4.2602475E-01   4.2081054E-01   4.1564528E-01
   1.2191477E+00   1.2074829E+00   1.1959037E+00   1.1844096E+00   1.1730001E+00   1.1616750E+00   1.1504336E+00   1.1392756E+00   1.1282006E+00   1.1172081E+00   1.1062978E+00   1.0954691E+00   1.0847216E+00   1.0740550E+00   1.0634688E+00   1.0529626E+00   1.0425360E+00   1.0321885E+00   1.0219198E+00   1.0117293E+00   1.0016168E+00   9.9158178E-01   9.8162382E-01   9.7174252E-01   9.6193749E-01   9.5220830E-01   9.4255456E-01   9.3297585E-01   9.2347177E-01   9.1404191E-01   9.0468589E-01   8.9540328E-01   8.8619370E-01   8.7705674E-01   8.6799201E-01   8.5899911E-01   8.5007765E-01   8.4122723E-01   8.3244745E-01   8.2373794E-01   8.1509829E-01   8.0652811E-01   7.9802703E-01   7.8959465E-01   7.8123059E-01   7.7293446E-01   7.6470588E-01   7.5654448E-01   7.4844985E-01   7.4042164E-01   7.3245946E-01   7.2456293E-01   7.1673168E-01   7.0896532E-01   7.0126350E-01   6.9362584E-01   6.8605196E-01   6.7854150E-01   6.7109408E-01   6.6370935E-01   6.5638692E-01   6.4912645E-01   6.4192756E-01   6.3478989E-01   6.2771309E-01   6.2069678E-01   6.1374061E-01   6.0684423E-01   6.0000727E-01   5.9322938E-01   5.8651021E-01   5.7984941E-01   5.7324661E-01   5.6670147E-01   5.6021365E-01   5.5378278E-01   5.4740853E-01   5.4109055E-01   5.3482849E-01   5.2862202E-01   5.2247077E-01   5.1637443E-01   5.1033264E-01   5.0434507E-01   4.9841138E-01   4.9253123E-01   4.8670428E-01   4.8093021E-01   4.7520868E-01   4.6953935E-01   4.6392190E-01   4.5835600E-01   4.5284132E-01   4.4737752E-01   4.4196429E-01   4.3660130E-01   4.3128823E-01   4.2602475E-01   4.2081054E-01   4.1564528E-01
   1.2191477E+00   1.2074829E+00   1.1959037E+00   1.1844096E+00   1.1730001E+00   1.1616750E+00   1.1504336E+00   1.1392756E+00   1.1282006E+00   1.1172081E+00   1.1062978E+00   1.0954691E+00   1.0847216E+00   1.0740550E+00   1.0634688E+00   1.0529626E+00   1.0425360E+00   1.0321885E+00   1.0219198E+00   1.0117293E+00   1.0016168E+00   9.9158178E-01   9.8162382E-01   9.7174252E-01   9.6193749E-01   9.5220830E-01   9.4255456E-01   9.3297585E-01   9.2347177E-01   9.1404191E-01   9.0468589E-01   8.9540328E-01   8.8619370E-01   8.7705674E-01   8.6799201E-01   8.5899911E-01   8.5007765E-01   8.4122723E-01   8.3244745E-01   8.2373794E-01   8.1509829E-01   8.0652811E-01   7.9802703E-01   7.8959465E-01   7.8123059E-01   7.7293446E-01   7.6470588E-01   7.5654448E-01   7.4844985E-01   7.4042164E-01   7.3245946E-01   7.2456293E-01   7.1673168E-01   7.0896532E-01   7.0126350E-01   6.9362584E-01   6.8605196E-01   6.7854150E-01   6.7109408E-01   6.6370935E-01   6.5638692E-01   6.4912645E-01   6.4192756E-01   6.3478989E-01   6.2771309E-01   6.2069678E-01   6.1374061E-01   6.0684423E-01   6.0000727E-01   5.9322938E-01   5.8651021E-01   5.7984941E-01   5.7324661E-01   5.6670147E-01   5.6021365E-01   5.5378278E-01   5.4740853E-01   5.4109055E-01   5.3482849E-01   5.2862202E-01   5.2247077E-01   5.1637443E-01   5.1033264E-01   5.0434507E-01   4.9841138E-01   4.9253123E-01   4.8670428E-01   4.8093021E-01   4.7520868E-01   4.6953935E-01   4.6392190E-01   4.5835600E-01   4.5284132E-01   4.4737752E-01   4.4196429E-01   4.3660130E-01   4.3128823E-01   4.2602475E-01   4.2081054E-01   4.1564528E-01
   1.2191477E+00   1.2074829E+00   1.1959037E+00   1.1844096E+00   1.1730001E+00   1.1616750E+00   1.1504336E+00   1.1392756E+00   1.1282006E+00   1.1172081E+00   1.1062978E+00   1.0954691E+00   1.0847216E+00   1.0740550E+00   1.0634688E+00   1.0529626E+00   1.0425360E+00   1.0321885E+00   1.0219198E+00   1.0117293E+00   1.0016168E+00   9.9158178E-01   9.8162382E-01   9.7174252E-01   9.6193749E-01   9.5220830E-01   9.4255456E-01   9.3297585E-01   9.2347177E-01   9.1404191E-01   9.0468589E-01   8.9540328E-01   8.8619370E-01   8.7705674E-01   8.6799201E-01   8.5899911E-01   8.5007765E-01   8.4122723E-01   8.3244745E-01   8.2373794E-01   8.1509829E-01   8.0652811E-01   7.9802703E-01   7.8959465E-01   7.8123059E-01   7.7293446E-01   7.6470588E-01   7.5654448E-01   7.4844985E-01   7.4042164E-01   7.3245946E-01   7.2456293E-01   7.1673168E-01   7.0896532E-01   7.0126350E-01   6.9362584E-01   6.8605196E-01   6.7854150E-01   6.7109408E-01   6.6370935E-01   6.5638692E-01   6.4912645E-01   6.4192756E-01   6.3478989E-01   6.2771309E-01   6.2069678E-01   6.1374061E-01   6.0684423E-01   6.0000727E-01   5.9322938E-01   5.8651021E-01   5.7984941E-01   5.7324661E-01   5.6670147E-01   5.6021365E-01   5.5378278E-01   5.4740853E-01   5.4109055E-01   5.3482849E-01   5.2862202E-01   5.2247077E-01   5.1637443E-01   5.1033264E-01   5.0434507E-01   4.9841138E-01   4.9253123E-01   4.8670428E-01   4.8093021E-01   4.7520868E-01   4.6953935E-01   4.6392190E-01   4.5835600E-01   4.5284132E-01   4.4737752E-01   4.4196429E-01   4.3660130E-01   4.3128823E-01   4.2602475E-01   4.2081054E-01   4.1564528E-01
   1.2191477E+00   1.2074829E+00   1.1959037E+00   1.1844096E+00   1.1730001E+00   1.1616750E+00   1.1504336E+00   1.1392756E+00   1.1282006E+00   1.1172081E+00   1.1062978E+00   1.0954691E+00   1.0847216E+00   1.0740550E+00   1.0634688E+00   1.0529626E+00   1.0425360E+00   1.0321885E+00   1.0219198E+00   1.0117293E+00   1.0016168E+00   9.9158178E-01   9.8162382E-01   9.7174252E-01   9.6193749E-01   9.5220830E-01   9.4255456E-01   9.3297585E-01   9.2347177E-01   9.1404191E-01   9.0468589E-01   8.9540328E-01   8.8619370E-01   8.7705674E-01   8.6799201E-01   8.5899911E-01   8.5007765E-01   8.4122723E-01   8.3244745E-01   8.2373794E-01   8.1509829E-01   8.0652811E-01   7.9802703E-01   7.8959465E-01   7.8123059E-01   7.7293446E-01   7.6470588E-01   7.5654448E-01   7.4844985E-01   7.4042164E-01   7.3245946E-01   7.2456293E-01   7.1673168E-01   7.0896532E-01   7.0126350E-01   6.9362584E-01   6.8605196E-01   6.7854150E-01   6.7109408E-01   6.6370935E-01   6.5638692E-01   6.4912645E-01   6.4192756E-01   6.3478989E-01   6.2771309E-01   6.2069678E-01   6.1374061E-01   6.0684423E-01   6.0000727E-01   5.9322938E-01   5.8651021E-01   5.7984941E-01   5.7324661E-01   5.6670147E-01   5.6021365E-01   5.5378278E-01   5.4740853E-01   5.4109055E-01   5.3482849E-01   5.2862202E-01   5.2247077E-01   5.1637443E-01   5.1033264E-01   5.0434507E-01   4.9841138E-01   4.9253123E-01   4.8670428E-01   4.8093021E-01   4.7520868E-01   4.6953935E-01   4.6392190E-01   4.5835600E-01   4.5284132E-01   4.4737752E-01   4.4196429E-01   4.3660130E-01   4.3128823E-01   4.2602475E-01   4.2081054E-01   4.1564528E-01
   1.2191477E+00   1.2074829E+00   1.1959037E+00   1.1844096E+00   1.1730001E+00   1.1616750E+00   1.1504336E+00   1.1392756E+00   1.1282006E+00   1.1172081E+00   1.1062978E+00   1.0954691E+00   1.0847216E+00   1.0740550E+00   1.0634688E+00   1.0529626E+00   1.0425360E+00   1.0321885E+00   1.0219198E+00   1.0117293E+00   1.0016168E+00   9.9158178E-01   9.8162382E-01   9.7174252E-01   9.6193749E-01   9.5220830E-01   9.4255456E-01   9.3297585E-01   9.2347177E-01   9.1404191E-01   9.0468589E-01   8.9540328E-01   8.8619370E-01   8.7705674E-01   8.6799201E-01   8.5899911E-01   8.5007765E-01   8.4122723E-01   8.3244745E-01   8.2373794E-01   8.1509829E-01   8.0652811E-01   7.9802703E-01   7.8959465E-01   7.8123059E-01   7.7293446E-01   7.6470588E-01   7.5654448E-01   7.4844985E-01   7.4042164E-01   7.3245946E-01   7.2456293E-01   7.1673168E-01   7.0896532E-01   7.0126350E-01   6.9362584E-01   6.8605196E-01   6.7854150E-01   6.7109408E-01   6.6370935E-01   6.5638692E-01   6.4912645E-01   6.4192756E-01   6.3478989E-01   6.2771309E-01   6.2069678E-01   6.1374061E-01   6.0684423E-01   6.0000727E-01   5.9322938E-01   5.8651021E-01   5.7984941E-01   5.7324661E-01   5.6670147E-01   5.6021365E-01   5.5378278E-01   5.4740853E-01   5.4109055E-01   5.3482849E-01   5.2862202E-01   5.2247077E-01   5.1637443E-01   5.1033264E-01   5.0434507E-01   4.9841138E-01   4.9253123E-01   4.8670428E-01   4.8093021E-01   4.7520868E-01   4.6953935E-01   4.6392190E-01   4.5835600E-01   4.5284132E-01   4.4737752E-01   4.4196429E-01   4.3660130E-01   4.3128823E-01   4.2602475E-01   4.2081054E-01   4.1564528E-01
   1.2191477E+00   1.2074829E+00   1.1959037E+00   1.1844096E+00   1.1730001E+00   1.1616750E+00   1.1504336E+00   1.1392756E+00   1.1282006E+00   1.1172081E+00   1.1062978E+00   1.0954691E+00   1.0847216E+00   1.0740550E+00   1.0634688E+00   1.0529626E+00   1.0425360E+00   1.0321885E+00   1.0219198E+00   1.0117293E+00   1.0016168E+00   9.9158178E-01   9.8162382E-01   9.7174252E-01   9.6193749E-01   9.5220830E-01   9.4255456E-01   9.3297585E-01   9.2347177E-01   9.1404191E-01   9.0468589E-01   8.9540328E-01   8.8619370E-01   8.7705674E-01   8.6799201E-01   8.5899911E-01   8.5007765E-01   8.4122723E-01   8.3244745E-01   8.2373794E-01   8.1509829E-01   8.0652811E-01   7.9802703E-01   7.8959465E-01   7.8123059E-01   7.7293446E-01   7.6470588E-01   7.5654448E-01   7.4844985E-01   7.4042164E-01   7.3245946E-01   7.2456293E-01   7.1673168E-01   7.0896532E-01   7.0126350E-01   6.9362584E-01   6.8605196E-01   6.7854150E-01   6.7109408E-01   6.6370935E-01   6.5638692E-01   6.4912645E-01   6.4192756E-01   6.3478989E-01   6.2771309E-01   6.2069678E-01   6.1374061E-01   6.0684423E-01   6.0000727E-01   5.9322938E-01   5.8651021E-01   5.7984941E-01   5.7324661E-01   5.6670147E-01   5.6021365E-01   5.5378278E-01   5.4740853E-01   5.4109055E-01   5.3482849E-01   5.2862202E-01   5.2247077E-01   5.1637443E-01   5.1033264E-01   5.0434507E-01   4.9841138E-01   4.9253123E-01   4.8670428E-01   4.8093021E-01   4.7520868E-01   4.6953935E-01   4.6392190E-01   4.5835600E-01   4.5284132E-01   4.4737752E-01   4.4196429E-01   4.3660130E-01   4.3128823E-01   4.2602475E-01   4.2081054E-01   4.1564528E-01
   1.2191477E+00   1.2074829E+00   1.1959037E+00   1.1844096E+00   1.1730001E+00   1.1616750E+00   1.1504336E+00   1.1392756E+00   1.1282006E+00   1.1172081E+00   1.1062978E+00   1.0954691E+00   1.0847216E+00   1.0740550E+00   1.0634688E+00   1.0529626E+00   1.0425360E+00   1.0321885E+00   1.0219198E+00   1.0117293E+00   1.0016168E+00   9.9158178E-01   9.8162382E-01   9.7174252E-01   9.6193749E-01   9.5220830E-01   9.4255456E-01   9.3297585E-01   9.2347177E-01   9.1404191E-01   9.0468589E-01   8.9540328E-01   8.8619370E-01   8.7705674E-01   8.6799201E-01   8.5899911E-01   8.5007765E-01   8.4122723E-01   8.3244745E-01   8.2373794E-01   8.1509829E-01   8.0652811E-01   7.9802703E-01   7.8959465E-01   7.8123059E-01   7.7293446E-01   7.6470588E-01   7.5654448E-01   7.4844985E-01   7.4042164E-01   7.3245946E-01   7.2456293E-01   7.1673168E-01   7.0896532E-01   7.0126350E-01   6.9362584E-01   6.8605196E-01   6.7854150E-01   6.7109408E-01   6.6370935E-01   6.5638692E-01   6.4912645E-01   6.4192756E-01   6.3478989E-01   6.2771309E-01   6.2069678E-01   6.1374061E-01   6.0684423E-01   6.0000727E-01   5.9322938E-01   5.8651021E-01   5.7984941E-01   5.7324661E-01   5.6670147E-01   5.6021365E-01   5.5378278E-01   5.4740853E-01   5.4109055E-01   5.3482849E-01   5.2862202E-01   5.2247077E-01   5.1637443E-01   5.1033264E-01   5.0434507E-01   4.9841138E-01   4.9253123E-01   4.8670428E-01   4.8093021E-01   4.7520868E-01   4.6953935E-01   4.6392190E-01   4.5835600E-01   4.5284132E-01   4.4737752E-01   4.4196429E-01   4.3660130E-01   4.3128823E-01   4.2602475E-01   4.2081054E-01   4.1564528E-01
   1.2191477E+00   1.2074829E+00   1.1959037E+00   1.1844096E+00   1.1730001E+00   1.1616750E+00   1.1504336E+00   1.1392756E+00   1.1282006E+00   1.1172081E+00   1.1062978E+00   1.0954691E+00   1.0847216E+00   1.0740550E+00   1.0634688E+00   1.0529626E+00   1.0425360E+00   1.0321885E+00   1.0219198E+00   1.0117293E+00   1.0016168E+00   9.9158178E-01   9.8162382E-01   9.7174252E-01   9.6193749E-01   9.5220830E-01   9.4255456E-01   9.3297585E-01   9.2347177E-01   9.1404191E-01   9.0468589E-01   8.9540328E-01   8.8619370E-01   8.7705674E-01   8.6799201E-01   8.5899911E-01   8.5007765E-01   8.4122723E-01   8.3244745E-01   8.2373794E-01   8.1509829E-01   8.0652811E-01   7.9802703E-01   7.8959465E-01   7.8123059E-01   7.7293446E-01   7.6470588E-01   7.5654448E-01   7.4844985E-01   7.4042164E-01   7.3245946E-01   7.2456293E-01   7.1673168E-01   7.0896532E-01   7.0126350E-01   6.9362584E-01   6.8605196E-01   6.7854150E-01   6.7109408E-01   6.6370935E-01   6.5638692E-01   6.4912645E-01   6.4192756E-01   6.3478989E-01   6.2771309E-01   6.2069678E-01   6.1374061E-01   6.0684423E-01   6.0000727E-01   5.9322938E-01   5.8651021E-01   5.7984941E-01   5.7324661E-01   5.6670147E-01   5.6021365E-01   5.5378278E-01   5.4740853E-01   5.4109055E-01   5.3482849E-01   5.2862202E-01   5.2247077E-01   5.1637443E-01   5.1033264E-01   5.0434507E-01   4.9841138E-01   4.9253123E-01   4.8670428E-01   4.8093021E-01   4.7520868E-01   4.6953935E-01   4.6392190E-01   4.5835600E-01   4.5284132E-01   4.4737752E-01   4.4196429E-01   4.3660130E-01   4.3128823E-01   4.2602475E-01   4.2081054E-01   4.1564528E-01
   1.2191477E+00   1.2074829E+00   1.1959037E+00   1.1844096E+00   1.1730001E+00   1.1616750E+00   1.1504336E+00   1.1392756E+00   1.1282006E+00   1.1172081E+00   1.1062978E+00   1.0954691E+00   1.0847216E+00   1.0740550E+00   1.0634688E+00   1.0529626E+00   1.0425360E+00   1.0321885E+00   1.0219198E+00   1.0117293E+00   1.0016168E+00   9.9158178E-01   9.8162382E-01   9.7174252E-01   9.6193749E-01   9.5220830E-01   9.4255456E-01   9.3297585E-01   9.2347177E-01   9.1404191E-01   9.0468589E-01   8.9540328E-01   8.8619370E-01   8.7705674E-01   8.6799201E-01   8.5899911E-01   8.5007765E-01   8.4122723E-01   8.3244745E-01   8.2373794E-01   8.1509829E-01   8.0652811E-01   7.9802703E-01   7.8959465E-01   7.8123059E-01   7.7293446E-01   7.6470588E-01   7.5654448E-01   7.4844985E-01   7.4042164E-01   7.3245946E-01   7.2456293E-01   7.1673168E-01   7.0896532E-01   7.0126350E-01   6.9362584E-01   6.8605196E-01   6.7854150E-01   6.7109408E-01   6.6370935E-01   6.5638692E-01   6.4912645E-01   6.4192756E-01   6.3478989E-01   6.2771309E-01   6.2069678E-01   6.1374061E-01   6.0684423E-01   6.0000727E-01   5.9322938E-01   5.8651021E-01   5.7984941E-01   5.7324661E-01   5.6670147E-01   5.6021365E-01   5.5378278E-01   5.4740853E-01   5.4109055E-01   5.3482849E-01   5.2862202E-01   5.2247077E-01   5.1637443E-01   5.1033264E-01   5.0434507E-01   4.9841138E-01   4.9253123E-01   4.8670428E-01   4.8093021E-01   4.7520868E-01   4.6953935E-01   4.6392190E-01   4.5835600E-01   4.5284132E-01   4.4737752E-01   4.4196429E-01   4.3660130E-01   4.3128823E-01   4.2602475E-01   4.2081054E-01   4.1564528E-01
   1.2191477E+00   1.2074829E+00   1.1959037E+00   1.1844096E+00   1.1730001E+00   1.1616750E+00   1.1504336E+00   1.1392756E+00   1.1282006E+00   1.1172081E+00   1.1062978E+00   1.0954691E+00   1.0847216E+00   1.0740550E+00   1.0634688E+00   1.0529626E+00   1.0425360E+00   1.0321885E+00   1.0219198E+00   1.0117293E+00   1.0016168E+00   9.9158178E-01   9.8162382E-01   9.7174252E-01   9.6193749E-01   9.5220830E-01   9.4255456E-01   9.3297585E-01   9.2347177E-01   9.1404191E-01   9.0468589E-01   8.9540328E-01   8.8619370E-01   8.7705674E-01   8.6799201E-01   8.5899911E-01   8.5007765E-01   8.4122723E-01   8.3244745E-01   8.2373794E-01   8.1509829E-01   8.0652811E-01   7.9802703E-01   7.8959465E-01   7.8123059E-01   7.7293446E-01   7.6470588E-01   7.5654448E-01   7.4844985E-01   7.4042164E-01   7.3245946E-01   7.2456293E-01   7.1673168E-01   7.0896532E-01   7.0126350E-01   6.9362584E-01   6.8605196E-01   6.7854150E-01   6.7109408E-01   6.6370935E-01   6.5638692E-01   6.4912645E-01   6.4192756E-01   6.3478989E-01   6.2771309E-01   6.2069678E-01   6.1374061E-01   6.0684423E-01   6.0000727E-01   5.9322938E-01   5.8651021E-01   5.7984941E-01   5.7324661E-01   5.6670147E-01   5.6021365E-01   5.5378278E-01   5.4740853E-01   5.4109055E-01   5.3482849E-01   5.2862202E-01   5.2247077E-01   5.1637443E-01   5.1033264E-01   5.0434507E-01   4.9841138E-01   4.9253123E-01   4.8670428E-01   4.8093021E-01   4.7520868E-01   4.6953935E-01   4.6392190E-01   4.5835600E-01   4.5284132E-01   4.4737752E-01   4.4196429E-01   4.3660130E-01   4.3128823E-01   4.2602475E-01   4.2081054E-01   4.1564528E-01
   1.2191477E+00   1.2074829E+00   1.1959037E+00   1.1844096E+00   1.1730001E+00   1.1616750E+00   1.1504336E+00   1.1392756E+00   1.1282006E+00   1.1172081E+00   1.1062978E+00   1.0954691E+00   1.0847216E+00   1.0740550E+00   1.0634688E+00   1.0529626E+00   1.0425360E+00   1.0321885E+00   1.0219198E+00   1.0117293E+00   1.0016168E+00   9.9158178E-01   9.8162382E-01   9.7174252E-01   9.6193749E-01   9.5220830E-01   9.4255456E-01   9.3297585E-01   9.2347177E-01   9.1404191E-01   9.0468589E-01   8.9540328E-01   8.8619370E-01   8.7705674E-01   8.6799201E-01   8.5899911E-01   8.5007765E-01   8.4122723E-01   8.3244745E-01   8.2373794E-01   8.1509829E-01   8.0652811E-01   7.9802703E-01   7.8959465E-01   7.8123059E-01   7.7293446E-01   7.6470588E-01   7.5654448E-01   7.4844985E-01   7.4042164E-01   7.3245946E-01   7.2456293E-01   7.1673168E-01   7.0896532E-01   7.0126350E-01   6.9362584E-01   6.8605196E-01   6.7854150E-01   6.7109408E-01   6.6370935E-01   6.5638692E-01   6.4912645E-01   6.4192756E-01   6.3478989E-01   6.2771309E-01   6.2069678E-01   6.1374061E-01   6.0684423E-01   6.0000727E-01   5.9322938E-01   5.8651021E-01   5.7984941E-01   5.7324661E-01   5.6670147E-01   5.6021365E-01   5.5378278E-01   5.4740853E-01   5.4109055E-01   5.3482849E-01   5.2862202E-01   5.2247077E-01   5.1637443E-01   5.1033264E-01   5.0434507E-01   4.9841138E-01   4.9253123E-01   4.8670428E-01   4.8093021E-01   4.7520868E-01   4.6953935E-01   4.6392190E-01   4.5835600E-01   4.5284132E-01   4.4737752E-01   4.4196429E-01   4.3660130E-01   4.3128823E-01   4.2602475E-01   4.2081054E-01   4.1564528E-01
   1.2191477E+00   1.2074829E+00   1.1959037E+00   1.1844096E+00   1.1730001E+00   1.1616750E+00   1.1504336E+00   1.1392756E+00   1.1282006E+00   1.1172081E+00   1.1062978E+00   1.0954691E+00   1.0847216E+00   1.0740550E+00   1.0634688E+00   1.0529626E+00   1.0425360E+00   1.0321885E+00   1.0219198E+00   1.0117293E+00   1.0016168E+00   9.9158178E-01   9.8162382E-01   9.7174252E-01   9.6193749E-01   9.5220830E-01   9.4255456E-01   9.3297585E-01   9.2347177E-01   9.1404191E-01   9.0468589E-01   8.9540328E-01   8.8619370E-01   8.7705674E-01   8.6799201E-01   8.5899911E-01   8.5007765E-01   8.4122723E-01   8.3244745E-01   8.2373794E-01   8.1509829E-01   8.0652811E-01   7.9802703E-01   7.8959465E-01   7.8123059E-01   7.7293446E-01   7.6470588E-01   7.5654448E-01   7.4844985E-01   7.4042164E-01   7.3245946E-01   7.2456293E-01   7.1673168E-01   7.0896532E-01   7.0126350E-01   6.9362584E-01   6.8605196E-01   6.7854150E-01   6.7109408E-01   6.6370935E-01   6.5638692E-01   6.4912645E-01   6.4192756E-01   6.3478989E-01   6.2771309E-01   6.2069678E-01   6.1374061E-01   6.0684423E-01   6.0000727E-01   5.9322938E-01   5.8651021E-01   5.7984941E-01   5.7324661E-01   5.6670147E-01   5.6021365E-01   5.5378278E-01   5.4740853E-01   5.4109055E-01   5.3482849E-01   5.2862202E-01   5.2247077E-01   5.1637443E-01   5.1033264E-01   5.0434507E-01   4.9841138E-01   4.9253123E-01   4.8670428E-01   4.8093021E-01   4.7520868E-01   4.6953935E-01   4.6392190E-01   4.5835600E-01   4.5284132E-01   4.4737752E-01   4.4196429E-01   4.3660130E-01   4.3128823E-01   4.2602475E-01   4.2081054E-01   4.1564528E-01
   1.2191477E+00   1.2074829E+00   1.1959037E+00   1.1844096E+00   1.1730001E+00   1.1616750E+00   1.1504336E+00   1.1392756E+00   1.1282006E+00   1.1172081E+00   1.1062978E+00   1.0954691E+00   1.0847216E+00   1.0740550E+00   1.0634688E+00   1.0529626E+00   1.0425360E+00   1.0321885E+00   1.0219198E+00   1.0117293E+00   1.0016168E+00   9.9158178E-01   9.8162382E-01   9.7174252E-01   9.6193749E-01   9.5220830E-01   9.4255456E-01   9.3297585E-01   9.2347177E-01   9.1404191E-01   9.0468589E-01   8.9540328E-01   8.8619370E-01   8.7705674E-01   8.6799201E-01   8.5899911E-01   8.5007765E-01   8.4122723E-01   8.3244745E-01   8.2373794E-01   8.1509829E-01   8.0652811E-01   7.9802703E-01   7.8959465E-01   7.8123059E-01   7.7293446E-01   7.6470588E-01   7.5654448E-01   7.4844985E-01   7.4042164E-01   7.3245946E-01   7.2456293E-01   7.1673168E-01   7.0896532E-01   7.0126350E-01   6.9362584E-01   6.8605196E-01   6.7854150E-01   6.7109408E-01   6.6370935E-01   6.5638692E-01   6.4912645E-01   6.4192756E-01   6.3478989E-01   6.2771309E-01   6.2069678E-01   6.1374061E-01   6.0684423E-01   6.0000727E-01   5.9322938E-01   5.8651021E-01   5.7984941E-01   5.7324661E-01   5.6670147E-01   5.6021365E-01   5.5378278E-01   5.4740853E-01   5.4109055E-01   5.3482849E-01   5.2862202E-01   5.2247077E-01   5.1637443E-01   5.1033264E-01   5.0434507E-01   4.9841138E-01   4.9253123E-01   4.8670428E-01   4.8093021E-01   4.7520868E-01   4.6953935E-01   4.6392190E-01   4.5835600E-01   4.5284132E-01   4.4737752E-01   4.4196429E-01   4.3660130E-01   4.3128823E-01   4.2602475E-01   4.2081054E-01   4.1564528E-01
   1.2191477E+00   1.2074829E+00   1.1959037E+00   1.1844096E+00   1.1730001E+00   1.1616750E+00   1.1504336E+00   1.1392756E+00   1.1282006E+00   1.1172081E+00   1.1062978E+00   1.0954691E+00   1.0847216E+00   1.0740550E+00   1.0634688E+00   1.0529626E+00   1.0425360E+00   1.0321885E+00   1.0219198E+00   1.0117293E+00   1.0016168E+00   9.9158178E-01   9.8162382E-01   9.7174252E-01   9.6193749E-01   9.5220830E-01   9.4255456E-01   9.3297585E-01   9.2347177E-01   9.1404191E-01   9.0468589E-01   8.9540328E-01   8.8619370E-01   8.7705674E-01   8.6799201E-01   8.5899911E-01   8.5007765E-01   8.4122723E-01   8.3244745E-01   8.2373794E-01   8.1509829E-01   8.0652811E-01   7.9802703E-01   7.8959465E-01   7.8123059E-01   7.7293446E-01   7.6470588E-01   7.5654448E-01   7.4844985E-01   7.4042164E-01   7.3245946E-01   7.2456293E-01   7.1673168E-01   7.0896532E-01   7.0126350E-01   6.9362584E-01   6.8605196E-01   6.7854150E-01   6.7109408E-01   6.6370935E-01   6.5638692E-01   6.4912645E-01   6.4192756E-01   6.3478989E-01   6.2771309E-01   6.2069678E-01   6.1374061E-01   6.0684423E-01   6.0000727E-01   5.9322938E-01   5.8651021E-01   5.7984941E-01   5.7324661E-01   5.6670147E-01   5.6021365E-01   5.5378278E-01   5.4740853E-01   5.4109055E-01   5.3482849E-01   5.2862202E-01   5.2247077E-01   5.1637443E-01   5.1033264E-01   5.0434507E-01   4.9841138E-01   4.9253123E-01   4.8670428E-01   4.8093021E-01   4.7520868E-01   4.6953935E-01   4.6392190E-01   4.5835600E-01   4.5284132E-01   4.4737752E-01   4.4196429E-01   4.3660130E-01   4.3128823E-01   4.2602475E-01   4.2081054E-01   4.1564528E-01
   1.2191477E+00   1.2074829E+00   1.1959037E+00   1.1844096E+00   1.1730001E+00   1.1616750E+00   1.1504336E+00   1.1392756E+00   1.1282006E+00   1.1172081E+00   1.1062978E+00   1.0954691E+00   1.0847216E+00   1.0740550E+00   1.0634688E+00   1.0529626E+00   1.0425360E+00   1.0321885E+00   1.0219198E+00   1.0117293E+00   1.0016168E+00   9.9158178E-01   9.8162382E-01   9.7174252E-01   9.6193749E-01   9.5220830E-01   9.4255456E-01   9.3297585E-01   9.2347177E-01   9.1404191E-01   9.0468589E-01   8.9540328E-01   8.8619370E-01   8.7705674E-01   8.6799201E-01   8.5899911E-01   8.5007765E-01   8.4122723E-01   8.3244745E-01   8.2373794E-01   8.1509829E-01   8.0652811E-01   7.9802703E-01   7.8959465E-01   7.8123059E-01   7.7293446E-01   7.6470588E-01   7.5654448E-01   7.4844985E-01   7.4042164E-01   7.3245946E-01   7.2456293E-01   7.1673168E-01   7.0896532E-01   7.0126350E-01   6.9362584E-01   6.8605196E-01   6.7854150E-01   6.7109408E-01   6.6370935E-01   6.5638692E-01   6.4912645E-01   6.4192756E-01   6.3478989E-01   6.2771309E-01   6.2069678E-01   6.1374061E-01   6.0684423E-01   6.0000727E-01   5.9322938E-01   5.8651021E-01   5.7984941E-01   5.7324661E-01   5.6670147E-01   5.6021365E-01   5.5378278E-01   5.4740853E-01   5.4109055E-01   5.3482849E-01   5.2862202E-01   5.2247077E-01   5.1637443E-01   5.1033264E-01   5.0434507E-01   4.9841138E-01   4.9253123E-01   4.8670428E-01   4.8093021E-01   4.7520868E-01   4.6953935E-01   4.6392190E-01   4.5835600E-01   4.5284132E-01   4.4737752E-01   4.4196429E-01   4.3660130E-01   4.3128823E-01   4.2602475E-01   4.2081054E-01   4.1564528E-01
   1.2191477E+00   1.2074829E+00   1.1959037E+00   1.1844096E+00   1.1730001E+00   1.1616750E+00   1.1504336E+00   1.1392756E+00   1.1282006E+00   1.1172081E+00   1.1062978E+00   1.0954691E+00   1.0847216E+00   1.0740550E+00   1.0634688E+00   1.0529626E+00   1.0425360E+00   1.0321885E+00   1.0219198E+00   1.0117293E+00   1.0016168E+00   9.9158178E-01   9.8162382E-01   9.7174252E-01   9.6193749E-01   9.5220830E-01   9.4255456E-01   9.3297585E-01   9.2347177E-01   9.1404191E-01   9.0468589E-01   8.9540328E-01   8.8619370E-01   8.7705674E-01   8.6799201E-01   8.5899911E-01   8.5007765E-01   8.4122723E-01   8.3244745E-01   8.2373794E-01   8.1509829E-01   8.0652811E-01   7.9802703E-01   7.8959465E-01   7.8123059E-01   7.7293446E-01   7.6470588E-01   7.5654448E-01   7.4844985E-01   7.4042164E-01   7.3245946E-01   7.2456293E-01   7.1673168E-01   7.0896532E-01   7.0126350E-01   6.9362584E-01   6.8605196E-01   6.7854150E-01   6.7109408E-01   6.6370935E-01   6.5638692E-01   6.4912645E-01   6.4192756E-01   6.3478989E-01   6.2771309E-01   6.2069678E-01   6.1374061E-01   6.0684423E-01   6.0000727E-01   5.9322938E-01   5.8651021E-01   5.7984941E-01   5.7324661E-01   5.6670147E-01   5.6021365E-01   5.5378278E-01   5.4740853E-01   5.4109055E-01   5.3482849E-01   5.2862202E-01   5.2247077E-01   5.1637443E-01   5.1033264E-01   5.0434507E-01   4.9841138E-01   4.9253123E-01   4.8670428E-01   4.8093021E-01   4.7520868E-01   4.6953935E-01   4.6392190E-01   4.5835600E-01   4.5284132E-01   4.4737752E-01   4.4196429E-01   4.3660130E-01   4.3128823E-01   4.2602475E-01   4.2081054E-01   4.1564528E-01
   1.2191477E+00   1.2074829E+00   1.1959037E+00   1.1844096E+00   1.1730001E+00   1.1616750E+00   1.1504336E+00   1.1392756E+00   1.1282006E+00   1.1172081E+00   1.1062978E+00   1.0954691E+00   1.0847216E+00   1.0740550E+00   1.0634688E+00   1.0529626E+00   1.0425360E+00   1.0321885E+00   1.0219198E+00   1.0117293E+00   1.0016168E+00   9.9158178E-01   9.8162382E-01   9.7174252E-01   9.6193749E-01   9.5220830E-01   9.4255456E-01   9.3297585E-01   9.2347177E-01   9.1404191E-01   9.0468589E-01   8.9540328E-01   8.8619370E-01   8.7705674E-01   8.6799201E-01   8.5899911E-01   8.5007765E-01   8.4122723E-01   8.3244745E-01   8.2373794E-01   8.1509829E-01   8.0652811E-01   7.9802703E-01   7.8959465E-01   7.8123059E-01   7.7293446E-01   7.6470588E-01   7.5654448E-01   7.4844985E-01   7.4042164E-01   7.3245946E-01   7.2456293E-01   7.1673168E-01   7.0896532E-01   7.0126350E-01   6.9362584E-01   6.8605196E-01   6.7854150E-01   6.7109408E-01   6.6370935E-01   6.5638692E-01   6.4912645E-01   6.4192756E-01   6.3478989E-01   6.2771309E-01   6.2069678E-01   6.1374061E-01   6.0684423E-01   6.0000727E-01   5.9322938E-01   5.8651021E-01   5.7984941E-01   5.7324661E-01   5.6670147E-01   5.6021365E-01   5.5378278E-01   5.4740853E-01   5.4109055E-01   5.3482849E-01   5.2862202E-01   5.2247077E-01   5.1637443E-01   5.1033264E-01   5.0434507E-01   4.9841138E-01   4.9253123E-01   4.8670428E-01   4.8093021E-01   4.7520868E-01   4.6953935E-01   4.6392190E-01   4.5835600E-01   4.5284132E-01   4.4737752E-01   4.4196429E-01   4.3660130E-01   4.3128823E-01   4.2602475E-01   4.2081054E-01   4.1564528E-01
   1.2191477E+00   1.2074829E+00   1.1959037E+00   1.1844096E+00   1.1730001E+00   1.1616750E+00   1.1504336E+00   1.1392756E+00   1.1282006E+00   1.1172081E+00   1.1062978E+00   1.0954691E+00   1.0847216E+00   1.0740550E+00   1.0634688E+00   1.0529626E+00   1.0425360E+00   1.0321885E+00   1.0219198E+00   1.0117293E+00   1.0016168E+00   9.9158178E-01   9.8162382E-01   9.7174252E-01   9.6193749E-01   9.5220830E-01   9.4255456E-01   9.3297585E-01   9.2347177E-01   9.1404191E-01   9.0468589E-01   8.9540328E-01   8.8619370E-01   8.7705674E-01   8.6799201E-01   8.5899911E-01   8.5007765E-01   8.4122723E-01   8.3244745E-01   8.2373794E-01   8.1509829E-01   8.0652811E-01   7.9802703E-01   7.8959465E-01   7.8123059E-01   7.7293446E-01   7.6470588E-01   7.5654448E-01   7.4844985E-01   7.4042164E-01   7.3245946E-01   7.2456293E-01   7.1673168E-01   7.0896532E-01   7.0126350E-01   6.9362584E-01   6.8605196E-01   6.7854150E-01   6.7109408E-01   6.6370935E-01   6.5638692E-01   6.4912645E-01   6.4192756E-01   6.3478989E-01   6.2771309E-01   6.2069678E-01   6.1374061E-01   6.0684423E-01   6.0000727E-01   5.9322938E-01   5.8651021E-01   5.7984941E-01   5.7324661E-01   5.6670147E-01   5.6021365E-01   5.5378278E-01   5.4740853E-01   5.4109055E-01   5.3482849E-01   5.2862202E-01   5.2247077E-01   5.1637443E-01   5.1033264E-01   5.0434507E-01   4.9841138E-01   4.9253123E-01   4.8670428E-01   4.8093021E-01   4.7520868E-01   4.6953935E-01   4.6392190E-01   4.5835600E-01   4.5284132E-01   4.4737752E-01   4.4196429E-01   4.3660130E-01   4.3128823E-01   4.2602475E-01   4.2081054E-01   4.1564528E-01
   1.2191477E+00   1.2074829E+00   1.1959037E+00   1.1844096E+00   1.1730001E+00   1.1616750E+00   1.1504336E+00   1.1392756E+00   1.1282006E+00   1.1172081E+00   1.1062978E+00   1.0954691E+00   1.0847216E+00   1.0740550E+00   1.0634688E+00   1.0529626E+00   1.0425360E+00   1.0321885E+00   1.0219198E+00   1.0117293E+00   1.0016168E+00   9.9158178E-01   9.8162382E-01   9.7174252E-01   9.6193749E-01   9.5220830E-01   9.4255456E-01   9.3297585E-01   9.2347177E-01   9.1404191E-01   9.0468589E-01   8.9540328E-01   8.8619370E-01   8.7705674E-01   8.6799201E-01   8.5899911E-01   8.5007765E-01   8.4122723E-01   8.3244745E-01   8.2373794E-01   8.1509829E-01   8.0652811E-01   7.9802703E-01   7.8959465E-01   7.8123059E-01   7.7293446E-01   7.6470588E-01   7.5654448E-01   7.4844985E-01   7.4042164E-01   7.3245946E-01   7.2456293E-01   7.1673168E-01   7.0896532E-01   7.0126350E-01   6.9362584E-01   6.8605196E-01   6.7854150E-01   6.7109408E-01   6.6370935E-01   6.5638692E-01   6.4912645E-01   6.4192756E-01   6.3478989E-01   6.2771309E-01   6.2069678E-01   6.1374061E-01   6.0684423E-01   6.0000727E-01   5.9322938E-01   5.8651021E-01   5.7984941E-01   5.7324661E-01   5.6670147E-01   5.6021365E-01   5.5378278E-01   5.4740853E-01   5.4109055E-01   5.3482849E-01   5.2862202E-01   5.2247077E-01   5.1637443E-01   5.1033264E-01   5.0434507E-01   4.9841138E-01   4.9253123E-01   4.8670428E-01   4.8093021E-01   4.7520868E-01   4.6953935E-01   4.6392190E-01   4.5835600E-01   4.5284132E-01   4.4737752E-01   4.4196429E-01   4.3660130E-01   4.3128823E-01   4.2602475E-01   4.2081054E-01   4.1564528E-01
   1.2191477E+00   1.2074829E+00   1.1959037E+00   1.1844096E+00   1.1730001E+00   1.1616750E+00   1.1504336E+00   1.1392756E+00   1.1282006E+00   1.1172081E+00   1.1062978E+00   1.0954691E+00   1.0847216E+00   1.0740550E+00   1.0634688E+00   1.0529626E+00   1.0425360E+00   1.0321885E+00   1.0219198E+00   1.0117293E+00   1.0016168E+00   9.9158178E-01   9.8162382E-01   9.7174252E-01   9.6193749E-01   9.5220830E-01   9.4255456E-01   9.3297585E-01   9.2347177E-01   9.1404191E-01   9.0468589E-01   8.9540328E-01   8.8619370E-01   8.7705674E-01   8.6799201E-01   8.5899911E-01   8.5007765E-01   8.4122723E-01   8.3244745E-01   8.2373794E-01   8.1509829E-01   8.0652811E-01   7.9802703E-01   7.8959465E-01   7.8123059E-01   7.7293446E-01   7.6470588E-01   7.5654448E-01   7.4844985E-01   7.4042164E-01   7.3245946E-01   7.2456293E-01   7.1673168E-01   7.0896532E-01   7.0126350E-01   6.9362584E-01   6.8605196E-01   6.7854150E-01   6.7109408E-01   6.6370935E-01   6.5638692E-01   6.4912645E-01   6.4192756E-01   6.3478989E-01   6.2771309E-01   6.2069678E-01   6.1374061E-01   6.0684423E-01   6.0000727E-01   5.9322938E-01   5.8651021E-01   5.7984941E-01   5.7324661E-01   5.6670147E-01   5.6021365E-01   5.5378278E-01   5.4740853E-01   5.4109055E-01   5.3482849E-01   5.2862202E-01   5.2247077E-01   5.1637443E-01   5.1033264E-01   5.0434507E-01   4.9841138E-01   4.9253123E-01   4.8670428E-01   4.8093021E-01   4.7520868E-01   4.6953935E-01   4.6392190E-01   4.5835600E-01   4.5284132E-01   4.4737752E-01   4.4196429E-01   4.3660130E-01   4.3128823E-01   4.2602475E-01   4.2081054E-01   4.1564528E-01
   1.2191477E+00   1.2074829E+00   1.1959037E+00   1.1844096E+00   1.1730001E+00   1.1616750E+00   1.1504336E+00   1.1392756E+00   1.1282006E+00   1.1172081E+00   1.1062978E+00   1.0954691E+00   1.0847216E+00   1.0740550E+00   1.0634688E+00   1.0529626E+00   1.0425360E+00   1.0321885E+00   1.0219198E+00   1.0117293E+00   1.0016168E+00   9.9158178E-01   9.8162382E-01   9.7174252E-01   9.6193749E-01   9.5220830E-01   9.4255456E-01   9.3297585E-01   9.2347177E-01   9.1404191E-01   9.0468589E-01   8.9540328E-01   8.8619370E-01   8.7705674E-01   8.6799201E-01   8.5899911E-01   8.5007765E-01   8.4122723E-01   8.3244745E-01   8.2373794E-01   8.1509829E-01   8.0652811E-01   7.9802703E-01   7.8959465E-01   7.8123059E-01   7.7293446E-01   7.6470588E-01   7.5654448E-01   7.4844985E-01   7.4042164E-01   7.3245946E-01   7.2456293E-01   7.1673168E-01   7.0896532E-01   7.0126350E-01   6.9362584E-01   6.8605196E-01   6.7854150E-01   6.7109408E-01   6.6370935E-01   6.5638692E-01   6.4912645E-01   6.4192756E-01   6.3478989E-01   6.2771309E-01   6.2069678E-01   6.1374061E-01   6.0684423E-01   6.0000727E-01   5.9322938E-01   5.8651021E-01   5.7984941E-01   5.7324661E-01   5.6670147E-01   5.6021365E-01   5.5378278E-01   5.4740853E-01   5.4109055E-01   5.3482849E-01   5.2862202E-01   5.2247077E-01   5.1637443E-01   5.1033264E-01   5.0434507E-01   4.9841138E-01   4.9253123E-01   4.8670428E-01   4.8093021E-01   4.7520868E-01   4.6953935E-01   4.6392190E-01   4.5835600E-01   4.5284132E-01   4.4737752E-01   4.4196429E-01   4.3660130E-01   4.3128823E-01   4.2602475E-01   4.2081054E-01   4.1564528E-01
   1.2191477E+00   1.2074829E+00   1.1959037E+00   1.1844096E+00   1.1730001E+00   1.1616750E+00   1.1504336E+00   1.1392756E+00   1.1282006E+00   1.1172081E+00   1.1062978E+00   1.0954691E+00   1.0847216E+00   1.0740550E+00   1.0634688E+00   1.0529626E+00   1.0425360E+00   1.0321885E+00   1.0219198E+00   1.0117293E+00   1.0016168E+00   9.9158178E-01   9.8162382E-01   9.7174252E-01   9.6193749E-01   9.5220830E-01   9.4255456E-01   9.3297585E-01   9.2347177E-01   9.1404191E-01   9.0468589E-01   8.9540328E-01   8.8619370E-01   8.7705674E-01   8.6799201E-01   8.5899911E-01   8.5007765E-01   8.4122723E-01   8.3244745E-01   8.2373794E-01   8.1509829E-01   8.0652811E-01   7.9802703E-01   7.8959465E-01   7.8123059E-01   7.7293446E-01   7.6470588E-01   7.5654448E-01   7.4844985E-01   7.4042164E-01   7.3245946E-01   7.2456293E-01   7.1673168E-01   7.0896532E-01   7.0126350E-01   6.9362584E-01   6.8605196E-01   6.7854150E-01   6.7109408E-01   6.6370935E-01   6.5638692E-01   6.4912645E-01   6.4192756E-01   6.3478989E-01   6.2771309E-01   6.2069678E-01   6.1374061E-01   6.0684423E-01   6.0000727E-01   5.9322938E-01   5.8651021E-01   5.7984941E-01   5.7324661E-01   5.6670147E-01   5.6021365E-01   5.5378278E-01   5.4740853E-01   5.4109055E-01   5.3482849E-01   5.2862202E-01   5.2247077E-01   5.1637443E-01   5.1033264E-01   5.0434507E-01   4.9841138E-01   4.9253123E-01   4.8670428E-01   4.8093021E-01   4.7520868E-01   4.6953935E-01   4.6392190E-01   4.5835600E-01   4.5284132E-01   4.4737752E-01   4.4196429E-01   4.3660130E-01   4.3128823E-01   4.2602475E-01   4.2081054E-01   4.1564528E-01
   1.2191477E+00   1.2074829E+00   1.1959037E+00   1.1844096E+00   1.1730001E+00   1.1616750E+00   1.1504336E+00   1.1392756E+00   1.1282006E+00   1.1172081E+00   1.1062978E+00   1.0954691E+00   1.0847216E+00   1.0740550E+00   1.0634688E+00   1.0529626E+00   1.0425360E+00   1.0321885E+00   1.0219198E+00   1.0117293E+00   1.0016168E+00   9.9158178E-01   9.8162382E-01   9.7174252E-01   9.6193749E-01   9.5220830E-01   9.4255456E-01   9.3297585E-01   9.2347177E-01   9.1404191E-01   9.0468589E-01   8.9540328E-01   8.8619370E-01   8.7705674E-01   8.6799201E-01   8.5899911E-01   8.5007765E-01   8.4122723E-01   8.3244745E-01   8.2373794E-01   8.1509829E-01   8.0652811E-01   7.9802703E-01   7.8959465E-01   7.8123059E-01   7.7293446E-01   7.6470588E-01   7.5654448E-01   7.4844985E-01   7.4042164E-01   7.3245946E-01   7.2456293E-01   7.1673168E-01   7.0896532E-01   7.0126350E-01   6.9362584E-01   6.8605196E-01   6.7854150E-01   6.7109408E-01   6.6370935E-01   6.5638692E-01   6.4912645E-01   6.4192756E-01   6.3478989E-01   6.2771309E-01   6.2069678E-01   6.1374061E-01   6.0684423E-01   6.0000727E-01   5.9322938E-01   5.8651021E-01   5.7984941E-01   5.7324661E-01   5.6670147E-01   5.6021365E-01   5.5378278E-01   5.4740853E-01   5.4109055E-01   5.3482849E-01   5.2862202E-01   5.2247077E-01   5.1637443E-01   5.1033264E-01   5.0434507E-01   4.9841138E-01   4.9253123E-01   4.8670428E-01   4.8093021E-01   4.7520868E-01   4.6953935E-01   4.6392190E-01   4.5835600E-01   4.5284132E-01   4.4737752E-01   4.4196429E-01   4.3660130E-01   4.3128823E-01   4.2602475E-01   4.2081054E-01   4.1564528E-01
   1.2191477E+00   1.2074829E+00   1.1959037E+00   1.1844096E+00   1.1730001E+00   1.1616750E+00   1.1504336E+00   1.1392756E+00   1.1282006E+00   1.1172081E+00   1.1062978E+00   1.0954691E+00   1.0847216E+00   1.0740550E+00   1.0634688E+00   1.0529626E+00   1.0425360E+00   1.0321885E+00   1.0219198E+00   1.0117293E+00   1.0016168E+00   9.9158178E-01   9.8162382E-01   9.7174252E-01   9.6193749E-01   9.5220830E-01   9.4255456E-01   9.3297585E-01   9.2347177E-01   9.1404191E-01   9.0468589E-01   8.9540328E-01   8.8619370E-01   8.7705674E-01   8.6799201E-01   8.5899911E-01   8.5007765E-01   8.4122723E-01   8.3244745E-01   8.2373794E-01   8.1509829E-01   8.0652811E-01   7.9802703E-01   7.8959465E-01   7.8123059E-01   7.7293446E-01   7.6470588E-01   7.5654448E-01   7.4844985E-01   7.4042164E-01   7.3245946E-01   7.2456293E-01   7.1673168E-01   7.0896532E-01   7.0126350E-01   6.9362584E-01   6.8605196E-01   6.7854150E-01   6.7109408E-01   6.6370935E-01   6.5638692E-01   6.4912645E-01   6.4192756E-01   6.3478989E-01   6.2771309E-01   6.2069678E-01   6.1374061E-01   6.0684423E-01   6.0000727E-01   5.9322938E-01   5.8651021E-01   5.7984941E-01   5.7324661E-01   5.6670147E-01   5.6021365E-01   5.5378278E-01   5.4740853E-01   5.4109055E-01   5.3482849E-01   5.2862202E-01   5.2247077E-01   5.1637443E-01   5.1033264E-01   5.0434507E-01   4.9841138E-01   4.9253123E-01   4.8670428E-01   4.8093021E-01   4.7520868E-01   4.6953935E-01   4.6392190E-01   4.5835600E-01   4.5284132E-01   4.4737752E-01   4.4196429E-01   4.3660130E-01   4.3128823E-01   4.2602475E-01   4.2081054E-01   4.1564528E-01
   1.2191477E+00   1.2074829E+00   1.1959037E+00   1.1844096E+00   1.1730001E+00   1.1616750E+00   1.1504336E+00   1.1392756E+00   1.1282006E+00   1.1172081E+00   1.1062978E+00   1.0954691E+00   1.0847216E+00   1.0740550E+00   1.0634688E+00   1.0529626E+00   1.0425360E+00   1.0321885E+00   1.0219198E+00   1.0117293E+00   1.0016168E+00   9.9158178E-01   9.8162382E-01   9.7174252E-01   9.6193749E-01   9.5220830E-01   9.4255456E-01   9.3297585E-01   9.2347177E-01   9.1404191E-01   9.0468589E-01   8.9540328E-01   8.8619370E-01   8.7705674E-01   8.6799201E-01   8.5899911E-01   8.5007765E-01   8.4122723E-01   8.3244745E-01   8.2373794E-01   8.1509829E-01   8.0652811E-01   7.9802703E-01   7.8959465E-01   7.8123059E-01   7.7293446E-01   7.6470588E-01   7.5654448E-01   7.4844985E-01   7.4042164E-01   7.3245946E-01   7.2456293E-01   7.1673168E-01   7.0896532E-01   7.0126350E-01   6.9362584E-01   6.8605196E-01   6.7854150E-01   6.7109408E-01   6.6370935E-01   6.5638692E-01   6.4912645E-01   6.4192756E-01   6.3478989E-01   6.2771309E-01   6.2069678E-01   6.1374061E-01   6.0684423E-01   6.0000727E-01   5.9322938E-01   5.8651021E-01   5.7984941E-01   5.7324661E-01   5.6670147E-01   5.6021365E-01   5.5378278E-01   5.4740853E-01   5.4109055E-01   5.3482849E-01   5.2862202E-01   5.2247077E-01   5.1637443E-01   5.1033264E-01   5.0434507E-01   4.9841138E-01   4.9253123E-01   4.8670428E-01   4.8093021E-01   4.7520868E-01   4.6953935E-01   4.6392190E-01   4.5835600E-01   4.5284132E-01   4.4737752E-01   4.4196429E-01   4.3660130E-01   4.3128823E-01   4.2602475E-01   4.2081054E-01   4.1564528E-01
   1.2191477E+00   1.2074829E+00   1.1959037E+00   1.1844096E+00   1.1730001E+00   1.1616750E+00   1.1504336E+00   1.1392756E+00   1.1282006E+00   1.1172081E+00   1.1062978E+00   1.0954691E+00   1.0847216E+00   1.0740550E+00   1.0634688E+00   1.0529626E+00   1.0425360E+00   1.0321885E+00   1.0219198E+00   1.0117293E+00   1.0016168E+00   9.9158178E-01   9.8162382E-01   9.7174252E-01   9.6193749E-01   9.5220830E-01   9.4255456E-01   9.3297585E-01   9.2347177E-01   9.1404191E-01   9.0468589E-01   8.9540328E-01   8.8619370E-01   8.7705674E-01   8.6799201E-01   8.5899911E-01   8.5007765E-01   8.4122723E-01   8.3244745E-01   8.2373794E-01   8.1509829E-01   8.0652811E-01   7.9802703E-01   7.8959465E-01   7.8123059E-01   7.7293446E-01   7.6470588E-01   7.5654448E-01   7.4844985E-01   7.4042164E-01   7.3245946E-01   7.2456293E-01   7.1673168E-01   7.0896532E-01   7.0126350E-01   6.9362584E-01   6.8605196E-01   6.7854150E-01   6.7109408E-01   6.6370935E-01   6.5638692E-01   6.4912645E-01   6.4192756E-01   6.3478989E-01   6.2771309E-01   6.2069678E-01   6.1374061E-01   6.0684423E-01   6.0000727E-01   5.9322938E-01   5.8651021E-01   5.7984941E-01   5.7324661E-01   5.6670147E-01   5.6021365E-01   5.5378278E-01   5.4740853E-01   5.4109055E-01   5.3482849E-01   5.2862202E-01   5.2247077E-01   5.1637443E-01   5.1033264E-01   5.0434507E-01   4.9841138E-01   4.9253123E-01   4.8670428E-01   4.8093021E-01   4.7520868E-01   4.6953935E-01   4.6392190E-01   4.5835600E-01   4.5284132E-01   4.4737752E-01   4.4196429E-01   4.3660130E-01   4.3128823E-01   4.2602475E-01   4.2081054E-01   4.1564528E-01
   1.2191477E+00   1.2074829E+00   1.1959037E+00   1.1844096E+00   1.1730001E+00   1.1616750E+00   1.1504336E+00   1.1392756E+00   1.1282006E+00   1.1172081E+00   1.1062978E+00   1.0954691E+00   1.0847216E+00   1.0740550E+00   1.0634688E+00   1.0529626E+00   1.0425360E+00   1.0321885E+00   1.0219198E+00   1.0117293E+00   1.0016168E+00   9.9158178E-01   9.8162382E-01   9.7174252E-01   9.6193749E-01   9.5220830E-01   9.4255456E-01   9.3297585E-01   9.2347177E-01   9.1404191E-01   9.0468589E-01   8.9540328E-01   8.8619370E-01   8.7705674E-01   8.6799201E-01   8.5899911E-01   8.5007765E-01   8.4122723E-01   8.3244745E-01   8.2373794E-01   8.1509829E-01   8.0652811E-01   7.9802703E-01   7.8959465E-01   7.8123059E-01   7.7293446E-01   7.6470588E-01   7.5654448E-01   7.4844985E-01   7.4042164E-01   7.3245946E-01   7.2456293E-01   7.1673168E-01   7.0896532E-01   7.0126350E-01   6.9362584E-01   6.8605196E-01   6.7854150E-01   6.7109408E-01   6.6370935E-01   6.5638692E-01   6.4912645E-01   6.4192756E-01   6.3478989E-01   6.2771309E-01   6.2069678E-01   6.1374061E-01   6.0684423E-01   6.0000727E-01   5.9322938E-01   5.8651021E-01   5.7984941E-01   5.7324661E-01   5.6670147E-01   5.6021365E-01   5.5378278E-01   5.4740853E-01   5.4109055E-01   5.3482849E-01   5.2862202E-01   5.2247077E-01   5.1637443E-01   5.1033264E-01   5.0434507E-01   4.9841138E-01   4.9253123E-01   4.8670428E-01   4.8093021E-01   4.7520868E-01   4.6953935E-01   4.6392190E-01   4.5835600E-01   4.5284132E-01   4.4737752E-01   4.4196429E-01   4.3660130E-01   4.3128823E-01   4.2602475E-01   4.2081054E-01   4.1564528E-01
   1.2191477E+00   1.2074829E+00   1.1959037E+00   1.1844096E+00   1.1730001E+00   1.1616750E+00   1.1504336E+00   1.1392756E+00   1.1282006E+00   1.1172081E+00   1.1062978E+00   1.0954691E+00   1.0847216E+00   1.0740550E+00   1.0634688E+00   1.0529626E+00   1.0425360E+00   1.0321885E+00   1.0219198E+00   1.0117293E+00   1.0016168E+00   9.9158178E-01   9.8162382E-01   9.7174252E-01   9.6193749E-01   9.5220830E-01   9.4255456E-01   9.3297585E-01   9.2347177E-01   9.1404191E-01   9.0468589E-01   8.9540328E-01   8.8619370E-01   8.7705674E-01   8.6799201E-01   8.5899911E-01   8.5007765E-01   8.4122723E-01   8.3244745E-01   8.2373794E-01   8.1509829E-01   8.0652811E-01   7.9802703E-01   7.8959465E-01   7.8123059E-01   7.7293446E-01   7.6470588E-01   7.5654448E-01   7.4844985E-01   7.4042164E-01   7.3245946E-01   7.2456293E-01   7.1673168E-01   7.0896532E-01   7.0126350E-01   6.9362584E-01   6.8605196E-01   6.7854150E-01   6.7109408E-01   6.6370935E-01   6.5638692E-01   6.4912645E-01   6.4192756E-01   6.3478989E-01   6.2771309E-01   6.2069678E-01   6.1374061E-01   6.0684423E-01   6.0000727E-01   5.9322938E-01   5.8651021E-01   5.7984941E-01   5.7324661E-01   5.6670147E-01   5.6021365E-01   5.5378278E-01   5.4740853E-01   5.4109055E-01   5.3482849E-01   5.2862202E-01   5.2247077E-01   5.1637443E-01   5.1033264E-01   5.0434507E-01   4.9841138E-01   4.9253123E-01   4.8670428E-01   4.8093021E-01   4.7520868E-01   4.6953935E-01   4.6392190E-01   4.5835600E-01   4.5284132E-01   4.4737752E-01   4.4196429E-01   4.3660130E-01   4.3128823E-01   4.2602475E-01   4.2081054E-01   4.1564528E-01
   1.2191477E+00   1.2074829E+00   1.1959037E+00   1.1844096E+00   1.1730001E+00   1.1616750E+00   1.1504336E+00   1.1392756E+00   1.1282006E+00   1.1172081E+00   1.1062978E+00   1.0954691E+00   1.0847216E+00   1.0740550E+00   1.0634688E+00   1.0529626E+00   1.0425360E+00   1.0321885E+00   1.0219198E+00   1.0117293E+00   1.0016168E+00   9.9158178E-01   9.8162382E-01   9.7174252E-01   9.6193749E-01   9.5220830E-01   9.4255456E-01   9.3297585E-01   9.2347177E-01   9.1404191E-01   9.0468589E-01   8.9540328E-01   8.8619370E-01   8.7705674E-01   8.6799201E-01   8.5899911E-01   8.5007765E-01   8.4122723E-01   8.3244745E-01   8.2373794E-01   8.1509829E-01   8.0652811E-01   7.9802703E-01   7.8959465E-01   7.8123059E-01   7.7293446E-01   7.6470588E-01   7.5654448E-01   7.4844985E-01   7.4042164E-01   7.3245946E-01   7.2456293E-01   7.1673168E-01   7.0896532E-01   7.0126350E-01   6.9362584E-01   6.8605196E-01   6.7854150E-01   6.7109408E-01   6.6370935E-01   6.5638692E-01   6.4912645E-01   6.4192756E-01   6.3478989E-01   6.2771309E-01   6.2069678E-01   6.1374061E-01   6.0684423E-01   6.0000727E-01   5.9322938E-01   5.8651021E-01   5.7984941E-01   5.7324661E-01   5.6670147E-01   5.6021365E-01   5.5378278E-01   5.4740853E-01   5.4109055E-01   5.3482849E-01   5.2862202E-01   5.2247077E-01   5.1637443E-01   5.1033264E-01   5.0434507E-01   4.9841138E-01   4.9253123E-01   4.8670428E-01   4.8093021E-01   4.7520868E-01   4.6953935E-01   4.6392190E-01   4.5835600E-01   4.5284132E-01   4.4737752E-01   4.4196429E-01   4.3660130E-01   4.3128823E-01   4.2602475E-01   4.2081054E-01   4.1564528E-01
   1.2191477E+00   1.2074829E+00   1.1959037E+00   1.1844096E+00   1.1730001E+00   1.1616750E+00   1.1504336E+00   1.1392756E+00   1.1282006E+00   1.1172081E+00   1.1062978E+00   1.0954691E+00   1.0847216E+00   1.0740550E+00   1.0634688E+00   1.0529626E+00   1.0425360E+00   1.0321885E+00   1.0219198E+00   1.0117293E+00   1.0016168E+00   9.9158178E-01   9.8162382E-01   9.7174252E-01   9.6193749E-01   9.5220830E-01   9.4255456E-01   9.3297585E-01   9.2347177E-01   9.1404191E-01   9.0468589E-01   8.9540328E-01   8.8619370E-01   8.7705674E-01   8.6799201E-01   8.5899911E-01   8.5007765E-01   8.4122723E-01   8.3244745E-01   8.2373794E-01   8.1509829E-01   8.0652811E-01   7.9802703E-01   7.8959465E-01   7.8123059E-01   7.7293446E-01   7.6470588E-01   7.5654448E-01   7.4844985E-01   7.4042164E-01   7.3245946E-01   7.2456293E-01   7.1673168E-01   7.0896532E-01   7.0126350E-01   6.9362584E-01   6.8605196E-01   6.7854150E-01   6.7109408E-01   6.6370935E-01   6.5638692E-01   6.4912645E-01   6.4192756E-01   6.3478989E-01   6.2771309E-01   6.2069678E-01   6.1374061E-01   6.0684423E-01   6.0000727E-01   5.9322938E-01   5.8651021E-01   5.7984941E-01   5.7324661E-01   5.6670147E-01   5.6021365E-01   5.5378278E-01   5.4740853E-01   5.4109055E-01   5.3482849E-01   5.2862202E-01   5.2247077E-01   5.1637443E-01   5.1033264E-01   5.0434507E-01   4.9841138E-01   4.9253123E-01   4.8670428E-01   4.8093021E-01   4.7520868E-01   4.6953935E-01   4.6392190E-01   4.5835600E-01   4.5284132E-01   4.4737752E-01   4.4196429E-01   4.3660130E-01   4.3128823E-01   4.2602475E-01   4.2081054E-01   4.1564528E-01
   1.2191477E+00   1.2074829E+00   1.1959037E+00   1.1844096E+00   1.1730001E+00   1.1616750E+00   1.1504336E+00   1.1392756E+00   1.1282006E+00   1.1172081E+00   1.1062978E+00   1.0954691E+00   1.0847216E+00   1.0740550E+00   1.0634688E+00   1.0529626E+00   1.0425360E+00   1.0321885E+00   1.0219198E+00   1.0117293E+00   1.0016168E+00   9.9158178E-01   9.8162382E-01   9.7174252E-01   9.6193749E-01   9.5220830E-01   9.4255456E-01   9.3297585E-01   9.2347177E-01   9.1404191E-01   9.0468589E-01   8.9540328E-01   8.8619370E-01   8.7705674E-01   8.6799201E-01   8.5899911E-01   8.5007765E-01   8.4122723E-01   8.3244745E-01   8.2373794E-01   8.1509829E-01   8.0652811E-01   7.9802703E-01   7.8959465E-01   7.8123059E-01   7.7293446E-01   7.6470588E-01   7.5654448E-01   7.4844985E-01   7.4042164E-01   7.3245946E-01   7.2456293E-01   7.1673168E-01   7.0896532E-01   7.0126350E-01   6.9362584E-01   6.8605196E-01   6.7854150E-01   6.7109408E-01   6.6370935E-01   6.5638692E-01   6.4912645E-01   6.4192756E-01   6.3478989E-01   6.2771309E-01   6.2069678E-01   6.1374061E-01   6.0684423E-01   6.0000727E-01   5.9322938E-01   5.8651021E-01   5.7984941E-01   5.7324661E-01   5.6670147E-01   5.6021365E-01   5.5378278E-01   5.4740853E-01   5.4109055E-01   5.3482849E-01   5.2862202E-01   5.2247077E-01   5.1637443E-01   5.1033264E-01   5.0434507E-01   4.9841138E-01   4.9253123E-01   4.8670428E-01   4.8093021E-01   4.7520868E-01   4.6953935E-01   4.6392190E-01   4.5835600E-01   4.5284132E-01   4.4737752E-01   4.4196429E-01   4.3660130E-01   4.3128823E-01   4.2602475E-01   4.2081054E-01   4.1564528E-01
   1.2191477E+00   1.2074829E+00   1.1959037E+00   1.1844096E+00   1.1730001E+00   1.1616750E+00   1.1504336E+00   1.1392756E+00   1.1282006E+00   1.1172081E+00   1.1062978E+00   1.0954691E+00   1.0847216E+00   1.0740550E+00   1.0634688E+00   1.0529626E+00   1.0425360E+00   1.0321885E+00   1.0219198E+00   1.0117293E+00   1.0016168E+00   9.9158178E-01   9.8162382E-01   9.7174252E-01   9.6193749E-01   9.5220830E-01   9.4255456E-01   9.3297585E-01   9.2347177E-01   9.1404191E-01   9.0468589E-01   8.9540328E-01   8.8619370E-01   8.7705674E-01   8.6799201E-01   8.5899911E-01   8.5007765E-01   8.4122723E-01   8.3244745E-01   8.2373794E-01   8.1509829E-01   8.0652811E-01   7.9802703E-01   7.8959465E-01   7.8123059E-01   7.7293446E-01   7.6470588E-01   7.5654448E-01   7.4844985E-01   7.4042164E-01   7.3245946E-01   7.2456293E-01   7.1673168E-01   7.0896532E-01   7.0126350E-01   6.9362584E-01   6.8605196E-01   6.7854150E-01   6.7109408E-01   6.6370935E-01   6.5638692E-01   6.4912645E-01   6.4192756E-01   6.3478989E-01   6.2771309E-01   6.2069678E-01   6.1374061E-01   6.0684423E-01   6.0000727E-01   5.9322938E-01   5.8651021E-01   5.7984941E-01   5.7324661E-01   5.6670147E-01   5.6021365E-01   5.5378278E-01   5.4740853E-01   5.4109055E-01   5.3482849E-01   5.2862202E-01   5.2247077E-01   5.1637443E-01   5.1033264E-01   5.0434507E-01   4.9841138E-01   4.9253123E-01   4.8670428E-01   4.8093021E-01   4.7520868E-01   4.6953935E-01   4.6392190E-01   4.5835600E-01   4.5284132E-01   4.4737752E-01   4.4196429E-01   4.3660130E-01   4.3128823E-01   4.2602475E-01   4.2081054E-01   4.1564528E-01
   1.2191477E+00   1.2074829E+00   1.1959037E+00   1.1844096E+00   1.1730001E+00   1.1616750E+00   1.1504336E+00   1.1392756E+00   1.1282006E+00   1.1172081E+00   1.1062978E+00   1.0954691E+00   1.0847216E+00   1.0740550E+00   1.0634688E+00   1.0529626E+00   1.0425360E+00   1.0321885E+00   1.0219198E+00   1.0117293E+00   1.0016168E+00   9.9158178E-01   9.8162382E-01   9.7174252E-01   9.6193749E-01   9.5220830E-01   9.4255456E-01   9.3297585E-01   9.2347177E-01   9.1404191E-01   9.0468589E-01   8.9540328E-01   8.8619370E-01   8.7705674E-01   8.6799201E-01   8.5899911E-01   8.5007765E-01   8.4122723E-01   8.3244745E-01   8.2373794E-01   8.1509829E-01   8.0652811E-01   7.9802703E-01   7.8959465E-01   7.8123059E-01   7.7293446E-01   7.6470588E-01   7.5654448E-01   7.4844985E-01   7.4042164E-01   7.3245946E-01   7.2456293E-01   7.1673168E-01   7.0896532E-01   7.0126350E-01   6.9362584E-01   6.8605196E-01   6.7854150E-01   6.7109408E-01   6.6370935E-01   6.5638692E-01   6.4912645E-01   6.4192756E-01   6.3478989E-01   6.2771309E-01   6.2069678E-01   6.1374061E-01   6.0684423E-01   6.0000727E-01   5.9322938E-01   5.8651021E-01   5.7984941E-01   5.7324661E-01   5.6670147E-01   5.6021365E-01   5.5378278E-01   5.4740853E-01   5.4109055E-01   5.3482849E-01   5.2862202E-01   5.2247077E-01   5.1637443E-01   5.1033264E-01   5.0434507E-01   4.9841138E-01   4.9253123E-01   4.8670428E-01   4.8093021E-01   4.7520868E-01   4.6953935E-01   4.6392190E-01   4.5835600E-01   4.5284132E-01   4.4737752E-01   4.4196429E-01   4.3660130E-01   4.3128823E-01   4.2602475E-01   4.2081054E-01   4.1564528E-01
   1.2191477E+00   1.2074829E+00   1.1959037E+00   1.1844096E+00   1.1730001E+00   1.1616750E+00   1.1504336E+00   1.1392756E+00   1.1282006E+00   1.1172081E+00   1.1062978E+00   1.0954691E+00   1.0847216E+00   1.0740550E+00   1.0634688E+00   1.0529626E+00   1.0425360E+00   1.0321885E+00   1.0219198E+00   1.0117293E+00   1.0016168E+00   9.9158178E-01   9.8162382E-01   9.7174252E-01   9.6193749E-01   9.5220830E-01   9.4255456E-01   9.3297585E-01   9.2347177E-01   9.1404191E-01   9.0468589E-01   8.9540328E-01   8.8619370E-01   8.7705674E-01   8.6799201E-01   8.5899911E-01   8.5007765E-01   8.4122723E-01   8.3244745E-01   8.2373794E-01   8.1509829E-01   8.0652811E-01   7.9802703E-01   7.8959465E-01   7.8123059E-01   7.7293446E-01   7.6470588E-01   7.5654448E-01   7.4844985E-01   7.4042164E-01   7.3245946E-01   7.2456293E-01   7.1673168E-01   7.0896532E-01   7.0126350E-01   6.9362584E-01   6.8605196E-01   6.7854150E-01   6.7109408E-01   6.6370935E-01   6.5638692E-01   6.4912645E-01   6.4192756E-01   6.3478989E-01   6.2771309E-01   6.2069678E-01   6.1374061E-01   6.0684423E-01   6.0000727E-01   5.9322938E-01   5.8651021E-01   5.7984941E-01   5.7324661E-01   5.6670147E-01   5.6021365E-01   5.5378278E-01   5.4740853E-01   5.4109055E-01   5.3482849E-01   5.2862202E-01   5.2247077E-01   5.1637443E-01   5.1033264E-01   5.0434507E-01   4.9841138E-01   4.9253123E-01   4.8670428E-01   4.8093021E-01   4.7520868E-01   4.6953935E-01   4.6392190E-01   4.5835600E-01   4.5284132E-01   4.4737752E-01   4.4196429E-01   4.3660130E-01   4.3128823E-01   4.2602475E-01   4.2081054E-01   4.1564528E-01
   1.2191477E+00   1.2074829E+00   1.1959037E+00   1.1844096E+00   1.1730001E+00   1.1616750E+00   1.1504336E+00   1.1392756E+00   1.1282006E+00   1.1172081E+00   1.1062978E+00   1.0954691E+00   1.0847216E+00   1.0740550E+00   1.0634688E+00   1.0529626E+00   1.0425360E+00   1.0321885E+00   1.0219198E+00   1.0117293E+00   1.0016168E+00   9.9158178E-01   9.8162382E-01   9.7174252E-01   9.6193749E-01   9.5220830E-01   9.4255456E-01   9.3297585E-01   9.2347177E-01   9.1404191E-01   9.0468589E-01   8.9540328E-01   8.8619370E-01   8.7705674E-01   8.6799201E-01   8.5899911E-01   8.5007765E-01   8.4122723E-01   8.3244745E-01   8.2373794E-01   8.1509829E-01   8.0652811E-01   7.9802703E-01   7.8959465E-01   7.8123059E-01   7.7293446E-01   7.6470588E-01   7.5654448E-01   7.4844985E-01   7.4042164E-01   7.3245946E-01   7.2456293E-01   7.1673168E-01   7.0896532E-01   7.0126350E-01   6.9362584E-01   6.8605196E-01   6.7854150E-01   6.7109408E-01   6.6370935E-01   6.5638692E-01   6.4912645E-01   6.4192756E-01   6.3478989E-01   6.2771309E-01   6.2069678E-01   6.1374061E-01   6.0684423E-01   6.0000727E-01   5.9322938E-01   5.8651021E-01   5.7984941E-01   5.7324661E-01   5.6670147E-01   5.6021365E-01   5.5378278E-01   5.4740853E-01   5.4109055E-01   5.3482849E-01   5.2862202E-01   5.2247077E-01   5.1637443E-01   5.1033264E-01   5.0434507E-01   4.9841138E-01   4.9253123E-01   4.8670428E-01   4.8093021E-01   4.7520868E-01   4.6953935E-01   4.6392190E-01   4.5835600E-01   4.5284132E-01   4.4737752E-01   4.4196429E-01   4.3660130E-01   4.3128823E-01   4.2602475E-01   4.2081054E-01   4.1564528E-01
   1.2191477E+00   1.2074829E+00   1.1959037E+00   1.1844096E+00   1.1730001E+00   1.1616750E+00   1.1504336E+00   1.1392756E+00   1.1282006E+00   1.1172081E+00   1.1062978E+00   1.0954691E+00   1.0847216E+00   1.0740550E+00   1.0634688E+00   1.0529626E+00   1.0425360E+00   1.0321885E+00   1.0219198E+00   1.0117293E+00   1.0016168E+00   9.9158178E-01   9.8162382E-01   9.7174252E-01   9.6193749E-01   9.5220830E-01   9.4255456E-01   9.3297585E-01   9.2347177E-01   9.1404191E-01   9.0468589E-01   8.9540328E-01   8.8619370E-01   8.7705674E-01   8.6799201E-01   8.5899911E-01   8.5007765E-01   8.4122723E-01   8.3244745E-01   8.2373794E-01   8.1509829E-01   8.0652811E-01   7.9802703E-01   7.8959465E-01   7.8123059E-01   7.7293446E-01   7.6470588E-01   7.5654448E-01   7.4844985E-01   7.4042164E-01   7.3245946E-01   7.2456293E-01   7.1673168E-01   7.0896532E-01   7.0126350E-01   6.9362584E-01   6.8605196E-01   6.7854150E-01   6.7109408E-01   6.6370935E-01   6.5638692E-01   6.4912645E-01   6.4192756E-01   6.3478989E-01   6.2771309E-01   6.2069678E-01   6.1374061E-01   6.0684423E-01   6.0000727E-01   5.9322938E-01   5.8651021E-01   5.7984941E-01   5.7324661E-01   5.6670147E-01   5.6021365E-01   5.5378278E-01   5.4740853E-01   5.4109055E-01   5.3482849E-01   5.2862202E-01   5.2247077E-01   5.1637443E-01   5.1033264E-01   5.0434507E-01   4.9841138E-01   4.9253123E-01   4.8670428E-01   4.8093021E-01   4.7520868E-01   4.6953935E-01   4.6392190E-01   4.5835600E-01   4.5284132E-01   4.4737752E-01   4.4196429E-01   4.3660130E-01   4.3128823E-01   4.2602475E-01   4.2081054E-01   4.1564528E-01
   1.2191477E+00   1.2074829E+00   1.1959037E+00   1.1844096E+00   1.1730001E+00   1.1616750E+00   1.1504336E+00   1.1392756E+00   1.1282006E+00   1.1172081E+00   1.1062978E+00   1.0954691E+00   1.0847216E+00   1.0740550E+00   1.0634688E+00   1.0529626E+00   1.0425360E+00   1.0321885E+00   1.0219198E+00   1.0117293E+00   1.0016168E+00   9.9158178E-01   9.8162382E-01   9.7174252E-01   9.6193749E-01   9.5220830E-01   9.4255456E-01   9.3297585E-01   9.2347177E-01   9.1404191E-01   9.0468589E-01   8.9540328E-01   8.8619370E-01   8.7705674E-01   8.6799201E-01   8.5899911E-01   8.5007765E-01   8.4122723E-01   8.3244745E-01   8.2373794E-01   8.1509829E-01   8.0652811E-01   7.9802703E-01   7.8959465E-01   7.8123059E-01   7.7293446E-01   7.6470588E-01   7.5654448E-01   7.4844985E-01   7.4042164E-01   7.3245946E-01   7.2456293E-01   7.1673168E-01   7.0896532E-01   7.0126350E-01   6.9362584E-01   6.8605196E-01   6.7854150E-01   6.7109408E-01   6.6370935E-01   6.5638692E-01   6.4912645E-01   6.4192756E-01   6.3478989E-01   6.2771309E-01   6.2069678E-01   6.1374061E-01   6.0684423E-01   6.0000727E-01   5.9322938E-01   5.8651021E-01   5.7984941E-01   5.7324661E-01   5.6670147E-01   5.6021365E-01   5.5378278E-01   5.4740853E-01   5.4109055E-01   5.3482849E-01   5.2862202E-01   5.2247077E-01   5.1637443E-01   5.1033264E-01   5.0434507E-01   4.9841138E-01   4.9253123E-01   4.8670428E-01   4.8093021E-01   4.7520868E-01   4.6953935E-01   4.6392190E-01   4.5835600E-01   4.5284132E-01   4.4737752E-01   4.4196429E-01   4.3660130E-01   4.3128823E-01   4.2602475E-01   4.2081054E-01   4.1564528E-01
   1.2191477E+00   1.2074829E+00   1.1959037E+00   1.1844096E+00   1.1730001E+00   1.1616750E+00   1.1504336E+00   1.1392756E+00   1.1282006E+00   1.1172081E+00   1.1062978E+00   1.0954691E+00   1.0847216E+00   1.0740550E+00   1.0634688E+00   1.0529626E+00   1.0425360E+00   1.0321885E+00   1.0219198E+00   1.0117293E+00   1.0016168E+00   9.9158178E-01   9.8162382E-01   9.7174252E-01   9.6193749E-01   9.5220830E-01   9.4255456E-01   9.3297585E-01   9.2347177E-01   9.1404191E-01   9.0468589E-01   8.9540328E-01   8.8619370E-01   8.7705674E-01   8.6799201E-01   8.5899911E-01   8.5007765E-01   8.4122723E-01   8.3244745E-01   8.2373794E-01   8.1509829E-01   8.0652811E-01   7.9802703E-01   7.8959465E-01   7.8123059E-01   7.7293446E-01   7.6470588E-01   7.5654448E-01   7.4844985E-01   7.4042164E-01   7.3245946E-01   7.2456293E-01   7.1673168E-01   7.0896532E-01   7.0126350E-01   6.9362584E-01   6.8605196E-01   6.7854150E-01   6.7109408E-01   6.6370935E-01   6.5638692E-01   6.4912645E-01   6.4192756E-01   6.3478989E-01   6.2771309E-01   6.2069678E-01   6.1374061E-01   6.0684423E-01   6.0000727E-01   5.9322938E-01   5.8651021E-01   5.7984941E-01   5.7324661E-01   5.6670147E-01   5.6021365E-01   5.5378278E-01   5.4740853E-01   5.4109055E-01   5.3482849E-01   5.2862202E-01   5.2247077E-01   5.1637443E-01   5.1033264E-01   5.0434507E-01   4.9841138E-01   4.9253123E-01   4.8670428E-01   4.8093021E-01   4.7520868E-01   4.6953935E-01   4.6392190E-01   4.5835600E-01   4.5284132E-01   4.4737752E-01   4.4196429E-01   4.3660130E-01   4.3128823E-01   4.2602475E-01   4.2081054E-01   4.1564528E-01
   1.2191477E+00   1.2074829E+00   1.1959037E+00   1.1844096E+00   1.1730001E+00   1.1616750E+00   1.1504336E+00   1.1392756E+00   1.1282006E+00   1.1172081E+00   1.1062978E+00   1.0954691E+00   1.0847216E+00   1.0740550E+00   1.0634688E+00   1.0529626E+00   1.0425360E+00   1.0321885E+00   1.0219198E+00   1.0117293E+00   1.0016168E+00   9.9158178E-01   9.8162382E-01   9.7174252E-01   9.6193749E-01   9.5220830E-01   9.4255456E-01   9.3297585E-01   9.2347177E-01   9.1404191E-01   9.0468589E-01   8.9540328E-01   8.8619370E-01   8.7705674E-01   8.6799201E-01   8.5899911E-01   8.5007765E-01   8.4122723E-01   8.3244745E-01   8.2373794E-01   8.1509829E-01   8.0652811E-01   7.9802703E-01   7.8959465E-01   7.8123059E-01   7.7293446E-01   7.6470588E-01   7.5654448E-01   7.4844985E-01   7.4042164E-01   7.3245946E-01   7.2456293E-01   7.1673168E-01   7.0896532E-01   7.0126350E-01   6.9362584E-01   6.8605196E-01   6.7854150E-01   6.7109408E-01   6.6370935E-01   6.5638692E-01   6.4912645E-01   6.4192756E-01   6.3478989E-01   6.2771309E-01   6.2069678E-01   6.1374061E-01   6.0684423E-01   6.0000727E-01   5.9322938E-01   5.8651021E-01   5.7984941E-01   5.7324661E-01   5.6670147E-01   5.6021365E-01   5.5378278E-01   5.4740853E-01   5.4109055E-01   5.3482849E-01   5.2862202E-01   5.2247077E-01   5.1637443E-01   5.1033264E-01   5.0434507E-01   4.9841138E-01   4.9253123E-01   4.8670428E-01   4.8093021E-01   4.7520868E-01   4.6953935E-01   4.6392190E-01   4.5835600E-01   4.5284132E-01   4.4737752E-01   4.4196429E-01   4.3660130E-01   4.3128823E-01   4.2602475E-01   4.2081054E-01   4.1564528E-01
   1.2191477E+00   1.2074829E+00   1.1959037E+00   1.1844096E+00   1.1730001E+00   1.1616750E+00   1.1504336E+00   1.1392756E+00   1.1282006E+00   1.1172081E+00   1.1062978E+00   1.0954691E+00   1.0847216E+00   1.0740550E+00   1.0634688E+00   1.0529626E+00   1.0425360E+00   1.0321885E+00   1.0219198E+00   1.0117293E+00   1.0016168E+00   9.9158178E-01   9.8162382E-01   9.7174252E-01   9.6193749E-01   9.5220830E-01   9.4255456E-01   9.3297585E-01   9.2347177E-01   9.1404191E-01   9.0468589E-01   8.9540328E-01   8.8619370E-01   8.7705674E-01   8.6799201E-01   8.5899911E-01   8.5007765E-01   8.4122723E-01   8.3244745E-01   8.2373794E-01   8.1509829E-01   8.0652811E-01   7.9802703E-01   7.8959465E-01   7.8123059E-01   7.7293446E-01   7.6470588E-01   7.5654448E-01   7.4844985E-01   7.4042164E-01   7.3245946E-01   7.2456293E-01   7.1673168E-01   7.0896532E-01   7.0126350E-01   6.9362584E-01   6.8605196E-01   6.7854150E-01   6.7109408E-01   6.6370935E-01   6.5638692E-01   6.4912645E-01   6.4192756E-01   6.3478989E-01   6.2771309E-01   6.2069678E-01   6.1374061E-01   6.0684423E-01   6.0000727E-01   5.9322938E-01   5.8651021E-01   5.7984941E-01   5.7324661E-01   5.6670147E-01   5.6021365E-01   5.5378278E-01   5.4740853E-01   5.4109055E-01   5.3482849E-01   5.2862202E-01   5.2247077E-01   5.1637443E-01   5.1033264E-01   5.0434507E-01   4.9841138E-01   4.9253123E-01   4.8670428E-01   4.8093021E-01   4.7520868E-01   4.6953935E-01   4.6392190E-01   4.5835600E-01   4.5284132E-01   4.4737752E-01   4.4196429E-01   4.3660130E-01   4.3128823E-01   4.2602475E-01   4.2081054E-01   4.1564528E-01
   1.2191477E+00   1.2074829E+00   1.1959037E+00   1.1844096E+00   1.1730001E+00   1.1616750E+00   1.1504336E+00   1.1392756E+00   1.1282006E+00   1.1172081E+00   1.1062978E+00   1.0954691E+00   1.0847216E+00   1.0740550E+00   1.0634688E+00   1.0529626E+00   1.0425360E+00   1.0321885E+00   1.0219198E+00   1.0117293E+00   1.0016168E+00   9.9158178E-01   9.8162382E-01   9.7174252E-01   9.6193749E-01   9.5220830E-01   9.4255456E-01   9.3297585E-01   9.2347177E-01   9.1404191E-01   9.0468589E-01   8.9540328E-01   8.8619370E-01   8.7705674E-01   8.6799201E-01   8.5899911E-01   8.5007765E-01   8.4122723E-01   8.3244745E-01   8.2373794E-01   8.1509829E-01   8.0652811E-01   7.9802703E-01   7.8959465E-01   7.8123059E-01   7.7293446E-01   7.6470588E-01   7.5654448E-01   7.4844985E-01   7.4042164E-01   7.3245946E-01   7.2456293E-01   7.1673168E-01   7.0896532E-01   7.0126350E-01   6.9362584E-01   6.8605196E-01   6.7854150E-01   6.7109408E-01   6.6370935E-01   6.5638692E-01   6.4912645E-01   6.4192756E-01   6.3478989E-01   6.2771309E-01   6.2069678E-01   6.1374061E-01   6.0684423E-01   6.0000727E-01   5.9322938E-01   5.8651021E-01   5.7984941E-01   5.7324661E-01   5.6670147E-01   5.6021365E-01   5.5378278E-01   5.4740853E-01   5.4109055E-01   5.3482849E-01   5.2862202E-01   5.2247077E-01   5.1637443E-01   5.1033264E-01   5.0434507E-01   4.9841138E-01   4.9253123E-01   4.8670428E-01   4.8093021E-01   4.7520868E-01   4.6953935E-01   4.6392190E-01   4.5835600E-01   4.5284132E-01   4.4737752E-01   4.4196429E-01   4.3660130E-01   4.3128823E-01   4.2602475E-01   4.2081054E-01   4.1564528E-01
   1.2191477E+00   1.2074829E+00   1.1959037E+00   1.1844096E+00   1.1730001E+00   1.1616750E+00   1.1504336E+00   1.1392756E+00   1.1282006E+00   1.1172081E+00   1.1062978E+00   1.0954691E+00   1.0847216E+00   1.0740550E+00   1.0634688E+00   1.0529626E+00   1.0425360E+00   1.0321885E+00   1.0219198E+00   1.0117293E+00   1.0016168E+00   9.9158178E-01   9.8162382E-01   9.7174252E-01   9.6193749E-01   9.5220830E-01   9.4255456E-01   9.3297585E-01   9.2347177E-01   9.1404191E-01   9.0468589E-01   8.9540328E-01   8.8619370E-01   8.7705674E-01   8.6799201E-01   8.5899911E-01   8.5007765E-01   8.4122723E-01   8.3244745E-01   8.2373794E-01   8.1509829E-01   8.0652811E-01   7.9802703E-01   7.8959465E-01   7.8123059E-01   7.7293446E-01   7.6470588E-01   7.5654448E-01   7.4844985E-01   7.4042164E-01   7.3245946E-01   7.2456293E-01   7.1673168E-01   7.0896532E-01   7.0126350E-01   6.9362584E-01   6.8605196E-01   6.7854150E-01   6.7109408E-01   6.6370935E-01   6.5638692E-01   6.4912645E-01   6.4192756E-01   6.3478989E-01   6.2771309E-01   6.2069678E-01   6.1374061E-01   6.0684423E-01   6.0000727E-01   5.9322938E-01   5.8651021E-01   5.7984941E-01   5.7324661E-01   5.6670147E-01   5.6021365E-01   5.5378278E-01   5.4740853E-01   5.4109055E-01   5.3482849E-01   5.2862202E-01   5.2247077E-01   5.1637443E-01   5.1033264E-01   5.0434507E-01   4.9841138E-01   4.9253123E-01   4.8670428E-01   4.8093021E-01   4.7520868E-01   4.6953935E-01   4.6392190E-01   4.5835600E-01   4.5284132E-01   4.4737752E-01   4.4196429E-01   4.3660130E-01   4.3128823E-01   4.2602475E-01   4.2081054E-01   4.1564528E-01
   1.2191477E+00   1.2074829E+00   1.1959037E+00   1.1844096E+00   1.1730001E+00   1.1616750E+00   1.1504336E+00   1.1392756E+00   1.1282006E+00   1.1172081E+00   1.1062978E+00   1.0954691E+00   1.0847216E+00   1.0740550E+00   1.0634688E+00   1.0529626E+00   1.0425360E+00   1.0321885E+00   1.0219198E+00   1.0117293E+00   1.0016168E+00   9.9158178E-01   9.8162382E-01   9.7174252E-01   9.6193749E-01   9.5220830E-01   9.4255456E-01   9.3297585E-01   9.2347177E-01   9.1404191E-01   9.0468589E-01   8.9540328E-01   8.8619370E-01   8.7705674E-01   8.6799201E-01   8.5899911E-01   8.5007765E-01   8.4122723E-01   8.3244745E-01   8.2373794E-01   8.1509829E-01   8.0652811E-01   7.9802703E-01   7.8959465E-01   7.8123059E-01   7.7293446E-01   7.6470588E-01   7.5654448E-01   7.4844985E-01   7.4042164E-01   7.3245946E-01   7.2456293E-01   7.1673168E-01   7.0896532E-01   7.0126350E-01   6.9362584E-01   6.8605196E-01   6.7854150E-01   6.7109408E-01   6.6370935E-01   6.5638692E-01   6.4912645E-01   6.4192756E-01   6.3478989E-01   6.2771309E-01   6.2069678E-01   6.1374061E-01   6.0684423E-01   6.0000727E-01   5.9322938E-01   5.8651021E-01   5.7984941E-01   5.7324661E-01   5.6670147E-01   5.6021365E-01   5.5378278E-01   5.4740853E-01   5.4109055E-01   5.3482849E-01   5.2862202E-01   5.2247077E-01   5.1637443E-01   5.1033264E-01   5.0434507E-01   4.9841138E-01   4.9253123E-01   4.8670428E-01   4.8093021E-01   4.7520868E-01   4.6953935E-01   4.6392190E-01   4.5835600E-01   4.5284132E-01   4.4737752E-01   4.4196429E-01   4.3660130E-01   4.3128823E-01   4.2602475E-01   4.2081054E-01   4.1564528E-01
   1.2191477E+00   1.2074829E+00   1.1959037E+00   1.1844096E+00   1.1730001E+00   1.1616750E+00   1.1504336E+00   1.1392756E+00   1.1282006E+00   1.1172081E+00   1.1062978E+00   1.0954691E+00   1.0847216E+00   1.0740550E+00   1.0634688E+00   1.0529626E+00   1.0425360E+00   1.0321885E+00   1.0219198E+00   1.0117293E+00   1.0016168E+00   9.9158178E-01   9.8162382E-01   9.7174252E-01   9.6193749E-01   9.5220830E-01   9.4255456E-01   9.3297585E-01   9.2347177E-01   9.1404191E-01   9.0468589E-01   8.9540328E-01   8.8619370E-01   8.7705674E-01   8.6799201E-01   8.5899911E-01   8.5007765E-01   8.4122723E-01   8.3244745E-01   8.2373794E-01   8.1509829E-01   8.0652811E-01   7.9802703E-01   7.8959465E-01   7.8123059E-01   7.7293446E-01   7.6470588E-01   7.5654448E-01   7.4844985E-01   7.4042164E-01   7.3245946E-01   7.2456293E-01   7.1673168E-01   7.0896532E-01   7.0126350E-01   6.9362584E-01   6.8605196E-01   6.7854150E-01   6.7109408E-01   6.6370935E-01   6.5638692E-01   6.4912645E-01   6.4192756E-01   6.3478989E-01   6.2771309E-01   6.2069678E-01   6.1374061E-01   6.0684423E-01   6.0000727E-01   5.9322938E-01   5.8651021E-01   5.7984941E-01   5.7324661E-01   5.6670147E-01   5.6021365E-01   5.5378278E-01   5.4740853E-01   5.4109055E-01   5.3482849E-01   5.2862202E-01   5.2247077E-01   5.1637443E-01   5.1033264E-01   5.0434507E-01   4.9841138E-01   4.9253123E-01   4.8670428E-01   4.8093021E-01   4.7520868E-01   4.6953935E-01   4.6392190E-01   4.5835600E-01   4.5284132E-01   4.4737752E-01   4.4196429E-01   4.3660130E-01   4.3128823E-01   4.2602475E-01   4.2081054E-01   4.1564528E-01
   1.2191477E+00   1.2074829E+00   1.1959037E+00   1.1844096E+00   1.1730001E+00   1.1616750E+00   1.1504336E+00   1.1392756E+00   1.1282006E+00   1.1172081E+00   1.1062978E+00   1.0954691E+00   1.0847216E+00   1.0740550E+00   1.0634688E+00   1.0529626E+00   1.0425360E+00   1.0321885E+00   1.0219198E+00   1.0117293E+00   1.0016168E+00   9.9158178E-01   9.8162382E-01   9.7174252E-01   9.6193749E-01   9.5220830E-01   9.4255456E-01   9.3297585E-01   9.2347177E-01   9.1404191E-01   9.0468589E-01   8.9540328E-01   8.8619370E-01   8.7705674E-01   8.6799201E-01   8.5899911E-01   8.5007765E-01   8.4122723E-01   8.3244745E-01   8.2373794E-01   8.1509829E-01   8.0652811E-01   7.9802703E-01   7.8959465E-01   7.8123059E-01   7.7293446E-01   7.6470588E-01   7.5654448E-01   7.4844985E-01   7.4042164E-01   7.3245946E-01   7.2456293E-01   7.1673168E-01   7.0896532E-01   7.0126350E-01   6.9362584E-01   6.8605196E-01   6.7854150E-01   6.7109408E-01   6.6370935E-01   6.5638692E-01   6.4912645E-01   6.4192756E-01   6.3478989E-01   6.2771309E-01   6.2069678E-01   6.1374061E-01   6.0684423E-01   6.0000727E-01   5.9322938E-01   5.8651021E-01   5.7984941E-01   5.7324661E-01   5.6670147E-01   5.6021365E-01   5.5378278E-01   5.4740853E-01   5.4109055E-01   5.3482849E-01   5.2862202E-01   5.2247077E-01   5.1637443E-01   5.1033264E-01   5.0434507E-01   4.9841138E-01   4.9253123E-01   4.8670428E-01   4.8093021E-01   4.7520868E-01   4.6953935E-01   4.6392190E-01   4.5835600E-01   4.5284132E-01   4.4737752E-01   4.4196429E-01   4.3660130E-01   4.3128823E-01   4.2602475E-01   4.2081054E-01   4.1564528E-01
   1.2191477E+00   1.2074829E+00   1.1959037E+00   1.1844096E+00   1.1730001E+00   1.1616750E+00   1.1504336E+00   1.1392756E+00   1.1282006E+00   1.1172081E+00   1.1062978E+00   1.0954691E+00   1.0847216E+00   1.0740550E+00   1.0634688E+00   1.0529626E+00   1.0425360E+00   1.0321885E+00   1.0219198E+00   1.0117293E+00   1.0016168E+00   9.9158178E-01   9.8162382E-01   9.7174252E-01   9.6193749E-01   9.5220830E-01   9.4255456E-01   9.3297585E-01   9.2347177E-01   9.1404191E-01   9.0468589E-01   8.9540328E-01   8.8619370E-01   8.7705674E-01   8.6799201E-01   8.5899911E-01   8.5007765E-01   8.4122723E-01   8.3244745E-01   8.2373794E-01   8.1509829E-01   8.0652811E-01   7.9802703E-01   7.8959465E-01   7.8123059E-01   7.7293446E-01   7.6470588E-01   7.5654448E-01   7.4844985E-01   7.4042164E-01   7.3245946E-01   7.2456293E-01   7.1673168E-01   7.0896532E-01   7.0126350E-01   6.9362584E-01   6.8605196E-01   6.7854150E-01   6.7109408E-01   6.6370935E-01   6.5638692E-01   6.4912645E-01   6.4192756E-01   6.3478989E-01   6.2771309E-01   6.2069678E-01   6.1374061E-01   6.0684423E-01   6.0000727E-01   5.9322938E-01   5.8651021E-01   5.7984941E-01   5.7324661E-01   5.6670147E-01   5.6021365E-01   5.5378278E-01   5.4740853E-01   5.4109055E-01   5.3482849E-01   5.2862202E-01   5.2247077E-01   5.1637443E-01   5.1033264E-01   5.0434507E-01   4.9841138E-01   4.9253123E-01   4.8670428E-01   4.8093021E-01   4.7520868E-01   4.6953935E-01   4.6392190E-01   4.5835600E-01   4.5284132E-01   4.4737752E-01   4.4196429E-01   4.3660130E-01   4.3128823E-01   4.2602475E-01   4.2081054E-01   4.1564528E-01
