   0.0000000E+00
   0.0000000E+00
   2.7110675E-02
   5.1074956E-02
   8.1513934E-02
   1.2024599E-01
   1.7017400E-01
   2.3564331E-01
   3.2243115E-01
   4.3855962E-01
   5.9536380E-01
   8.0777204E-01
   1.0956978E+00
   1.4823561E+00
   1.9909525E+00
   2.6319997E+00
   3.3776765E+00
   4.1171947E+00
   4.6163063E+00
   4.6124167E+00
   4.3421893E+00
   4.1228080E+00
   3.9051111E+00
   3.6807203E+00
   3.4961963E+00
   3.3869662E+00
   3.4197605E+00
   3.4784279E+00
   3.5158448E+00
   3.5399354E+00
   3.5493374E+00
   3.5333600E+00
   3.4935594E+00
   3.4315009E+00
   3.3492002E+00
   3.2482507E+00
   3.1387794E+00
   3.0399885E+00
   2.9285536E+00
   2.8056548E+00
   2.6944363E+00
   2.8376322E+00
   2.9766850E+00
   3.1118689E+00
   3.2432675E+00
   3.3708882E+00
   3.4947593E+00
   3.6149633E+00
   3.7316418E+00
   3.8450372E+00
   3.9553394E+00
