   0.0000000E+00   0.0000000E+00   0.0000000E+00   0.0000000E+00   0.0000000E+00   0.0000000E+00   0.0000000E+00   0.0000000E+00   0.0000000E+00   0.0000000E+00   0.0000000E+00   0.0000000E+00   0.0000000E+00   0.0000000E+00   0.0000000E+00   0.0000000E+00   0.0000000E+00   0.0000000E+00   0.0000000E+00   0.0000000E+00   0.0000000E+00   0.0000000E+00   0.0000000E+00   0.0000000E+00   0.0000000E+00   0.0000000E+00   0.0000000E+00   0.0000000E+00   0.0000000E+00   0.0000000E+00   0.0000000E+00   0.0000000E+00   0.0000000E+00   0.0000000E+00   0.0000000E+00   0.0000000E+00   0.0000000E+00   0.0000000E+00   0.0000000E+00   0.0000000E+00   0.0000000E+00   0.0000000E+00   0.0000000E+00   0.0000000E+00   0.0000000E+00   0.0000000E+00   0.0000000E+00   0.0000000E+00   0.0000000E+00   0.0000000E+00   0.0000000E+00   0.0000000E+00   0.0000000E+00   0.0000000E+00   0.0000000E+00   0.0000000E+00   0.0000000E+00   0.0000000E+00   0.0000000E+00   0.0000000E+00   0.0000000E+00   0.0000000E+00   0.0000000E+00   0.0000000E+00   0.0000000E+00   0.0000000E+00   0.0000000E+00   0.0000000E+00   0.0000000E+00   0.0000000E+00   0.0000000E+00   0.0000000E+00   0.0000000E+00   0.0000000E+00   0.0000000E+00   0.0000000E+00   0.0000000E+00   0.0000000E+00   0.0000000E+00   0.0000000E+00   0.0000000E+00   0.0000000E+00   0.0000000E+00   0.0000000E+00   0.0000000E+00   0.0000000E+00   0.0000000E+00   0.0000000E+00   0.0000000E+00   0.0000000E+00   0.0000000E+00   0.0000000E+00   0.0000000E+00   0.0000000E+00   0.0000000E+00   0.0000000E+00   0.0000000E+00   0.0000000E+00   0.0000000E+00   0.0000000E+00
   0.0000000E+00   0.0000000E+00   0.0000000E+00   0.0000000E+00   0.0000000E+00   0.0000000E+00   0.0000000E+00   0.0000000E+00   0.0000000E+00   0.0000000E+00   0.0000000E+00   0.0000000E+00   0.0000000E+00   0.0000000E+00   0.0000000E+00   0.0000000E+00   0.0000000E+00   0.0000000E+00   0.0000000E+00   0.0000000E+00   0.0000000E+00   0.0000000E+00   0.0000000E+00   0.0000000E+00   0.0000000E+00   0.0000000E+00   0.0000000E+00   0.0000000E+00   0.0000000E+00   0.0000000E+00   0.0000000E+00   0.0000000E+00   0.0000000E+00   0.0000000E+00   0.0000000E+00   0.0000000E+00   0.0000000E+00   0.0000000E+00   0.0000000E+00   0.0000000E+00   0.0000000E+00   0.0000000E+00   0.0000000E+00   0.0000000E+00   0.0000000E+00   0.0000000E+00   0.0000000E+00   0.0000000E+00   0.0000000E+00   0.0000000E+00   0.0000000E+00   0.0000000E+00   0.0000000E+00   0.0000000E+00   0.0000000E+00   0.0000000E+00   0.0000000E+00   0.0000000E+00   0.0000000E+00   0.0000000E+00   0.0000000E+00   0.0000000E+00   0.0000000E+00   0.0000000E+00   0.0000000E+00   0.0000000E+00   0.0000000E+00   0.0000000E+00   0.0000000E+00   0.0000000E+00   0.0000000E+00   0.0000000E+00   0.0000000E+00   0.0000000E+00   0.0000000E+00   0.0000000E+00   0.0000000E+00   0.0000000E+00   0.0000000E+00   0.0000000E+00   0.0000000E+00   0.0000000E+00   0.0000000E+00   0.0000000E+00   0.0000000E+00   0.0000000E+00   0.0000000E+00   0.0000000E+00   0.0000000E+00   0.0000000E+00   0.0000000E+00   0.0000000E+00   0.0000000E+00   0.0000000E+00   0.0000000E+00   0.0000000E+00   0.0000000E+00   0.0000000E+00   0.0000000E+00   0.0000000E+00
   0.0000000E+00   0.0000000E+00   0.0000000E+00   0.0000000E+00   0.0000000E+00   0.0000000E+00   0.0000000E+00   0.0000000E+00   0.0000000E+00   0.0000000E+00   0.0000000E+00   0.0000000E+00   0.0000000E+00   0.0000000E+00   0.0000000E+00   0.0000000E+00   0.0000000E+00   0.0000000E+00   0.0000000E+00   0.0000000E+00   0.0000000E+00   0.0000000E+00   0.0000000E+00   0.0000000E+00   0.0000000E+00   0.0000000E+00   0.0000000E+00   0.0000000E+00   0.0000000E+00   0.0000000E+00   0.0000000E+00   0.0000000E+00   0.0000000E+00   0.0000000E+00   0.0000000E+00   0.0000000E+00   0.0000000E+00   0.0000000E+00   0.0000000E+00   0.0000000E+00   0.0000000E+00   0.0000000E+00   0.0000000E+00   0.0000000E+00   0.0000000E+00   0.0000000E+00   0.0000000E+00   0.0000000E+00   0.0000000E+00   0.0000000E+00   0.0000000E+00   0.0000000E+00   0.0000000E+00   0.0000000E+00   0.0000000E+00   0.0000000E+00   0.0000000E+00   0.0000000E+00   0.0000000E+00   0.0000000E+00   0.0000000E+00   0.0000000E+00   0.0000000E+00   0.0000000E+00   0.0000000E+00   0.0000000E+00   0.0000000E+00   0.0000000E+00   0.0000000E+00   0.0000000E+00   0.0000000E+00   0.0000000E+00   0.0000000E+00   0.0000000E+00   0.0000000E+00   0.0000000E+00   0.0000000E+00   0.0000000E+00   0.0000000E+00   0.0000000E+00   0.0000000E+00   0.0000000E+00   0.0000000E+00   0.0000000E+00   0.0000000E+00   0.0000000E+00   0.0000000E+00   0.0000000E+00   0.0000000E+00   2.3873915E-11   3.2891401E-09   4.3198304E-07   6.0235175E-07   2.1900687E-05   1.2796758E-03   2.0377799E-03   1.5359687E-03   1.1209238E-03   7.6748146E-04   0.0000000E+00
   0.0000000E+00   0.0000000E+00   0.0000000E+00   0.0000000E+00   0.0000000E+00   0.0000000E+00   0.0000000E+00   0.0000000E+00   0.0000000E+00   0.0000000E+00   0.0000000E+00   0.0000000E+00   0.0000000E+00   0.0000000E+00   0.0000000E+00   0.0000000E+00   0.0000000E+00   0.0000000E+00   0.0000000E+00   0.0000000E+00   0.0000000E+00   0.0000000E+00   0.0000000E+00   0.0000000E+00   0.0000000E+00   0.0000000E+00   0.0000000E+00   0.0000000E+00   0.0000000E+00   0.0000000E+00   0.0000000E+00   0.0000000E+00   0.0000000E+00   0.0000000E+00   0.0000000E+00   0.0000000E+00   0.0000000E+00   0.0000000E+00   0.0000000E+00   0.0000000E+00   0.0000000E+00   0.0000000E+00   0.0000000E+00   0.0000000E+00   0.0000000E+00   0.0000000E+00   0.0000000E+00   0.0000000E+00   0.0000000E+00   0.0000000E+00   0.0000000E+00   0.0000000E+00   1.2556889E-10   1.5098520E-10   1.8167463E-10   2.1877165E-10   2.6366553E-10   3.1806033E-10   3.8404943E-10   4.6420892E-10   5.6171401E-10   6.8048528E-10   8.2537194E-10   1.0023824E-09   1.2189745E-09   1.4844221E-09   1.8102787E-09   2.2109627E-09   2.7045031E-09   3.3134830E-09   4.0662433E-09   4.9984155E-09   6.1548757E-09   7.5922451E-09   9.3820853E-09   1.1614991E-08   1.4405833E-08   1.7900476E-08   2.2284402E-08   2.7793742E-08   3.4729439E-08   4.3475328E-08   5.4521269E-08   6.8492554E-08   8.6187278E-08   1.0862345E-07   1.3709808E-07   1.7326057E-07   2.1920292E-07   2.7768723E-07   3.6002382E-07   7.1915593E-07   1.9338931E-06   9.8771248E-05   1.4404253E-03   1.2039011E-03   9.3400129E-04   7.1067567E-04   4.8514790E-04   0.0000000E+00
   0.0000000E+00   0.0000000E+00   0.0000000E+00   0.0000000E+00   0.0000000E+00   0.0000000E+00   0.0000000E+00   0.0000000E+00   0.0000000E+00   0.0000000E+00   0.0000000E+00   0.0000000E+00   0.0000000E+00   0.0000000E+00   0.0000000E+00   0.0000000E+00   0.0000000E+00   0.0000000E+00   0.0000000E+00   0.0000000E+00   0.0000000E+00   0.0000000E+00   0.0000000E+00   0.0000000E+00   0.0000000E+00   0.0000000E+00   0.0000000E+00   0.0000000E+00   0.0000000E+00   0.0000000E+00   0.0000000E+00   0.0000000E+00   0.0000000E+00   0.0000000E+00   0.0000000E+00   0.0000000E+00   0.0000000E+00   0.0000000E+00   0.0000000E+00   0.0000000E+00   0.0000000E+00   0.0000000E+00   0.0000000E+00   0.0000000E+00   0.0000000E+00   0.0000000E+00   0.0000000E+00   0.0000000E+00   0.0000000E+00   0.0000000E+00   0.0000000E+00   1.0541518E-10   2.1511122E-10   2.7984387E-10   3.3979899E-10   4.1259779E-10   5.0091414E-10   6.1484773E-10   7.4818013E-10   9.1057567E-10   1.1084834E-09   1.3498213E-09   1.6443220E-09   2.0039628E-09   2.4435001E-09   2.9811360E-09   3.6393524E-09   4.4459494E-09   5.4353526E-09   6.6502404E-09   8.1435969E-09   9.9812825E-09   1.2245268E-08   1.5037699E-08   1.8486018E-08   2.2749399E-08   2.8026847E-08   3.4567371E-08   4.2682750E-08   5.2763458E-08   6.5298480E-08   8.0899618E-08   1.0033090E-07   1.2454285E-07   1.5471009E-07   1.9230473E-07   2.4318345E-07   3.0735669E-07   3.8231201E-07   4.7303277E-07   5.9280489E-07   1.0472259E-06   9.5964278E-06   1.3095775E-04   8.4784289E-04   7.9931424E-04   6.4596295E-04   5.1019719E-04   3.5265813E-04   0.0000000E+00
   0.0000000E+00   0.0000000E+00   0.0000000E+00   0.0000000E+00   0.0000000E+00   0.0000000E+00   0.0000000E+00   0.0000000E+00   0.0000000E+00   0.0000000E+00   0.0000000E+00   0.0000000E+00   0.0000000E+00   0.0000000E+00   0.0000000E+00   0.0000000E+00   0.0000000E+00   0.0000000E+00   0.0000000E+00   0.0000000E+00   0.0000000E+00   0.0000000E+00   0.0000000E+00   0.0000000E+00   0.0000000E+00   0.0000000E+00   0.0000000E+00   0.0000000E+00   0.0000000E+00   0.0000000E+00   0.0000000E+00   0.0000000E+00   0.0000000E+00   0.0000000E+00   0.0000000E+00   0.0000000E+00   0.0000000E+00   0.0000000E+00   0.0000000E+00   0.0000000E+00   0.0000000E+00   0.0000000E+00   0.0000000E+00   0.0000000E+00   0.0000000E+00   0.0000000E+00   0.0000000E+00   0.0000000E+00   0.0000000E+00   0.0000000E+00   0.0000000E+00   2.0236911E-10   3.7476308E-10   4.7921705E-10   5.8994748E-10   7.2556794E-10   8.9210028E-10   1.1303722E-09   1.3904302E-09   1.7088883E-09   2.0986171E-09   2.5752764E-09   3.1579135E-09   3.8696926E-09   4.7387880E-09   5.7994773E-09   7.0934854E-09   8.6716367E-09   1.0595905E-08   1.2941935E-08   1.5802177E-08   1.9289772E-08   2.3543361E-08   2.8733060E-08   3.5067835E-08   4.2804626E-08   5.2259573E-08   6.3821709E-08   7.7969581E-08   9.5291014E-08   1.1650595E-07   1.4249143E-07   1.7430543E-07   2.1320167E-07   2.6061861E-07   3.1820937E-07   3.8747854E-07   4.7132346E-07   5.6785467E-07   6.7394069E-07   8.1422689E-07   1.6578009E-06   1.0976005E-05   1.4204506E-04   6.0252356E-04   6.0891634E-04   5.0810585E-04   4.1293626E-04   2.8924717E-04   0.0000000E+00
   0.0000000E+00   0.0000000E+00   0.0000000E+00   0.0000000E+00   0.0000000E+00   0.0000000E+00   0.0000000E+00   0.0000000E+00   0.0000000E+00   0.0000000E+00   0.0000000E+00   0.0000000E+00   0.0000000E+00   0.0000000E+00   0.0000000E+00   0.0000000E+00   0.0000000E+00   0.0000000E+00   0.0000000E+00   0.0000000E+00   0.0000000E+00   0.0000000E+00   0.0000000E+00   0.0000000E+00   0.0000000E+00   0.0000000E+00   0.0000000E+00   0.0000000E+00   0.0000000E+00   0.0000000E+00   0.0000000E+00   0.0000000E+00   0.0000000E+00   0.0000000E+00   0.0000000E+00   0.0000000E+00   0.0000000E+00   0.0000000E+00   0.0000000E+00   0.0000000E+00   0.0000000E+00   0.0000000E+00   0.0000000E+00   0.0000000E+00   0.0000000E+00   0.0000000E+00   0.0000000E+00   0.0000000E+00   0.0000000E+00   0.0000000E+00   0.0000000E+00   3.4609993E-10   7.2753331E-10   9.4956942E-10   1.2128905E-09   1.5513619E-09   1.9926278E-09   2.7173208E-09   3.5483856E-09   4.6583706E-09   6.0450986E-09   4.0065844E-09   4.9101399E-09   6.0141363E-09   7.3631594E-09   9.0118508E-09   1.1027193E-08   1.3491314E-08   1.6504929E-08   2.0191546E-08   2.4702608E-08   3.0223784E-08   3.6984666E-08   4.5670792E-08   9.3174954E-08   1.0624704E-07   1.2213111E-07   1.4144685E-07   1.6492881E-07   1.9345489E-07   2.2807201E-07   2.7001346E-07   3.2069536E-07   3.8166240E-07   4.5442516E-07   5.4018244E-07   6.3887745E-07   7.5056283E-07   8.6582838E-07   9.7547741E-07   1.1468791E-06   2.6848240E-06   1.6584045E-05   1.6053877E-04   5.1174610E-04   5.1844324E-04   4.4157304E-04   3.6524719E-04   2.5709439E-04   0.0000000E+00
   0.0000000E+00   0.0000000E+00   0.0000000E+00   0.0000000E+00   0.0000000E+00   0.0000000E+00   0.0000000E+00   0.0000000E+00   0.0000000E+00   0.0000000E+00   0.0000000E+00   0.0000000E+00   0.0000000E+00   0.0000000E+00   0.0000000E+00   0.0000000E+00   0.0000000E+00   0.0000000E+00   0.0000000E+00   0.0000000E+00   0.0000000E+00   0.0000000E+00   0.0000000E+00   0.0000000E+00   0.0000000E+00   0.0000000E+00   0.0000000E+00   0.0000000E+00   0.0000000E+00   0.0000000E+00   0.0000000E+00   0.0000000E+00   0.0000000E+00   0.0000000E+00   0.0000000E+00   0.0000000E+00   0.0000000E+00   0.0000000E+00   0.0000000E+00   0.0000000E+00   0.0000000E+00   0.0000000E+00   0.0000000E+00   0.0000000E+00   0.0000000E+00   0.0000000E+00   0.0000000E+00   0.0000000E+00   0.0000000E+00   0.0000000E+00   0.0000000E+00   6.6065042E-10   9.5928554E-10   1.2142221E-09   1.4998353E-09   1.8417694E-09   2.2623272E-09   2.8059448E-09   3.4347150E-09   4.1977604E-09   5.0367879E-09   6.0438961E-09   7.4216895E-09   9.1092582E-09   1.1176587E-08   1.3709641E-08   1.6814024E-08   2.0619462E-08   2.5285285E-08   3.1007133E-08   3.8025096E-08   4.6633872E-08   5.7217861E-08   7.1342718E-08   8.7886285E-08   1.0832420E-07   1.3356048E-07   1.6471171E-07   2.0314178E-07   2.5024116E-07   3.0665404E-07   3.7462431E-07   4.5602721E-07   5.5267435E-07   6.6863760E-07   1.0596507E-06   1.1447647E-06   1.2582127E-06   1.3667670E-06   1.4592456E-06   1.7093485E-06   4.9507989E-06   2.3368462E-05   1.8917212E-04   4.8556013E-04   4.7454063E-04   4.0872840E-04   3.4099049E-04   2.3902580E-04   0.0000000E+00
   0.0000000E+00   0.0000000E+00   0.0000000E+00   0.0000000E+00   0.0000000E+00   0.0000000E+00   0.0000000E+00   0.0000000E+00   0.0000000E+00   0.0000000E+00   0.0000000E+00   0.0000000E+00   0.0000000E+00   0.0000000E+00   0.0000000E+00   0.0000000E+00   0.0000000E+00   0.0000000E+00   0.0000000E+00   0.0000000E+00   0.0000000E+00   0.0000000E+00   0.0000000E+00   0.0000000E+00   0.0000000E+00   0.0000000E+00   0.0000000E+00   0.0000000E+00   0.0000000E+00   0.0000000E+00   0.0000000E+00   0.0000000E+00   0.0000000E+00   0.0000000E+00   0.0000000E+00   0.0000000E+00   0.0000000E+00   0.0000000E+00   0.0000000E+00   0.0000000E+00   0.0000000E+00   0.0000000E+00   0.0000000E+00   0.0000000E+00   0.0000000E+00   0.0000000E+00   0.0000000E+00   0.0000000E+00   0.0000000E+00   0.0000000E+00   0.0000000E+00   8.9124125E-10   1.3436257E-09   1.7003290E-09   2.1085540E-09   2.6076079E-09   3.2273892E-09   4.0337524E-09   4.9765547E-09   6.1281726E-09   7.4333579E-09   8.9861230E-09   1.1081860E-08   1.3659964E-08   1.6831246E-08   2.0731775E-08   2.5501942E-08   2.8212943E-08   3.4631618E-08   4.2499398E-08   5.2140880E-08   6.3953223E-08   7.8477385E-08   9.7530801E-08   1.2057642E-07   1.4828801E-07   1.8237105E-07   2.2426505E-07   2.7569621E-07   3.3805753E-07   4.1206823E-07   5.6429207E-07   6.8527538E-07   8.3215866E-07   1.4192296E-06   1.2162632E-06   1.4330466E-06   1.6275100E-06   1.7866776E-06   2.5675358E-06   2.9305884E-06   5.7871607E-06   3.1943517E-05   2.2344748E-04   4.7903004E-04   4.5235862E-04   3.9173759E-04   3.2768762E-04   2.2733977E-04   0.0000000E+00
   0.0000000E+00   0.0000000E+00   0.0000000E+00   0.0000000E+00   0.0000000E+00   0.0000000E+00   0.0000000E+00   0.0000000E+00   0.0000000E+00   0.0000000E+00   0.0000000E+00   0.0000000E+00   0.0000000E+00   0.0000000E+00   0.0000000E+00   0.0000000E+00   0.0000000E+00   0.0000000E+00   0.0000000E+00   0.0000000E+00   0.0000000E+00   0.0000000E+00   0.0000000E+00   0.0000000E+00   0.0000000E+00   0.0000000E+00   0.0000000E+00   0.0000000E+00   0.0000000E+00   0.0000000E+00   0.0000000E+00   0.0000000E+00   0.0000000E+00   0.0000000E+00   0.0000000E+00   0.0000000E+00   0.0000000E+00   0.0000000E+00   0.0000000E+00   0.0000000E+00   0.0000000E+00   0.0000000E+00   0.0000000E+00   0.0000000E+00   0.0000000E+00   0.0000000E+00   0.0000000E+00   0.0000000E+00   0.0000000E+00   0.0000000E+00   0.0000000E+00   1.2785476E-09   1.9054998E-09   2.4257825E-09   3.0362204E-09   3.7842156E-09   4.7175721E-09   5.9243521E-09   6.7251045E-09   8.3184659E-09   1.0147940E-08   1.2261265E-08   1.5192452E-08   1.8812583E-08   2.3281105E-08   2.8791677E-08   3.5456875E-08   3.9452413E-08   4.8558704E-08   5.9720527E-08   7.3387213E-08   9.0104784E-08   1.1063840E-07   1.3736721E-07   1.7071666E-07   2.0967417E-07   2.5732689E-07   3.1551031E-07   3.8633127E-07   4.7091515E-07   5.7076107E-07   7.7141840E-07   9.2740828E-07   1.1210456E-06   1.4252890E-06   2.0547550E-06   2.4336548E-06   2.8275667E-06   3.0689632E-06   2.7538385E-06   3.3663496E-06   8.3600135E-06   4.5308614E-05   2.6191300E-04   4.7624914E-04   4.4032189E-04   3.8218463E-04   3.1945741E-04   2.1859948E-04   0.0000000E+00
   0.0000000E+00   0.0000000E+00   0.0000000E+00   0.0000000E+00   0.0000000E+00   0.0000000E+00   0.0000000E+00   0.0000000E+00   0.0000000E+00   0.0000000E+00   0.0000000E+00   0.0000000E+00   0.0000000E+00   0.0000000E+00   0.0000000E+00   0.0000000E+00   0.0000000E+00   0.0000000E+00   0.0000000E+00   0.0000000E+00   0.0000000E+00   0.0000000E+00   0.0000000E+00   0.0000000E+00   0.0000000E+00   0.0000000E+00   0.0000000E+00   0.0000000E+00   0.0000000E+00   0.0000000E+00   0.0000000E+00   0.0000000E+00   0.0000000E+00   0.0000000E+00   0.0000000E+00   0.0000000E+00   0.0000000E+00   0.0000000E+00   0.0000000E+00   0.0000000E+00   0.0000000E+00   0.0000000E+00   0.0000000E+00   0.0000000E+00   0.0000000E+00   0.0000000E+00   0.0000000E+00   0.0000000E+00   0.0000000E+00   0.0000000E+00   3.5769460E-11   1.8726301E-09   2.7503142E-09   3.2328864E-09   4.0851500E-09   5.1356692E-09   6.4575603E-09   8.1576701E-09   9.3621813E-09   1.1676462E-08   1.4377547E-08   1.7509267E-08   2.1979465E-08   2.7559155E-08   3.4511277E-08   4.3147502E-08   5.3505879E-08   5.9658213E-08   7.3974235E-08   9.1528790E-08   1.1298494E-07   1.3912941E-07   1.7111141E-07   2.1269449E-07   2.6515167E-07   3.2466431E-07   3.9645738E-07   4.8266230E-07   5.8540132E-07   7.0399062E-07   8.3987220E-07   1.1174988E-06   1.3106110E-06   1.5554740E-06   2.3290600E-06   2.4474691E-06   2.8099969E-06   3.0026974E-06   3.1788313E-06   3.8853732E-06   4.9544815E-06   1.0740162E-05   5.7012545E-05   3.0254500E-04   4.7477026E-04   4.3303266E-04   3.7610924E-04   3.1355268E-04   2.1127329E-04   0.0000000E+00
   0.0000000E+00   0.0000000E+00   0.0000000E+00   0.0000000E+00   0.0000000E+00   0.0000000E+00   0.0000000E+00   0.0000000E+00   0.0000000E+00   0.0000000E+00   0.0000000E+00   0.0000000E+00   0.0000000E+00   0.0000000E+00   0.0000000E+00   0.0000000E+00   0.0000000E+00   0.0000000E+00   0.0000000E+00   0.0000000E+00   0.0000000E+00   0.0000000E+00   0.0000000E+00   0.0000000E+00   0.0000000E+00   0.0000000E+00   0.0000000E+00   0.0000000E+00   0.0000000E+00   0.0000000E+00   0.0000000E+00   0.0000000E+00   0.0000000E+00   0.0000000E+00   0.0000000E+00   0.0000000E+00   0.0000000E+00   0.0000000E+00   0.0000000E+00   0.0000000E+00   0.0000000E+00   0.0000000E+00   0.0000000E+00   0.0000000E+00   0.0000000E+00   0.0000000E+00   0.0000000E+00   0.0000000E+00   0.0000000E+00   0.0000000E+00   8.9518365E-11   2.5333471E-09   3.7458063E-09   4.4843840E-09   5.7898064E-09   7.4331190E-09   9.5489421E-09   1.2298706E-08   1.4365506E-08   1.8300685E-08   2.2975515E-08   2.8513153E-08   3.6399470E-08   4.6375725E-08   5.8952534E-08   7.4716390E-08   9.3543640E-08   1.0568695E-07   1.3229035E-07   1.6493954E-07   2.0477016E-07   2.5308270E-07   3.1183919E-07   3.8738591E-07   4.8065084E-07   5.8494436E-07   7.0796023E-07   8.5169984E-07   1.0173402E-06   1.2008314E-06   1.4059858E-06   1.8156388E-06   2.0601581E-06   2.3432374E-06   2.9480295E-06   3.5930996E-06   4.2215270E-06   4.3487789E-06   4.4907456E-06   4.5091774E-06   5.7355251E-06   1.4854966E-05   7.2391740E-05   3.3313522E-04   4.7375023E-04   4.2797069E-04   3.7165199E-04   3.0869947E-04   2.0467771E-04   0.0000000E+00
   0.0000000E+00   0.0000000E+00   0.0000000E+00   0.0000000E+00   0.0000000E+00   0.0000000E+00   0.0000000E+00   0.0000000E+00   0.0000000E+00   0.0000000E+00   0.0000000E+00   0.0000000E+00   0.0000000E+00   0.0000000E+00   0.0000000E+00   0.0000000E+00   0.0000000E+00   0.0000000E+00   0.0000000E+00   0.0000000E+00   0.0000000E+00   0.0000000E+00   0.0000000E+00   0.0000000E+00   0.0000000E+00   0.0000000E+00   0.0000000E+00   0.0000000E+00   0.0000000E+00   0.0000000E+00   0.0000000E+00   0.0000000E+00   0.0000000E+00   0.0000000E+00   0.0000000E+00   0.0000000E+00   0.0000000E+00   0.0000000E+00   0.0000000E+00   0.0000000E+00   0.0000000E+00   0.0000000E+00   0.0000000E+00   0.0000000E+00   0.0000000E+00   0.0000000E+00   0.0000000E+00   0.0000000E+00   0.0000000E+00   0.0000000E+00   1.8982421E-10   3.6759300E-09   5.6077578E-09   6.8944921E-09   9.1342756E-09   1.2041890E-08   1.5890000E-08   2.0964999E-08   2.5186463E-08   3.2920216E-08   4.2347089E-08   5.3844413E-08   7.0112250E-08   9.0999329E-08   1.1766996E-07   1.5141764E-07   1.9175199E-07   2.2127186E-07   2.7977211E-07   3.5158649E-07   4.3894542E-07   5.4426835E-07   6.7124427E-07   8.3123928E-07   1.0231868E-06   1.2340853E-06   1.4751460E-06   1.7459975E-06   2.0430673E-06   2.3533048E-06   2.6849063E-06   3.3127267E-06   3.5939349E-06   3.8630860E-06   4.3977443E-06   4.9056030E-06   5.4321044E-06   5.0927197E-06   5.0987069E-06   6.0039506E-06   7.6577508E-06   1.8494866E-05   9.1906746E-05   3.6979723E-04   4.7283372E-04   4.2395783E-04   3.6794163E-04   3.0431140E-04   1.9850644E-04   0.0000000E+00
   0.0000000E+00   0.0000000E+00   0.0000000E+00   0.0000000E+00   0.0000000E+00   0.0000000E+00   0.0000000E+00   0.0000000E+00   0.0000000E+00   0.0000000E+00   0.0000000E+00   0.0000000E+00   0.0000000E+00   0.0000000E+00   0.0000000E+00   0.0000000E+00   0.0000000E+00   0.0000000E+00   0.0000000E+00   0.0000000E+00   0.0000000E+00   0.0000000E+00   0.0000000E+00   0.0000000E+00   0.0000000E+00   0.0000000E+00   0.0000000E+00   0.0000000E+00   0.0000000E+00   0.0000000E+00   0.0000000E+00   0.0000000E+00   0.0000000E+00   0.0000000E+00   0.0000000E+00   0.0000000E+00   0.0000000E+00   0.0000000E+00   0.0000000E+00   0.0000000E+00   0.0000000E+00   0.0000000E+00   0.0000000E+00   0.0000000E+00   0.0000000E+00   0.0000000E+00   0.0000000E+00   0.0000000E+00   0.0000000E+00   0.0000000E+00   3.9644349E-10   5.9855574E-09   9.4009103E-09   1.1970799E-08   1.6350615E-08   2.2233024E-08   3.0245637E-08   4.1003304E-08   5.1036277E-08   6.8581549E-08   9.0611636E-08   1.1825176E-07   1.5722502E-07   2.0800947E-07   2.7366315E-07   3.5747067E-07   4.5802287E-07   5.4137951E-07   6.9074002E-07   8.7384046E-07   1.0954935E-06   1.3604731E-06   1.6759967E-06   2.0633652E-06   2.5141719E-06   2.9966805E-06   3.5258126E-06   4.0892210E-06   4.6645046E-06   5.2112091E-06   5.7411289E-06   6.6725706E-06   6.8308532E-06   6.8242775E-06   7.1654063E-06   6.8665108E-06   7.4385498E-06   6.7634055E-06   6.6022271E-06   6.8664162E-06   9.0498670E-06   2.4142182E-05   1.1246596E-04   4.0100294E-04   4.7186983E-04   4.2044281E-04   3.6457073E-04   3.0012123E-04   1.9262081E-04   0.0000000E+00
   0.0000000E+00   0.0000000E+00   0.0000000E+00   0.0000000E+00   0.0000000E+00   0.0000000E+00   0.0000000E+00   0.0000000E+00   0.0000000E+00   0.0000000E+00   0.0000000E+00   0.0000000E+00   0.0000000E+00   0.0000000E+00   0.0000000E+00   0.0000000E+00   0.0000000E+00   0.0000000E+00   0.0000000E+00   0.0000000E+00   0.0000000E+00   0.0000000E+00   0.0000000E+00   0.0000000E+00   0.0000000E+00   0.0000000E+00   0.0000000E+00   0.0000000E+00   0.0000000E+00   0.0000000E+00   0.0000000E+00   0.0000000E+00   0.0000000E+00   0.0000000E+00   0.0000000E+00   0.0000000E+00   0.0000000E+00   0.0000000E+00   0.0000000E+00   0.0000000E+00   0.0000000E+00   0.0000000E+00   0.0000000E+00   0.0000000E+00   0.0000000E+00   0.0000000E+00   0.0000000E+00   0.0000000E+00   0.0000000E+00   0.0000000E+00   8.7254737E-10   1.1074820E-08   1.7851640E-08   2.3687143E-08   3.3450501E-08   4.7016236E-08   6.6026494E-08   9.2064319E-08   1.1908914E-07   1.6449587E-07   2.2322048E-07   2.9892038E-07   4.0563032E-07   5.4661376E-07   7.3091962E-07   9.6791280E-07   1.2535698E-06   1.5156359E-06   1.9475881E-06   2.4750141E-06   3.1084587E-06   3.8566018E-06   4.7323101E-06   5.7745442E-06   6.9448870E-06   8.1507342E-06   9.4005100E-06   1.0631986E-05   1.1754846E-05   1.2645960E-05   1.3312871E-05   1.4393626E-05   1.3711724E-05   1.2557354E-05   1.1640665E-05   1.0294008E-05   9.8105838E-06   8.0944346E-06   7.6258339E-06   8.5984593E-06   1.1634055E-05   3.0064695E-05   1.3722392E-04   4.2469674E-04   4.7080099E-04   4.1716752E-04   3.6134938E-04   2.9600921E-04   1.8695668E-04   0.0000000E+00
   0.0000000E+00   0.0000000E+00   0.0000000E+00   0.0000000E+00   0.0000000E+00   0.0000000E+00   0.0000000E+00   0.0000000E+00   0.0000000E+00   0.0000000E+00   0.0000000E+00   0.0000000E+00   0.0000000E+00   0.0000000E+00   0.0000000E+00   0.0000000E+00   0.0000000E+00   0.0000000E+00   0.0000000E+00   0.0000000E+00   0.0000000E+00   0.0000000E+00   0.0000000E+00   0.0000000E+00   0.0000000E+00   0.0000000E+00   0.0000000E+00   0.0000000E+00   0.0000000E+00   0.0000000E+00   0.0000000E+00   0.0000000E+00   0.0000000E+00   0.0000000E+00   0.0000000E+00   0.0000000E+00   0.0000000E+00   0.0000000E+00   0.0000000E+00   0.0000000E+00   0.0000000E+00   0.0000000E+00   0.0000000E+00   0.0000000E+00   0.0000000E+00   0.0000000E+00   0.0000000E+00   0.0000000E+00   0.0000000E+00   6.4867146E-11   2.0955211E-09   2.3309582E-08   3.8445513E-08   5.3302724E-08   7.7900907E-08   1.1322639E-07   1.6411948E-07   2.3533988E-07   3.1634087E-07   4.4866445E-07   6.2462556E-07   8.5735041E-07   1.1861687E-06   1.6260655E-06   2.2066260E-06   2.9570588E-06   3.8645248E-06   4.7622216E-06   6.1478763E-06   7.8266630E-06   9.8178407E-06   1.2128232E-05   1.4767817E-05   1.7789882E-05   2.1026401E-05   2.4174200E-05   2.7170630E-05   2.9765657E-05   3.1647771E-05   3.2474702E-05   3.2264845E-05   3.2046679E-05   2.7994449E-05   2.3140812E-05   2.0050067E-05   1.4691004E-05   1.2642836E-05   1.0029329E-05   9.4010502E-06   9.8611927E-06   1.3590258E-05   3.7741338E-05   1.6199956E-04   4.5199131E-04   4.6961135E-04   4.1401089E-04   3.5818925E-04   2.9192344E-04   1.8148299E-04   0.0000000E+00
   0.0000000E+00   0.0000000E+00   0.0000000E+00   0.0000000E+00   0.0000000E+00   0.0000000E+00   0.0000000E+00   0.0000000E+00   0.0000000E+00   0.0000000E+00   0.0000000E+00   0.0000000E+00   0.0000000E+00   0.0000000E+00   0.0000000E+00   0.0000000E+00   0.0000000E+00   0.0000000E+00   0.0000000E+00   0.0000000E+00   0.0000000E+00   0.0000000E+00   0.0000000E+00   0.0000000E+00   0.0000000E+00   0.0000000E+00   0.0000000E+00   0.0000000E+00   0.0000000E+00   0.0000000E+00   0.0000000E+00   0.0000000E+00   0.0000000E+00   0.0000000E+00   0.0000000E+00   0.0000000E+00   0.0000000E+00   0.0000000E+00   0.0000000E+00   0.0000000E+00   0.0000000E+00   0.0000000E+00   0.0000000E+00   0.0000000E+00   0.0000000E+00   0.0000000E+00   0.0000000E+00   0.0000000E+00   0.0000000E+00   2.6034225E-10   5.5948814E-09   5.5401813E-08   9.3383619E-08   1.3534364E-07   2.0475461E-07   3.0771480E-07   4.6015654E-07   6.7835197E-07   9.4611096E-07   1.3762560E-06   1.9630220E-06   2.7576200E-06   3.8846165E-06   5.4082352E-06   7.4330114E-06   1.0055155E-05   1.3225141E-05   1.6530601E-05   2.1365149E-05   2.7141268E-05   3.3856464E-05   4.1440300E-05   4.9797254E-05   5.8868438E-05   6.7926223E-05   7.5924450E-05   8.2455794E-05   8.6663116E-05   8.7663451E-05   8.4754029E-05   7.8337151E-05   7.0558119E-05   5.5761906E-05   4.1168525E-05   3.1113235E-05   2.0833739E-05   1.6060792E-05   1.1865290E-05   1.0732980E-05   1.1976914E-05   1.6764323E-05   4.6180434E-05   1.9047385E-04   4.7355084E-04   4.6830208E-04   4.1091602E-04   3.5504965E-04   2.8784294E-04   1.7618341E-04   0.0000000E+00
   0.0000000E+00   0.0000000E+00   0.0000000E+00   0.0000000E+00   0.0000000E+00   0.0000000E+00   0.0000000E+00   0.0000000E+00   0.0000000E+00   0.0000000E+00   0.0000000E+00   0.0000000E+00   0.0000000E+00   0.0000000E+00   0.0000000E+00   0.0000000E+00   0.0000000E+00   0.0000000E+00   0.0000000E+00   0.0000000E+00   0.0000000E+00   0.0000000E+00   0.0000000E+00   0.0000000E+00   0.0000000E+00   0.0000000E+00   0.0000000E+00   0.0000000E+00   0.0000000E+00   0.0000000E+00   0.0000000E+00   0.0000000E+00   0.0000000E+00   0.0000000E+00   0.0000000E+00   0.0000000E+00   0.0000000E+00   0.0000000E+00   0.0000000E+00   0.0000000E+00   0.0000000E+00   0.0000000E+00   0.0000000E+00   0.0000000E+00   0.0000000E+00   0.0000000E+00   0.0000000E+00   0.0000000E+00   0.0000000E+00   9.9934017E-10   1.6758111E-08   1.4742284E-07   2.5417239E-07   3.8496594E-07   6.0304967E-07   9.3704523E-07   1.4450155E-06   2.1888347E-06   3.1608058E-06   4.7085878E-06   6.8671275E-06   9.8491200E-06   1.4090833E-05   1.9861855E-05   2.7544862E-05   3.7450212E-05   4.9339116E-05   6.2136132E-05   7.9922334E-05   1.0064236E-04   1.2392971E-04   1.4908679E-04   1.7522267E-04   2.0130967E-04   2.2440265E-04   2.4109679E-04   2.4995371E-04   2.4885067E-04   2.3635865E-04   2.1243851E-04   1.8022768E-04   1.4581041E-04   1.0355619E-04   6.8013593E-05   4.6724872E-05   2.7182659E-05   1.9543508E-05   1.3959650E-05   1.2763285E-05   1.3455659E-05   1.9452595E-05   5.5565415E-05   2.1745190E-04   4.8934942E-04   4.6688036E-04   4.0785602E-04   3.5191199E-04   2.8376089E-04   1.7104814E-04   0.0000000E+00
   0.0000000E+00   0.0000000E+00   0.0000000E+00   0.0000000E+00   0.0000000E+00   0.0000000E+00   0.0000000E+00   0.0000000E+00   0.0000000E+00   0.0000000E+00   0.0000000E+00   0.0000000E+00   0.0000000E+00   0.0000000E+00   0.0000000E+00   0.0000000E+00   0.0000000E+00   0.0000000E+00   0.0000000E+00   0.0000000E+00   0.0000000E+00   0.0000000E+00   0.0000000E+00   0.0000000E+00   0.0000000E+00   0.0000000E+00   0.0000000E+00   0.0000000E+00   0.0000000E+00   0.0000000E+00   0.0000000E+00   0.0000000E+00   0.0000000E+00   0.0000000E+00   0.0000000E+00   0.0000000E+00   0.0000000E+00   0.0000000E+00   0.0000000E+00   0.0000000E+00   0.0000000E+00   0.0000000E+00   0.0000000E+00   0.0000000E+00   0.0000000E+00   0.0000000E+00   0.0000000E+00   0.0000000E+00   1.5638027E-10   4.0805110E-09   5.6539836E-08   4.3685736E-07   7.7201338E-07   1.2213405E-06   1.9813099E-06   3.1814366E-06   5.0526837E-06   7.8503044E-06   1.1695331E-05   1.7780480E-05   2.6400850E-05   3.8459963E-05   5.5560697E-05   7.8759709E-05   1.0936124E-04   1.4813067E-04   1.9368262E-04   2.4301709E-04   3.0748977E-04   3.7898100E-04   4.5436231E-04   5.2926916E-04   5.9874140E-04   6.5738882E-04   6.9602515E-04   7.0690521E-04   6.8869774E-04   6.4055936E-04   5.6504487E-04   4.6874033E-04   3.6399270E-04   2.6584262E-04   1.7150541E-04   1.0169568E-04   6.1675986E-05   3.4627345E-05   2.3336210E-05   1.6071746E-05   1.4293335E-05   1.5676975E-05   2.3291022E-05   6.6756060E-05   2.4657312E-04   4.9873634E-04   4.6535465E-04   4.0481798E-04   3.4876805E-04   2.7967658E-04   1.6607030E-04   0.0000000E+00
   0.0000000E+00   0.0000000E+00   0.0000000E+00   0.0000000E+00   0.0000000E+00   0.0000000E+00   0.0000000E+00   0.0000000E+00   0.0000000E+00   0.0000000E+00   0.0000000E+00   0.0000000E+00   0.0000000E+00   0.0000000E+00   0.0000000E+00   0.0000000E+00   0.0000000E+00   0.0000000E+00   0.0000000E+00   0.0000000E+00   0.0000000E+00   0.0000000E+00   0.0000000E+00   0.0000000E+00   0.0000000E+00   0.0000000E+00   0.0000000E+00   0.0000000E+00   0.0000000E+00   0.0000000E+00   0.0000000E+00   0.0000000E+00   0.0000000E+00   0.0000000E+00   0.0000000E+00   0.0000000E+00   0.0000000E+00   0.0000000E+00   0.0000000E+00   0.0000000E+00   0.0000000E+00   0.0000000E+00   0.0000000E+00   0.0000000E+00   0.0000000E+00   0.0000000E+00   0.0000000E+00   0.0000000E+00   1.0141846E-09   1.8492010E-08   2.1514428E-07   1.4386333E-06   2.6099422E-06   4.3063997E-06   7.2230155E-06   1.1950994E-05   1.9462970E-05   3.0853567E-05   4.7070036E-05   7.2433628E-05   1.0844826E-04   1.5866706E-04   2.2847304E-04   3.2090084E-04   4.3874004E-04   5.8125117E-04   7.3987333E-04   9.0466830E-04   1.0990062E-03   1.2913313E-03   1.4656712E-03   1.6054276E-03   1.6966650E-03   1.7297164E-03   1.6959065E-03   1.5965413E-03   1.4445825E-03   1.2530533E-03   1.0363320E-03   8.0968073E-04   5.9224345E-04   4.0491211E-04   2.4620065E-04   1.3621360E-04   7.7586381E-05   4.1070460E-05   2.6733236E-05   1.8123521E-05   1.6254409E-05   1.7401953E-05   2.6631771E-05   7.8260979E-05   2.7219430E-04   5.1166076E-04   4.6373284E-04   4.0179564E-04   3.4561436E-04   2.7559209E-04   1.6124427E-04   0.0000000E+00
   0.0000000E+00   0.0000000E+00   0.0000000E+00   0.0000000E+00   0.0000000E+00   0.0000000E+00   0.0000000E+00   0.0000000E+00   0.0000000E+00   0.0000000E+00   0.0000000E+00   0.0000000E+00   0.0000000E+00   0.0000000E+00   0.0000000E+00   0.0000000E+00   0.0000000E+00   0.0000000E+00   0.0000000E+00   0.0000000E+00   0.0000000E+00   0.0000000E+00   0.0000000E+00   0.0000000E+00   0.0000000E+00   0.0000000E+00   0.0000000E+00   0.0000000E+00   0.0000000E+00   0.0000000E+00   0.0000000E+00   0.0000000E+00   0.0000000E+00   0.0000000E+00   0.0000000E+00   0.0000000E+00   0.0000000E+00   0.0000000E+00   0.0000000E+00   0.0000000E+00   0.0000000E+00   0.0000000E+00   0.0000000E+00   0.0000000E+00   0.0000000E+00   0.0000000E+00   0.0000000E+00   3.0579256E-10   6.6201520E-09   9.4612943E-08   9.2056871E-07   5.2499622E-06   9.7628499E-06   1.6719336E-05   2.8815379E-05   4.8714122E-05   8.0468715E-05   1.2850179E-04   1.9755989E-04   3.0219846E-04   4.4691912E-04   6.4125349E-04   8.9566666E-04   1.2082371E-03   1.5702290E-03   1.9576063E-03   2.3286326E-03   2.6494877E-03   2.9368368E-03   3.1153138E-03   3.1118391E-03   2.9235121E-03   2.7241672E-03   2.5142774E-03   2.2936175E-03   2.0615882E-03   1.8180982E-03   1.5633046E-03   1.2988888E-03   1.0295179E-03   7.5591641E-04   5.1363697E-04   3.0866440E-04   1.6580492E-04   8.9286288E-05   4.7469453E-05   3.0172236E-05   2.0183936E-05   1.7837287E-05   1.9765765E-05   3.0918694E-05   9.1470087E-05   2.9907934E-04   5.2107964E-04   4.6202194E-04   3.9878569E-04   3.4244976E-04   2.7151042E-04   1.5656512E-04   0.0000000E+00
   0.0000000E+00   0.0000000E+00   0.0000000E+00   0.0000000E+00   0.0000000E+00   0.0000000E+00   0.0000000E+00   0.0000000E+00   0.0000000E+00   0.0000000E+00   0.0000000E+00   0.0000000E+00   0.0000000E+00   0.0000000E+00   0.0000000E+00   0.0000000E+00   0.0000000E+00   0.0000000E+00   0.0000000E+00   0.0000000E+00   0.0000000E+00   0.0000000E+00   0.0000000E+00   0.0000000E+00   0.0000000E+00   0.0000000E+00   0.0000000E+00   0.0000000E+00   0.0000000E+00   0.0000000E+00   0.0000000E+00   0.0000000E+00   0.0000000E+00   0.0000000E+00   0.0000000E+00   0.0000000E+00   0.0000000E+00   0.0000000E+00   0.0000000E+00   0.0000000E+00   0.0000000E+00   0.0000000E+00   0.0000000E+00   0.0000000E+00   0.0000000E+00   0.0000000E+00   6.8282040E-11   3.0248635E-09   4.7378538E-08   5.4492870E-07   4.3721261E-06   2.0995303E-05   3.9696199E-05   6.9682625E-05   1.2143181E-04   2.0466460E-04   3.2334522E-04   5.0685665E-04   7.6002069E-04   1.1126091E-03   1.5549107E-03   2.0781977E-03   2.6572293E-03   3.2291571E-03   3.7200253E-03   4.0434650E-03   4.0124580E-03   3.8359077E-03   3.7479124E-03   3.5310443E-03   3.2839477E-03   3.1163667E-03   2.8983823E-03   2.6712569E-03   2.4380523E-03   2.1981089E-03   1.9484184E-03   1.6880217E-03   1.4147518E-03   1.1311340E-03   8.4332365E-04   5.8081688E-04   3.5212177E-04   1.8811911E-04   1.0030594E-04   5.2148800E-05   3.2911397E-05   2.1994781E-05   1.9696050E-05   2.1470301E-05   3.4911107E-05   1.0432554E-04   3.2174529E-04   5.2095292E-04   4.6022798E-04   3.9578628E-04   3.3927409E-04   2.6743501E-04   1.5202821E-04   0.0000000E+00
   0.0000000E+00   0.0000000E+00   0.0000000E+00   0.0000000E+00   0.0000000E+00   0.0000000E+00   0.0000000E+00   0.0000000E+00   0.0000000E+00   0.0000000E+00   0.0000000E+00   0.0000000E+00   0.0000000E+00   0.0000000E+00   0.0000000E+00   0.0000000E+00   0.0000000E+00   0.0000000E+00   0.0000000E+00   0.0000000E+00   0.0000000E+00   0.0000000E+00   0.0000000E+00   0.0000000E+00   0.0000000E+00   0.0000000E+00   0.0000000E+00   0.0000000E+00   0.0000000E+00   0.0000000E+00   0.0000000E+00   0.0000000E+00   0.0000000E+00   0.0000000E+00   0.0000000E+00   0.0000000E+00   0.0000000E+00   0.0000000E+00   0.0000000E+00   0.0000000E+00   0.0000000E+00   0.0000000E+00   0.0000000E+00   0.0000000E+00   0.0000000E+00   3.1821049E-11   1.8563941E-09   3.0607627E-08   3.7284426E-07   3.4225120E-06   2.2002163E-05   8.5635154E-05   1.6163963E-04   2.8290978E-04   4.8056684E-04   7.7234086E-04   1.1806397E-03   1.6649466E-03   2.2433989E-03   2.9139470E-03   3.5890888E-03   4.1826270E-03   4.5476272E-03   4.5055929E-03   4.2848382E-03   4.0767472E-03   3.8827152E-03   3.7519264E-03   3.6332447E-03   3.4458812E-03   3.2962859E-03   3.0757687E-03   2.8762708E-03   2.6640580E-03   2.4432305E-03   2.2149940E-03   1.9779969E-03   1.7287590E-03   1.4633227E-03   1.1820642E-03   8.9303748E-04   6.2056317E-04   3.7922274E-04   2.0324506E-04   1.0669356E-04   5.6662753E-05   3.5597866E-05   2.3799790E-05   2.1108073E-05   2.3691686E-05   3.9539307E-05   1.1855629E-04   3.4458630E-04   5.2060682E-04   4.5835620E-04   3.9279627E-04   3.3608775E-04   2.6336923E-04   1.4762912E-04   0.0000000E+00
   0.0000000E+00   0.0000000E+00   0.0000000E+00   0.0000000E+00   0.0000000E+00   0.0000000E+00   0.0000000E+00   0.0000000E+00   0.0000000E+00   0.0000000E+00   0.0000000E+00   0.0000000E+00   0.0000000E+00   0.0000000E+00   0.0000000E+00   0.0000000E+00   0.0000000E+00   0.0000000E+00   0.0000000E+00   0.0000000E+00   0.0000000E+00   0.0000000E+00   0.0000000E+00   0.0000000E+00   0.0000000E+00   0.0000000E+00   0.0000000E+00   0.0000000E+00   0.0000000E+00   0.0000000E+00   0.0000000E+00   0.0000000E+00   0.0000000E+00   0.0000000E+00   0.0000000E+00   0.0000000E+00   0.0000000E+00   0.0000000E+00   0.0000000E+00   0.0000000E+00   0.0000000E+00   0.0000000E+00   0.0000000E+00   0.0000000E+00   2.6656505E-11   1.4468856E-09   2.3141872E-08   2.8721851E-07   2.7891247E-06   2.0603036E-05   1.0874518E-04   3.6464282E-04   6.1715895E-04   9.6333335E-04   1.4486653E-03   2.0864531E-03   2.9315136E-03   3.7743628E-03   4.4743288E-03   4.6210908E-03   4.5106439E-03   4.3299114E-03   4.2464449E-03   4.1775298E-03   4.0479945E-03   3.9120750E-03   3.7836633E-03   3.6836041E-03   3.5348726E-03   3.3112778E-03   3.2337902E-03   2.9578677E-03   2.8458450E-03   2.6370822E-03   2.4179535E-03   2.1917147E-03   1.9605129E-03   1.7228011E-03   1.4687200E-03   1.1968606E-03   9.1406819E-04   6.4028328E-04   3.9402704E-04   2.1242346E-04   1.1296761E-04   5.9625196E-05   3.7614711E-05   2.5362340E-05   2.2714497E-05   2.5497815E-05   4.4060827E-05   1.3192795E-04   3.6288059E-04   5.1937863E-04   4.5641128E-04   3.8981476E-04   3.3289130E-04   2.5931629E-04   1.4336353E-04   0.0000000E+00
   0.0000000E+00   0.0000000E+00   0.0000000E+00   0.0000000E+00   0.0000000E+00   0.0000000E+00   0.0000000E+00   0.0000000E+00   0.0000000E+00   0.0000000E+00   0.0000000E+00   0.0000000E+00   0.0000000E+00   0.0000000E+00   0.0000000E+00   0.0000000E+00   0.0000000E+00   0.0000000E+00   0.0000000E+00   0.0000000E+00   0.0000000E+00   0.0000000E+00   0.0000000E+00   0.0000000E+00   0.0000000E+00   0.0000000E+00   0.0000000E+00   0.0000000E+00   0.0000000E+00   0.0000000E+00   0.0000000E+00   0.0000000E+00   0.0000000E+00   0.0000000E+00   0.0000000E+00   0.0000000E+00   0.0000000E+00   0.0000000E+00   0.0000000E+00   0.0000000E+00   0.0000000E+00   0.0000000E+00   0.0000000E+00   0.0000000E+00   1.0679323E-09   1.6410239E-08   2.0148279E-07   1.9941758E-06   1.5595062E-05   9.2530798E-05   3.9143907E-04   1.0808222E-03   1.7368497E-03   2.5803323E-03   3.5532690E-03   4.4387956E-03   4.6223234E-03   4.4834027E-03   4.3629170E-03   4.3099397E-03   4.2068479E-03   4.1382411E-03   4.0859459E-03   4.0065679E-03   3.8796305E-03   3.7813717E-03   3.6874684E-03   3.6009289E-03   3.4598634E-03   3.3046817E-03   3.1745336E-03   2.9670156E-03   2.8117003E-03   2.6052610E-03   2.3877628E-03   2.1663618E-03   1.9382657E-03   1.7015287E-03   1.4513570E-03   1.1891660E-03   9.1516128E-04   6.4533285E-04   3.9977854E-04   2.1730037E-04   1.1593324E-04   6.2571693E-05   3.9664570E-05   2.6894233E-05   2.4061301E-05   2.7741633E-05   4.8962767E-05   1.4639672E-04   3.8121911E-04   5.1794254E-04   4.5439735E-04   3.8684113E-04   3.2968557E-04   2.5527933E-04   1.3922731E-04   0.0000000E+00
   0.0000000E+00   0.0000000E+00   0.0000000E+00   0.0000000E+00   0.0000000E+00   0.0000000E+00   0.0000000E+00   0.0000000E+00   0.0000000E+00   0.0000000E+00   0.0000000E+00   0.0000000E+00   0.0000000E+00   0.0000000E+00   0.0000000E+00   0.0000000E+00   0.0000000E+00   0.0000000E+00   0.0000000E+00   0.0000000E+00   0.0000000E+00   0.0000000E+00   0.0000000E+00   0.0000000E+00   0.0000000E+00   0.0000000E+00   0.0000000E+00   0.0000000E+00   0.0000000E+00   0.0000000E+00   0.0000000E+00   0.0000000E+00   0.0000000E+00   0.0000000E+00   0.0000000E+00   0.0000000E+00   0.0000000E+00   0.0000000E+00   0.0000000E+00   0.0000000E+00   0.0000000E+00   0.0000000E+00   0.0000000E+00   8.1509993E-10   1.2354721E-08   1.5228790E-07   1.5495460E-06   1.2742281E-05   8.2310209E-05   3.9792611E-04   1.3450026E-03   2.9353376E-03   4.0930365E-03   4.5987484E-03   4.5039817E-03   4.3514231E-03   4.3056784E-03   4.2304881E-03   4.1852039E-03   4.1361004E-03   4.0723206E-03   4.0222094E-03   3.9786519E-03   3.8934513E-03   3.8047370E-03   3.7171836E-03   3.6352873E-03   3.5471537E-03   3.4132749E-03   3.2857086E-03   3.1351931E-03   2.9621981E-03   2.7798854E-03   2.5749144E-03   2.3586946E-03   2.1367942E-03   1.9073600E-03   1.6290928E-03   1.3913637E-03   1.1711885E-03   9.0418593E-04   6.4065482E-04   3.9929949E-04   2.1905877E-04   1.1906208E-04   6.4555090E-05   4.1178006E-05   2.8230106E-05   2.5561385E-05   2.9564386E-05   5.4023883E-05   1.5972739E-04   3.9565357E-04   5.1651133E-04   4.5231835E-04   3.8387475E-04   3.2647137E-04   2.5126117E-04   1.3521641E-04   0.0000000E+00
   0.0000000E+00   0.0000000E+00   0.0000000E+00   0.0000000E+00   0.0000000E+00   0.0000000E+00   0.0000000E+00   0.0000000E+00   0.0000000E+00   0.0000000E+00   0.0000000E+00   0.0000000E+00   0.0000000E+00   0.0000000E+00   0.0000000E+00   0.0000000E+00   0.0000000E+00   0.0000000E+00   0.0000000E+00   0.0000000E+00   0.0000000E+00   0.0000000E+00   0.0000000E+00   0.0000000E+00   0.0000000E+00   0.0000000E+00   0.0000000E+00   0.0000000E+00   0.0000000E+00   0.0000000E+00   0.0000000E+00   0.0000000E+00   0.0000000E+00   0.0000000E+00   0.0000000E+00   0.0000000E+00   0.0000000E+00   0.0000000E+00   0.0000000E+00   0.0000000E+00   0.0000000E+00   0.0000000E+00   6.4531330E-10   9.8969126E-09   1.2372200E-07   1.2938211E-06   1.1170257E-05   7.6937671E-05   4.0554584E-04   1.5164268E-03   3.5959713E-03   4.5473739E-03   4.3768473E-03   4.2963163E-03   4.2300723E-03   4.1783201E-03   4.1365060E-03   4.0927995E-03   4.0714261E-03   4.0266565E-03   3.9806706E-03   3.9428538E-03   3.9003172E-03   3.8157187E-03   3.7456232E-03   3.6683045E-03   3.5963410E-03   3.5034381E-03   3.3786909E-03   3.2614414E-03   3.1092148E-03   2.9481300E-03   2.7523739E-03   2.5485882E-03   2.3328234E-03   2.1065190E-03   1.8729846E-03   1.6176272E-03   1.3837814E-03   1.1483046E-03   8.6335320E-04   6.3023804E-04   3.9491404E-04   2.1889969E-04   1.2062192E-04   6.6671884E-05   4.2836331E-05   2.9619827E-05   2.6800253E-05   3.1763222E-05   5.9196638E-05   1.7389756E-04   4.0594605E-04   5.1513466E-04   4.5017785E-04   3.8091515E-04   3.2324961E-04   2.4726448E-04   1.3132689E-04   0.0000000E+00
   0.0000000E+00   0.0000000E+00   0.0000000E+00   0.0000000E+00   0.0000000E+00   0.0000000E+00   0.0000000E+00   0.0000000E+00   0.0000000E+00   0.0000000E+00   0.0000000E+00   0.0000000E+00   0.0000000E+00   0.0000000E+00   0.0000000E+00   0.0000000E+00   0.0000000E+00   0.0000000E+00   0.0000000E+00   0.0000000E+00   0.0000000E+00   0.0000000E+00   0.0000000E+00   0.0000000E+00   0.0000000E+00   0.0000000E+00   0.0000000E+00   0.0000000E+00   0.0000000E+00   0.0000000E+00   0.0000000E+00   0.0000000E+00   0.0000000E+00   0.0000000E+00   0.0000000E+00   0.0000000E+00   0.0000000E+00   0.0000000E+00   0.0000000E+00   0.0000000E+00   0.0000000E+00   3.3186245E-10   8.3623242E-09   1.0740597E-07   1.1557740E-06   1.0374663E-05   7.5548975E-05   4.2136040E-04   1.6546737E-03   3.9131511E-03   4.3289224E-03   4.2381738E-03   4.1686590E-03   4.1288915E-03   4.0831924E-03   4.0658130E-03   4.0298114E-03   4.0027602E-03   3.9907414E-03   3.9498932E-03   3.9131860E-03   3.8830936E-03   3.8397070E-03   3.7578761E-03   3.6973218E-03   3.6283198E-03   3.5624842E-03   3.4676082E-03   3.3488523E-03   3.2357052E-03   3.0878754E-03   2.9285860E-03   2.7292476E-03   2.5254213E-03   2.3083522E-03   2.0774393E-03   1.8430954E-03   1.6027399E-03   1.3704209E-03   1.1208573E-03   8.5251906E-04   6.0201081E-04   3.7826921E-04   2.1302658E-04   1.2240853E-04   6.8107394E-05   4.4189059E-05   3.0893203E-05   2.8143197E-05   3.3771452E-05   6.4883068E-05   1.8663594E-04   4.1332407E-04   5.1380909E-04   4.4797926E-04   3.7796181E-04   3.2002115E-04   2.4329175E-04   1.2755494E-04   0.0000000E+00
   0.0000000E+00   0.0000000E+00   0.0000000E+00   0.0000000E+00   0.0000000E+00   0.0000000E+00   0.0000000E+00   0.0000000E+00   0.0000000E+00   0.0000000E+00   0.0000000E+00   0.0000000E+00   0.0000000E+00   0.0000000E+00   0.0000000E+00   0.0000000E+00   0.0000000E+00   0.0000000E+00   0.0000000E+00   0.0000000E+00   0.0000000E+00   0.0000000E+00   0.0000000E+00   0.0000000E+00   0.0000000E+00   0.0000000E+00   0.0000000E+00   0.0000000E+00   0.0000000E+00   0.0000000E+00   0.0000000E+00   0.0000000E+00   0.0000000E+00   0.0000000E+00   0.0000000E+00   0.0000000E+00   0.0000000E+00   0.0000000E+00   0.0000000E+00   0.0000000E+00   2.4801247E-10   6.9631017E-09   9.8376560E-08   1.0963049E-06   1.0184549E-05   7.7124954E-05   4.4967514E-04   1.8014065E-03   4.1378029E-03   4.1416646E-03   4.0842160E-03   4.0684086E-03   4.0436550E-03   4.0208986E-03   3.9890478E-03   3.9854436E-03   3.9550699E-03   3.9382232E-03   3.9294790E-03   3.8920287E-03   3.8607232E-03   3.8347866E-03   3.7898310E-03   3.7120676E-03   3.6567263E-03   3.5940020E-03   3.5314620E-03   3.4369340E-03   3.3212106E-03   3.2099481E-03   3.0669428E-03   2.9060331E-03   2.7066730E-03   2.5021140E-03   2.2829727E-03   2.0499344E-03   1.8164280E-03   1.5851721E-03   1.3525389E-03   1.0948804E-03   8.3843333E-04   5.9167139E-04   3.7327874E-04   2.1205586E-04   1.2303502E-04   6.9261281E-05   4.5312034E-05   3.2072472E-05   3.0771687E-05   3.5982739E-05   7.0566515E-05   2.0006883E-04   4.1842862E-04   5.1313156E-04   4.4572575E-04   3.7501432E-04   3.1678699E-04   2.3934526E-04   1.2389688E-04   0.0000000E+00
   0.0000000E+00   0.0000000E+00   0.0000000E+00   0.0000000E+00   0.0000000E+00   0.0000000E+00   0.0000000E+00   0.0000000E+00   0.0000000E+00   0.0000000E+00   0.0000000E+00   0.0000000E+00   0.0000000E+00   0.0000000E+00   0.0000000E+00   0.0000000E+00   0.0000000E+00   0.0000000E+00   0.0000000E+00   0.0000000E+00   0.0000000E+00   0.0000000E+00   0.0000000E+00   0.0000000E+00   0.0000000E+00   0.0000000E+00   0.0000000E+00   0.0000000E+00   0.0000000E+00   0.0000000E+00   0.0000000E+00   0.0000000E+00   0.0000000E+00   0.0000000E+00   0.0000000E+00   0.0000000E+00   0.0000000E+00   0.0000000E+00   0.0000000E+00   2.1875106E-10   6.2797008E-09   9.3154391E-08   1.0905006E-06   1.0499599E-05   8.1943224E-05   4.8920617E-04   1.9714772E-03   4.1673505E-03   3.9898483E-03   3.9418084E-03   3.9487863E-03   3.9625559E-03   3.9586411E-03   3.9445041E-03   3.9225384E-03   3.9245831E-03   3.8991314E-03   3.8888808E-03   3.8805970E-03   3.8460728E-03   3.8182277E-03   3.7940000E-03   3.7474113E-03   3.6739507E-03   3.6218045E-03   3.5636122E-03   3.5025368E-03   3.4088686E-03   3.2948647E-03   3.1845761E-03   3.0451333E-03   2.8816878E-03   2.6833066E-03   2.4775728E-03   2.2563839E-03   2.0237137E-03   1.7918908E-03   1.5654730E-03   1.3315892E-03   1.0710307E-03   8.2303409E-04   5.8037764E-04   3.6706874E-04   2.1014042E-04   1.2289135E-04   6.9941503E-05   4.6091107E-05   3.3009750E-05   3.1394502E-05   3.9130893E-05   8.0934849E-05   2.1180432E-04   4.2244265E-04   5.1108428E-04   4.4342040E-04   3.7207227E-04   3.1354814E-04   2.3542710E-04   1.2034914E-04   0.0000000E+00
   0.0000000E+00   0.0000000E+00   0.0000000E+00   0.0000000E+00   0.0000000E+00   0.0000000E+00   0.0000000E+00   0.0000000E+00   0.0000000E+00   0.0000000E+00   0.0000000E+00   0.0000000E+00   0.0000000E+00   0.0000000E+00   0.0000000E+00   0.0000000E+00   0.0000000E+00   0.0000000E+00   0.0000000E+00   0.0000000E+00   0.0000000E+00   0.0000000E+00   0.0000000E+00   0.0000000E+00   0.0000000E+00   0.0000000E+00   0.0000000E+00   0.0000000E+00   0.0000000E+00   0.0000000E+00   0.0000000E+00   0.0000000E+00   0.0000000E+00   0.0000000E+00   0.0000000E+00   0.0000000E+00   0.0000000E+00   0.0000000E+00   2.0605828E-10   6.0128360E-09   9.2282825E-08   1.1243535E-06   1.1250047E-05   9.0237350E-05   5.4505747E-04   2.1579056E-03   4.0921965E-03   3.8718267E-03   3.8173979E-03   3.8260617E-03   3.8621004E-03   3.8896934E-03   3.8963626E-03   3.8872145E-03   3.8724316E-03   3.8766589E-03   3.8554657E-03   3.8493117E-03   3.8403696E-03   3.8082963E-03   3.7827066E-03   3.7586370E-03   3.7106366E-03   3.6411409E-03   3.5912099E-03   3.5361310E-03   3.4752984E-03   3.3821873E-03   3.2694815E-03   3.1596497E-03   3.0222198E-03   2.8561901E-03   2.6587767E-03   2.4516033E-03   2.2288286E-03   1.9976739E-03   1.7678957E-03   1.5441010E-03   1.3087770E-03   1.0490401E-03   8.0669142E-04   5.6830916E-04   3.6000906E-04   2.0751257E-04   1.2223737E-04   7.0288785E-05   4.6615518E-05   3.3750821E-05   3.2192926E-05   4.1172469E-05   8.4435065E-05   2.2194558E-04   4.2588887E-04   5.0957233E-04   4.4106613E-04   3.6913538E-04   3.1030554E-04   2.3153923E-04   1.1690823E-04   0.0000000E+00
   0.0000000E+00   0.0000000E+00   0.0000000E+00   0.0000000E+00   0.0000000E+00   0.0000000E+00   0.0000000E+00   0.0000000E+00   0.0000000E+00   0.0000000E+00   0.0000000E+00   0.0000000E+00   0.0000000E+00   0.0000000E+00   0.0000000E+00   0.0000000E+00   0.0000000E+00   0.0000000E+00   0.0000000E+00   0.0000000E+00   0.0000000E+00   0.0000000E+00   0.0000000E+00   0.0000000E+00   0.0000000E+00   0.0000000E+00   0.0000000E+00   0.0000000E+00   0.0000000E+00   0.0000000E+00   0.0000000E+00   0.0000000E+00   0.0000000E+00   0.0000000E+00   0.0000000E+00   0.0000000E+00   0.0000000E+00   2.0453370E-10   6.0520868E-09   9.5455619E-08   1.2006152E-06   1.2409821E-05   1.0221341E-04   6.2144262E-04   2.3951270E-03   4.0517165E-03   3.7916226E-03   3.7097428E-03   3.7138013E-03   3.7510118E-03   3.8019405E-03   3.8363885E-03   3.8485455E-03   3.8426130E-03   3.8330930E-03   3.8378935E-03   3.8202684E-03   3.8165431E-03   3.8064646E-03   3.7763857E-03   3.7522833E-03   3.7273532E-03   3.6782143E-03   3.6123563E-03   3.5640041E-03   3.5109168E-03   3.4494619E-03   3.3564982E-03   3.2449416E-03   3.1350874E-03   2.9983234E-03   2.8299098E-03   2.6330806E-03   2.4243502E-03   2.2005721E-03   1.9714118E-03   1.7437798E-03   1.5214578E-03   1.2849754E-03   1.0282246E-03   7.8973867E-04   5.5570813E-04   3.5239503E-04   2.0438006E-04   1.2123830E-04   7.0366921E-05   4.6949488E-05   3.4349221E-05   3.2982625E-05   4.3157856E-05   8.9420486E-05   2.3045990E-04   4.2902931E-04   5.0826609E-04   4.3866577E-04   3.6620331E-04   3.0706023E-04   2.2768344E-04   1.1357081E-04   0.0000000E+00
   0.0000000E+00   0.0000000E+00   0.0000000E+00   0.0000000E+00   0.0000000E+00   0.0000000E+00   0.0000000E+00   0.0000000E+00   0.0000000E+00   0.0000000E+00   0.0000000E+00   0.0000000E+00   0.0000000E+00   0.0000000E+00   0.0000000E+00   0.0000000E+00   0.0000000E+00   0.0000000E+00   0.0000000E+00   0.0000000E+00   0.0000000E+00   0.0000000E+00   0.0000000E+00   0.0000000E+00   0.0000000E+00   0.0000000E+00   0.0000000E+00   0.0000000E+00   0.0000000E+00   0.0000000E+00   0.0000000E+00   0.0000000E+00   0.0000000E+00   0.0000000E+00   0.0000000E+00   0.0000000E+00   2.1206842E-10   6.3551839E-09   1.0262993E-07   1.3252985E-06   1.4050412E-05   1.1807981E-04   7.2109839E-04   2.6876330E-03   4.0215240E-03   3.7450592E-03   3.6256080E-03   3.6115097E-03   3.6456056E-03   3.6991618E-03   3.7580014E-03   3.7957460E-03   3.8106386E-03   3.8069612E-03   3.8012953E-03   3.8059240E-03   3.7912587E-03   3.7887266E-03   3.7774395E-03   3.7489801E-03   3.7257168E-03   3.6993383E-03   3.6493607E-03   3.5866823E-03   3.5395054E-03   3.4874885E-03   3.4248463E-03   3.3317287E-03   3.2210951E-03   3.1108111E-03   2.9736443E-03   2.8030402E-03   2.6063435E-03   2.3960560E-03   2.1718447E-03   1.9448623E-03   1.7193502E-03   1.4978889E-03   1.2607388E-03   1.0078006E-03   7.7244738E-04   5.4279936E-04   3.4445515E-04   2.0091304E-04   1.2000122E-04   7.0232520E-05   4.7129703E-05   3.4830544E-05   3.3741191E-05   4.5138160E-05   9.4725066E-05   2.3792488E-04   4.3197520E-04   5.0700229E-04   4.3622195E-04   3.6327582E-04   3.0381323E-04   2.2386137E-04   1.1033363E-04   0.0000000E+00
   0.0000000E+00   0.0000000E+00   0.0000000E+00   0.0000000E+00   0.0000000E+00   0.0000000E+00   0.0000000E+00   0.0000000E+00   0.0000000E+00   0.0000000E+00   0.0000000E+00   0.0000000E+00   0.0000000E+00   0.0000000E+00   0.0000000E+00   0.0000000E+00   0.0000000E+00   0.0000000E+00   0.0000000E+00   0.0000000E+00   0.0000000E+00   0.0000000E+00   0.0000000E+00   0.0000000E+00   0.0000000E+00   0.0000000E+00   0.0000000E+00   0.0000000E+00   0.0000000E+00   0.0000000E+00   0.0000000E+00   0.0000000E+00   0.0000000E+00   0.0000000E+00   0.0000000E+00   2.2818922E-10   6.9196195E-09   1.1411851E-07   1.5069750E-06   1.6290896E-05   1.3860714E-04   8.4390753E-04   3.0301430E-03   3.9994610E-03   3.7117370E-03   3.5733457E-03   3.5248850E-03   3.5466847E-03   3.5984039E-03   3.6619173E-03   3.7247890E-03   3.7638356E-03   3.7799065E-03   3.7779110E-03   3.7750478E-03   3.7791799E-03   3.7669209E-03   3.7647490E-03   3.7522907E-03   3.7251222E-03   3.7021586E-03   3.6740238E-03   3.6234804E-03   3.5635659E-03   3.5171981E-03   3.4655223E-03   3.4012757E-03   3.3077295E-03   3.1978735E-03   3.0867462E-03   2.9483840E-03   2.7757168E-03   2.5787223E-03   2.3669677E-03   2.1428340E-03   1.9180804E-03   1.6945994E-03   1.4736801E-03   1.2363885E-03   9.8750822E-04   7.5502694E-04   5.2976696E-04   3.3636135E-04   1.9724222E-04   1.1858800E-04   6.9935937E-05   4.7189755E-05   3.5218654E-05   3.4466862E-05   4.7133999E-05   1.0001079E-04   2.4471740E-04   4.3477310E-04   5.0571904E-04   4.3373732E-04   3.6035269E-04   3.0056556E-04   2.2007452E-04   1.0719352E-04   0.0000000E+00
   0.0000000E+00   0.0000000E+00   0.0000000E+00   0.0000000E+00   0.0000000E+00   0.0000000E+00   0.0000000E+00   0.0000000E+00   0.0000000E+00   0.0000000E+00   0.0000000E+00   0.0000000E+00   0.0000000E+00   0.0000000E+00   0.0000000E+00   0.0000000E+00   0.0000000E+00   0.0000000E+00   0.0000000E+00   0.0000000E+00   0.0000000E+00   0.0000000E+00   0.0000000E+00   0.0000000E+00   0.0000000E+00   0.0000000E+00   0.0000000E+00   0.0000000E+00   0.0000000E+00   0.0000000E+00   0.0000000E+00   0.0000000E+00   0.0000000E+00   0.0000000E+00   2.5335978E-10   7.7696800E-09   1.3061292E-07   1.7578722E-06   1.9282010E-05   1.6490833E-04   9.9158299E-04   3.3943311E-03   3.9535840E-03   3.6871468E-03   3.5364623E-03   3.4675736E-03   3.4584810E-03   3.5019061E-03   3.5648064E-03   3.6345052E-03   3.6990819E-03   3.7382396E-03   3.7545892E-03   3.7538977E-03   3.7530460E-03   3.7565597E-03   3.7462097E-03   3.7438360E-03   3.7302875E-03   3.7041099E-03   3.6810057E-03   3.6509892E-03   3.6001133E-03   3.5425799E-03   3.4966837E-03   3.4447624E-03   3.3786336E-03   3.2844916E-03   3.1751979E-03   3.0628250E-03   2.9226602E-03   2.7480272E-03   2.5503866E-03   2.3373200E-03   2.1136873E-03   1.8911515E-03   1.6695863E-03   1.4490600E-03   1.2121196E-03   9.6729829E-04   7.3763379E-04   5.1675207E-04   3.2823969E-04   1.9346367E-04   1.1704917E-04   6.9518806E-05   4.7158112E-05   3.5534227E-05   3.5165631E-05   4.9147551E-05   1.0517147E-04   2.5107319E-04   4.3744256E-04   5.0439272E-04   4.3121431E-04   3.5743369E-04   2.9731830E-04   2.1632428E-04   1.0414746E-04   0.0000000E+00
   0.0000000E+00   0.0000000E+00   0.0000000E+00   0.0000000E+00   0.0000000E+00   0.0000000E+00   0.0000000E+00   0.0000000E+00   0.0000000E+00   0.0000000E+00   0.0000000E+00   0.0000000E+00   0.0000000E+00   0.0000000E+00   0.0000000E+00   0.0000000E+00   0.0000000E+00   0.0000000E+00   0.0000000E+00   0.0000000E+00   0.0000000E+00   0.0000000E+00   0.0000000E+00   0.0000000E+00   0.0000000E+00   0.0000000E+00   0.0000000E+00   0.0000000E+00   0.0000000E+00   0.0000000E+00   0.0000000E+00   0.0000000E+00   0.0000000E+00   2.8871527E-10   8.9504688E-09   1.5315777E-07   2.0949485E-06   2.3212926E-05   1.9828412E-04   1.1666156E-03   3.7584079E-03   3.8714192E-03   3.6549980E-03   3.5091932E-03   3.4270859E-03   3.3968273E-03   3.4127557E-03   3.4702446E-03   3.5405736E-03   3.6140392E-03   3.6788506E-03   3.7173803E-03   3.7334880E-03   3.7338287E-03   3.7343893E-03   3.7372578E-03   3.7283748E-03   3.7254228E-03   3.7108746E-03   3.6854113E-03   3.6618144E-03   3.6299105E-03   3.5788920E-03   3.5233817E-03   3.4776439E-03   3.4250068E-03   3.3568225E-03   3.2619773E-03   3.1529826E-03   3.0389868E-03   2.8965897E-03   2.7200286E-03   2.5214481E-03   2.3072702E-03   2.0845258E-03   1.8641587E-03   1.6443867E-03   1.4242091E-03   1.1880558E-03   9.4719871E-04   7.2038203E-04   5.0385867E-04   3.2018049E-04   1.8964644E-04   1.1542739E-04   6.9014175E-05   4.7057951E-05   3.5794619E-05   3.5845878E-05   5.1178788E-05   1.1019290E-04   2.5713613E-04   4.3999212E-04   5.0301413E-04   4.2865533E-04   3.5451874E-04   2.9407244E-04   2.1261185E-04   1.0119248E-04   0.0000000E+00
   0.0000000E+00   0.0000000E+00   0.0000000E+00   0.0000000E+00   0.0000000E+00   0.0000000E+00   0.0000000E+00   0.0000000E+00   0.0000000E+00   0.0000000E+00   0.0000000E+00   0.0000000E+00   0.0000000E+00   0.0000000E+00   0.0000000E+00   0.0000000E+00   0.0000000E+00   0.0000000E+00   0.0000000E+00   0.0000000E+00   0.0000000E+00   0.0000000E+00   0.0000000E+00   0.0000000E+00   0.0000000E+00   0.0000000E+00   0.0000000E+00   0.0000000E+00   0.0000000E+00   0.0000000E+00   0.0000000E+00   0.0000000E+00   1.7966859E-10   7.8322753E-09   1.8313807E-07   2.5400680E-06   2.8318567E-05   2.4003975E-04   1.3652019E-03   4.0031485E-03   3.7836104E-03   3.6200795E-03   3.4881008E-03   3.3971551E-03   3.3528744E-03   3.3474101E-03   3.3806034E-03   3.4476940E-03   3.5230701E-03   3.5986579E-03   3.6627443E-03   3.7001779E-03   3.7157487E-03   3.7169100E-03   3.7184283E-03   3.7206642E-03   3.7128604E-03   3.7090827E-03   3.6936172E-03   3.6686133E-03   3.6442506E-03   3.6105276E-03   3.5595135E-03   3.5056903E-03   3.4598215E-03   3.4060923E-03   3.3357562E-03   3.2401285E-03   3.1311417E-03   3.0151817E-03   2.8702498E-03   2.6917576E-03   2.4920322E-03   2.2769799E-03   2.0554203E-03   1.8371714E-03   1.6190746E-03   1.3992691E-03   1.1642766E-03   9.2725974E-04   7.0335297E-04   4.9116113E-04   3.1224679E-04   1.8583935E-04   1.1375624E-04   6.8447684E-05   4.6907691E-05   3.6014142E-05   3.6516307E-05   5.3229709E-05   1.1509283E-04   2.6299266E-04   4.4242584E-04   5.0158007E-04   4.2606264E-04   3.5160771E-04   2.9082899E-04   2.0893836E-04   9.8325771E-05   0.0000000E+00
   0.0000000E+00   0.0000000E+00   0.0000000E+00   0.0000000E+00   0.0000000E+00   0.0000000E+00   0.0000000E+00   0.0000000E+00   0.0000000E+00   0.0000000E+00   0.0000000E+00   0.0000000E+00   0.0000000E+00   0.0000000E+00   0.0000000E+00   0.0000000E+00   0.0000000E+00   0.0000000E+00   0.0000000E+00   0.0000000E+00   0.0000000E+00   0.0000000E+00   0.0000000E+00   0.0000000E+00   0.0000000E+00   0.0000000E+00   0.0000000E+00   0.0000000E+00   0.0000000E+00   0.0000000E+00   0.0000000E+00   9.1294909E-11   4.7506337E-09   1.4612165E-07   3.1196644E-06   3.4869416E-05   2.9133551E-04   1.5757672E-03   3.9179181E-03   3.6920407E-03   3.5742489E-03   3.4699671E-03   3.3794397E-03   3.3203857E-03   3.3001858E-03   3.3121386E-03   3.3578996E-03   3.4317512E-03   3.5105576E-03   3.5870995E-03   3.6498213E-03   3.6858632E-03   3.7007390E-03   3.7025479E-03   3.7046762E-03   3.7063037E-03   3.6992419E-03   3.6944817E-03   3.6781661E-03   3.6533875E-03   3.6280542E-03   3.5926264E-03   3.5417227E-03   3.4892706E-03   3.4430032E-03   3.3878847E-03   3.3153549E-03   3.2188753E-03   3.1095906E-03   2.9913664E-03   2.8436896E-03   2.6632417E-03   2.4622455E-03   2.2465759E-03   2.0264385E-03   1.8102498E-03   1.5937201E-03   1.3743495E-03   1.1408335E-03   9.0753142E-04   6.8660383E-04   4.7871092E-04   3.0448131E-04   1.8207626E-04   1.1206118E-04   6.7838897E-05   4.6721765E-05   3.6204467E-05   3.7185160E-05   5.5304332E-05   1.1989715E-04   2.6869375E-04   4.4474588E-04   5.0008943E-04   4.2343847E-04   3.4870053E-04   2.8758901E-04   2.0530490E-04   9.5544536E-05   0.0000000E+00
   0.0000000E+00   0.0000000E+00   0.0000000E+00   0.0000000E+00   0.0000000E+00   0.0000000E+00   0.0000000E+00   0.0000000E+00   0.0000000E+00   0.0000000E+00   0.0000000E+00   0.0000000E+00   0.0000000E+00   0.0000000E+00   0.0000000E+00   0.0000000E+00   0.0000000E+00   0.0000000E+00   0.0000000E+00   0.0000000E+00   0.0000000E+00   0.0000000E+00   0.0000000E+00   0.0000000E+00   0.0000000E+00   0.0000000E+00   0.0000000E+00   0.0000000E+00   0.0000000E+00   0.0000000E+00   2.7684757E-11   2.1496340E-09   7.8575319E-08   2.2377685E-06   4.3174223E-05   3.5423713E-04   1.8191055E-03   3.8779818E-03   3.6109814E-03   3.5127157E-03   3.4425454E-03   3.3685947E-03   3.3031034E-03   3.2652435E-03   3.2618488E-03   3.2868101E-03   3.3420590E-03   3.4207553E-03   3.5018332E-03   3.5784731E-03   3.6394005E-03   3.6738701E-03   3.6879752E-03   3.6902844E-03   3.6927571E-03   3.6937981E-03   3.6871887E-03   3.6813510E-03   3.6642354E-03   3.6394708E-03   3.6130208E-03   3.5760258E-03   3.5253020E-03   3.4739224E-03   3.4270124E-03   3.3702722E-03   3.2955438E-03   3.1981408E-03   3.0882508E-03   2.9675036E-03   2.8169383E-03   2.6345039E-03   2.4321801E-03   2.2161582E-03   1.9976285E-03   1.7834280E-03   1.5683725E-03   1.3495360E-03   1.1177598E-03   8.8805659E-04   6.7017355E-04   4.6654270E-04   2.9691189E-04   1.7838005E-04   1.1036100E-04   6.7202600E-05   4.6511344E-05   3.6375051E-05   3.7859900E-05   5.7407713E-05   1.2463095E-04   2.7426900E-04   4.4695375E-04   4.9854221E-04   4.2078487E-04   3.4579716E-04   2.8435347E-04   2.0171229E-04   9.2846116E-05   0.0000000E+00
   0.0000000E+00   0.0000000E+00   0.0000000E+00   0.0000000E+00   0.0000000E+00   0.0000000E+00   0.0000000E+00   0.0000000E+00   0.0000000E+00   0.0000000E+00   0.0000000E+00   0.0000000E+00   0.0000000E+00   0.0000000E+00   0.0000000E+00   0.0000000E+00   0.0000000E+00   0.0000000E+00   0.0000000E+00   0.0000000E+00   0.0000000E+00   0.0000000E+00   0.0000000E+00   0.0000000E+00   0.0000000E+00   0.0000000E+00   0.0000000E+00   0.0000000E+00   0.0000000E+00   0.0000000E+00   7.9884460E-10   3.0747557E-08   1.0054255E-06   2.5615718E-05   4.3104467E-04   2.1014486E-03   3.8572724E-03   3.5672484E-03   3.4360329E-03   3.3969465E-03   3.3510914E-03   3.2955036E-03   3.2470673E-03   3.2245405E-03   3.2336595E-03   3.2687706E-03   3.3313646E-03   3.4135520E-03   3.4960331E-03   3.5721280E-03   3.6309750E-03   3.6637697E-03   3.6770792E-03   3.6797605E-03   3.6823724E-03   3.6828422E-03   3.6764375E-03   3.6694705E-03   3.6515875E-03   3.6266483E-03   3.5989846E-03   3.5605703E-03   3.5100628E-03   3.4594741E-03   3.4117005E-03   3.3531606E-03   3.2762513E-03   3.1778459E-03   3.0670485E-03   2.9435598E-03   2.7900126E-03   2.6055642E-03   2.4019151E-03   2.1858055E-03   1.9690234E-03   1.7567398E-03   1.5430816E-03   1.3248951E-03   1.0950771E-03   8.6886878E-04   6.5408804E-04   4.5467849E-04   2.8955564E-04   1.7476572E-04   1.0866926E-04   6.6549881E-05   4.6285044E-05   3.6533536E-05   3.8547096E-05   5.9545120E-05   1.2931562E-04   2.7973505E-04   4.4905065E-04   4.9693882E-04   4.1810391E-04   3.4289758E-04   2.8112342E-04   1.9816139E-04   9.0227928E-05   0.0000000E+00
   0.0000000E+00   0.0000000E+00   0.0000000E+00   0.0000000E+00   0.0000000E+00   0.0000000E+00   0.0000000E+00   0.0000000E+00   0.0000000E+00   0.0000000E+00   0.0000000E+00   0.0000000E+00   0.0000000E+00   0.0000000E+00   0.0000000E+00   0.0000000E+00   0.0000000E+00   0.0000000E+00   0.0000000E+00   0.0000000E+00   0.0000000E+00   0.0000000E+00   0.0000000E+00   0.0000000E+00   0.0000000E+00   0.0000000E+00   0.0000000E+00   0.0000000E+00   0.0000000E+00   2.1660962E-10   9.7408179E-09   3.1779842E-07   8.5547863E-06   1.7780076E-04   2.4203984E-03   3.8471606E-03   3.5436524E-03   3.3889234E-03   3.3257024E-03   3.3156602E-03   3.2839130E-03   3.2406643E-03   3.2048144E-03   3.1940567E-03   3.2129581E-03   3.2562453E-03   3.3246235E-03   3.4093072E-03   3.4925169E-03   3.5675771E-03   3.6241575E-03   3.6552299E-03   3.6677478E-03   3.6706887E-03   3.6732808E-03   3.6731851E-03   3.6667758E-03   3.6586567E-03   3.6400240E-03   3.6147444E-03   3.5858105E-03   3.5461239E-03   3.4958399E-03   3.4457778E-03   3.3969423E-03   3.3364687E-03   3.2574087E-03   3.1579111E-03   3.0459170E-03   2.9195063E-03   2.7629205E-03   2.5764420E-03   2.3715198E-03   2.1555796E-03   1.9406473E-03   1.7302099E-03   1.5178890E-03   1.3004786E-03   1.0727966E-03   8.4999338E-04   6.3836342E-04   4.4313131E-04   2.8242185E-04   1.7124253E-04   1.0699561E-04   6.5889006E-05   4.6049481E-05   3.6686106E-05   3.9252456E-05   6.1721526E-05   1.3396826E-04   2.8510080E-04   4.5103772E-04   4.9527996E-04   4.1539755E-04   3.4000177E-04   2.7789982E-04   1.9465291E-04   8.7687476E-05   0.0000000E+00
   0.0000000E+00   0.0000000E+00   0.0000000E+00   0.0000000E+00   0.0000000E+00   0.0000000E+00   0.0000000E+00   0.0000000E+00   0.0000000E+00   0.0000000E+00   0.0000000E+00   0.0000000E+00   0.0000000E+00   0.0000000E+00   0.0000000E+00   0.0000000E+00   0.0000000E+00   0.0000000E+00   0.0000000E+00   0.0000000E+00   0.0000000E+00   0.0000000E+00   0.0000000E+00   0.0000000E+00   0.0000000E+00   0.0000000E+00   0.0000000E+00   0.0000000E+00   2.7145617E-11   2.1417836E-09   7.6279818E-08   1.9842541E-06   3.6416783E-05   4.2367040E-04   2.4164421E-03   3.7772045E-03   3.3621870E-03   3.2761099E-03   3.2500201E-03   3.2556644E-03   3.2327597E-03   3.1984458E-03   3.1724377E-03   3.1711196E-03   3.1979617E-03   3.2479926E-03   3.3209757E-03   3.4073994E-03   3.4907979E-03   3.5644465E-03   3.6186462E-03   3.6479884E-03   3.6597350E-03   3.6628351E-03   3.6652833E-03   3.6646193E-03   3.6580293E-03   3.6487537E-03   3.6293762E-03   3.6036137E-03   3.5733862E-03   3.5325666E-03   3.4824884E-03   3.4327051E-03   3.3826318E-03   3.3201268E-03   3.2389499E-03   3.1382605E-03   3.0247965E-03   2.8953168E-03   2.7356651E-03   2.5471568E-03   2.3410544E-03   2.1255284E-03   1.9125167E-03   1.7038573E-03   1.4928299E-03   1.2763261E-03   1.0509252E-03   8.3144935E-04   6.2300911E-04   4.3190768E-04   2.7551450E-04   1.6781570E-04   1.0534674E-04   6.5226093E-05   4.5809727E-05   3.6837795E-05   3.9980863E-05   6.3941341E-05   1.3860197E-04   2.9037078E-04   4.5291602E-04   4.9356627E-04   4.1266758E-04   3.3710987E-04   2.7468364E-04   1.9118746E-04   8.5222331E-05   0.0000000E+00
   0.0000000E+00   0.0000000E+00   0.0000000E+00   0.0000000E+00   0.0000000E+00   0.0000000E+00   0.0000000E+00   0.0000000E+00   0.0000000E+00   0.0000000E+00   0.0000000E+00   0.0000000E+00   0.0000000E+00   0.0000000E+00   0.0000000E+00   0.0000000E+00   0.0000000E+00   0.0000000E+00   0.0000000E+00   0.0000000E+00   0.0000000E+00   0.0000000E+00   0.0000000E+00   0.0000000E+00   0.0000000E+00   0.0000000E+00   0.0000000E+00   0.0000000E+00   2.5153651E-10   1.0824198E-08   3.0330099E-07   5.8459132E-06   7.5947843E-05   6.1024289E-04   2.4305936E-03   3.6674554E-03   3.2463330E-03   3.1988611E-03   3.1954986E-03   3.2098934E-03   3.1928380E-03   3.1653875E-03   3.1474233E-03   3.1539397E-03   3.1874219E-03   3.2431132E-03   3.3197817E-03   3.4073521E-03   3.4904988E-03   3.5624446E-03   3.6142024E-03   3.6418340E-03   3.6528376E-03   3.6560080E-03   3.6582137E-03   3.6569713E-03   3.6500541E-03   3.6396296E-03   3.6195018E-03   3.5931359E-03   3.5616171E-03   3.5197916E-03   3.4698811E-03   3.4201441E-03   3.3686787E-03   3.3040731E-03   3.2208122E-03   3.1188210E-03   3.0036333E-03   2.8709695E-03   2.7082474E-03   2.5177298E-03   2.3105722E-03   2.0956893E-03   1.8846423E-03   1.6776967E-03   1.4679343E-03   1.2524683E-03   1.0294652E-03   8.1324839E-04   6.0802931E-04   4.2100926E-04   2.6883345E-04   1.6448765E-04   1.0372722E-04   6.4565691E-05   4.5569683E-05   3.6992707E-05   4.0736501E-05   6.6208348E-05   1.4322641E-04   2.9554684E-04   4.5468658E-04   4.9179868E-04   4.0991584E-04   3.3422193E-04   2.7147582E-04   1.8776559E-04   8.2830156E-05   0.0000000E+00
   0.0000000E+00   0.0000000E+00   0.0000000E+00   0.0000000E+00   0.0000000E+00   0.0000000E+00   0.0000000E+00   0.0000000E+00   0.0000000E+00   0.0000000E+00   0.0000000E+00   0.0000000E+00   0.0000000E+00   0.0000000E+00   0.0000000E+00   0.0000000E+00   0.0000000E+00   0.0000000E+00   0.0000000E+00   0.0000000E+00   0.0000000E+00   0.0000000E+00   0.0000000E+00   0.0000000E+00   0.0000000E+00   0.0000000E+00   0.0000000E+00   0.0000000E+00   8.2233809E-10   3.0364752E-08   7.1531633E-07   1.1235981E-05   1.1727743E-04   7.5584458E-04   2.4510820E-03   3.5569328E-03   3.1663207E-03   3.1435883E-03   3.1549546E-03   3.1741434E-03   3.1611335E-03   3.1392227E-03   3.1280669E-03   3.1412661E-03   3.1804335E-03   3.2409360E-03   3.3205540E-03   3.4087929E-03   3.4913211E-03   3.5613403E-03   3.6106349E-03   3.6365949E-03   3.6468869E-03   3.6500483E-03   3.6519319E-03   3.6500955E-03   3.6427293E-03   3.6311697E-03   3.6102796E-03   3.5832103E-03   3.5504224E-03   3.5077040E-03   3.4579043E-03   3.4079975E-03   3.3550060E-03   3.2882530E-03   3.2029350E-03   3.0995242E-03   2.9823806E-03   2.8464450E-03   2.6806686E-03   2.4881817E-03   2.2801189E-03   2.0660900E-03   1.8570314E-03   1.6517402E-03   1.4432280E-03   1.2289286E-03   1.0084162E-03   7.9539919E-04   5.9342472E-04   4.1043456E-04   2.6237612E-04   1.6125866E-04   1.0213999E-04   6.3911117E-05   4.5332352E-05   3.7154245E-05   4.1522926E-05   6.8525645E-05   1.4784839E-04   3.0062950E-04   4.5635054E-04   4.8997800E-04   4.0714405E-04   3.3133803E-04   2.6827730E-04   1.8438778E-04   8.0508697E-05   0.0000000E+00
   0.0000000E+00   0.0000000E+00   0.0000000E+00   0.0000000E+00   0.0000000E+00   0.0000000E+00   0.0000000E+00   0.0000000E+00   0.0000000E+00   0.0000000E+00   0.0000000E+00   0.0000000E+00   0.0000000E+00   0.0000000E+00   0.0000000E+00   0.0000000E+00   0.0000000E+00   0.0000000E+00   0.0000000E+00   0.0000000E+00   0.0000000E+00   0.0000000E+00   0.0000000E+00   0.0000000E+00   0.0000000E+00   0.0000000E+00   0.0000000E+00   0.0000000E+00   1.7348695E-09   5.9608396E-08   1.2558784E-06   1.7258815E-05   1.5626238E-04   8.7285327E-04   2.4689643E-03   3.4532202E-03   3.1086269E-03   3.1029854E-03   3.1241316E-03   3.1457266E-03   3.1356395E-03   3.1183944E-03   3.1131662E-03   3.1321931E-03   3.1763196E-03   3.2409474E-03   3.3229126E-03   3.4114248E-03   3.4930271E-03   3.5609491E-03   3.6077884E-03   3.6321292E-03   3.6417409E-03   3.6448219E-03   3.6463190E-03   3.6438690E-03   3.6359534E-03   3.6232758E-03   3.6016060E-03   3.5737536E-03   3.5397324E-03   3.4962168E-03   3.4464577E-03   3.3961809E-03   3.3415479E-03   3.2726172E-03   3.1852613E-03   3.0803075E-03   2.9609976E-03   2.8217272E-03   2.6529296E-03   2.4585349E-03   2.2497352E-03   2.0367526E-03   1.8296881E-03   1.6259975E-03   1.4187330E-03   1.2057244E-03   9.8777562E-04   7.7790709E-04   5.7919347E-04   4.0017971E-04   2.5613801E-04   1.5812780E-04   1.0058693E-04   6.3264823E-05   4.5100063E-05   3.7325241E-05   4.2343188E-05   7.0895781E-05   1.5247242E-04   3.0561848E-04   4.5790896E-04   4.8810523E-04   4.0435381E-04   3.2845829E-04   2.6508901E-04   1.8105441E-04   7.8255747E-05   0.0000000E+00
   0.0000000E+00   0.0000000E+00   0.0000000E+00   0.0000000E+00   0.0000000E+00   0.0000000E+00   0.0000000E+00   0.0000000E+00   0.0000000E+00   0.0000000E+00   0.0000000E+00   0.0000000E+00   0.0000000E+00   0.0000000E+00   0.0000000E+00   0.0000000E+00   0.0000000E+00   0.0000000E+00   0.0000000E+00   0.0000000E+00   0.0000000E+00   0.0000000E+00   0.0000000E+00   0.0000000E+00   0.0000000E+00   0.0000000E+00   0.0000000E+00   3.6812269E-11   2.8759570E-09   9.4620255E-08   1.8533658E-06   2.3293387E-05   1.9160101E-04   9.6955674E-04   2.4829202E-03   3.3595320E-03   3.0659700E-03   3.0726769E-03   3.1003177E-03   3.1228345E-03   3.1149632E-03   3.1017936E-03   3.1018450E-03   3.1260478E-03   3.1745618E-03   3.2427467E-03   3.3265552E-03   3.4150076E-03   3.4954238E-03   3.5611219E-03   3.6055364E-03   3.6283194E-03   3.6372798E-03   3.6402161E-03   3.6412734E-03   3.6381870E-03   3.6296397E-03   3.6158625E-03   3.5933929E-03   3.5646954E-03   3.5294862E-03   3.4852526E-03   3.4354520E-03   3.3846204E-03   3.3282477E-03   3.2571214E-03   3.1677366E-03   3.0611129E-03   2.9394489E-03   2.7968034E-03   2.6250337E-03   2.4288127E-03   2.2194565E-03   2.0076926E-03   1.8026150E-03   1.6004773E-03   1.3944692E-03   1.1828692E-03   9.6753996E-04   7.6077483E-04   5.6533195E-04   3.9023921E-04   2.5011346E-04   1.5509315E-04   9.9069039E-05   6.2628584E-05   4.4874636E-05   3.7508089E-05   4.3199900E-05   7.3320669E-05   1.5710120E-04   3.1051310E-04   4.5936287E-04   4.8618138E-04   4.0154674E-04   3.2558286E-04   2.6191183E-04   1.7776582E-04   7.6069198E-05   0.0000000E+00
   0.0000000E+00   0.0000000E+00   0.0000000E+00   0.0000000E+00   0.0000000E+00   0.0000000E+00   0.0000000E+00   0.0000000E+00   0.0000000E+00   0.0000000E+00   0.0000000E+00   0.0000000E+00   0.0000000E+00   0.0000000E+00   0.0000000E+00   0.0000000E+00   0.0000000E+00   0.0000000E+00   0.0000000E+00   0.0000000E+00   0.0000000E+00   0.0000000E+00   0.0000000E+00   0.0000000E+00   0.0000000E+00   0.0000000E+00   0.0000000E+00   5.3352243E-11   4.1101202E-09   1.3156652E-07   2.4543140E-06   2.9019355E-05   2.2330222E-04   1.0517967E-03   2.4934851E-03   3.2768452E-03   3.0339798E-03   3.0498432E-03   3.0816928E-03   3.1042020E-03   3.0981053E-03   3.0886070E-03   3.0934492E-03   3.1223167E-03   3.1747555E-03   3.2460147E-03   3.3312379E-03   3.4193448E-03   3.4983542E-03   3.5617372E-03   3.6037748E-03   3.6250658E-03   3.6334014E-03   3.6361355E-03   3.6367071E-03   3.6329606E-03   3.6237144E-03   3.6088550E-03   3.5855649E-03   3.5559759E-03   3.5196301E-03   3.4747403E-03   3.4248079E-03   3.3732515E-03   3.3150564E-03   3.2417248E-03   3.1503101E-03   3.0418884E-03   2.9177046E-03   2.7716637E-03   2.5969855E-03   2.3990381E-03   2.1893133E-03   1.9789219E-03   1.7758134E-03   1.5751871E-03   1.3704530E-03   1.1603720E-03   9.4770454E-04   7.4400310E-04   5.5183511E-04   3.8060642E-04   2.4429604E-04   1.5215221E-04   9.7586737E-05   6.2003681E-05   4.4657496E-05   3.7704856E-05   4.4095337E-05   7.5801749E-05   1.6173597E-04   3.1531259E-04   4.6071343E-04   4.8420750E-04   3.9872434E-04   3.2271192E-04   2.5874662E-04   1.7452225E-04   7.3946991E-05   0.0000000E+00
   0.0000000E+00   0.0000000E+00   0.0000000E+00   0.0000000E+00   0.0000000E+00   0.0000000E+00   0.0000000E+00   0.0000000E+00   0.0000000E+00   0.0000000E+00   0.0000000E+00   0.0000000E+00   0.0000000E+00   0.0000000E+00   0.0000000E+00   0.0000000E+00   0.0000000E+00   0.0000000E+00   0.0000000E+00   0.0000000E+00   0.0000000E+00   0.0000000E+00   0.0000000E+00   0.0000000E+00   0.0000000E+00   0.0000000E+00   0.0000000E+00   9.7350412E-11   5.3395590E-09   1.6787479E-07   3.0290539E-06   3.4327164E-05   2.5190858E-04   1.1237315E-03   2.5015455E-03   3.2050016E-03   3.0098287E-03   3.0325674E-03   3.0669884E-03   3.0889183E-03   3.0843306E-03   3.0782244E-03   3.0874782E-03   3.1206002E-03   3.1765783E-03   3.2504937E-03   3.3367611E-03   3.4242738E-03   3.5016900E-03   3.5626963E-03   3.6024174E-03   3.6222853E-03   3.6300181E-03   3.6324977E-03   3.6325450E-03   3.6281138E-03   3.6181142E-03   3.6021890E-03   3.5780575E-03   3.5475453E-03   3.5101161E-03   3.4646157E-03   3.4144546E-03   3.3620184E-03   3.3019311E-03   3.2263892E-03   3.1329342E-03   3.0225869E-03   2.8957396E-03   2.7463017E-03   2.5687921E-03   2.3692348E-03   2.1593326E-03   1.9504481E-03   1.7492836E-03   1.5501342E-03   1.3466992E-03   1.1382399E-03   9.2826440E-04   7.2759122E-04   5.3869706E-04   3.7127399E-04   2.3867884E-04   1.4930211E-04   9.6140073E-05   6.1391038E-05   4.4449789E-05   3.7917318E-05   4.5031418E-05   7.8340003E-05   1.6637691E-04   3.2001612E-04   4.6196170E-04   4.8218467E-04   3.9588808E-04   3.1984565E-04   2.5559420E-04   1.7132392E-04   7.1887138E-05   0.0000000E+00
   0.0000000E+00   0.0000000E+00   0.0000000E+00   0.0000000E+00   0.0000000E+00   0.0000000E+00   0.0000000E+00   0.0000000E+00   0.0000000E+00   0.0000000E+00   0.0000000E+00   0.0000000E+00   0.0000000E+00   0.0000000E+00   0.0000000E+00   0.0000000E+00   0.0000000E+00   0.0000000E+00   0.0000000E+00   0.0000000E+00   0.0000000E+00   0.0000000E+00   0.0000000E+00   0.0000000E+00   0.0000000E+00   0.0000000E+00   0.0000000E+00   1.1965431E-10   6.5116059E-09   2.0226277E-07   3.5664027E-06   3.9227918E-05   2.7811475E-04   1.1883414E-03   2.5079995E-03   3.1432954E-03   2.9915867E-03   3.0194966E-03   3.0552940E-03   3.0763124E-03   3.0730865E-03   3.0701777E-03   3.0835441E-03   3.1205826E-03   3.1797688E-03   3.2559726E-03   3.3429593E-03   3.4296592E-03   3.5053252E-03   3.5639182E-03   3.6013923E-03   3.6199063E-03   3.6270549E-03   3.6292330E-03   3.6287212E-03   3.6235813E-03   3.6127837E-03   3.5958078E-03   3.5708160E-03   3.5393604E-03   3.5009012E-03   3.4548198E-03   3.4043298E-03   3.3508716E-03   3.2888344E-03   3.2110801E-03   3.1155641E-03   3.0031665E-03   2.8735332E-03   2.7207136E-03   2.5404620E-03   2.3394260E-03   2.1295375E-03   1.9222772E-03   1.7230256E-03   1.5253248E-03   1.3232206E-03   1.1164770E-03   9.0921391E-04   7.1153726E-04   5.2591128E-04   3.6223402E-04   2.3325477E-04   1.4653982E-04   9.4728777E-05   6.0791313E-05   4.4252451E-05   3.8147053E-05   4.6009845E-05   8.0936021E-05   1.7102330E-04   3.2462290E-04   4.6310885E-04   4.8011402E-04   3.9303928E-04   3.1698428E-04   2.5245544E-04   1.6817095E-04   6.9887719E-05   0.0000000E+00
   0.0000000E+00   0.0000000E+00   0.0000000E+00   0.0000000E+00   0.0000000E+00   0.0000000E+00   0.0000000E+00   0.0000000E+00   0.0000000E+00   0.0000000E+00   0.0000000E+00   0.0000000E+00   0.0000000E+00   0.0000000E+00   0.0000000E+00   0.0000000E+00   0.0000000E+00   0.0000000E+00   0.0000000E+00   0.0000000E+00   0.0000000E+00   0.0000000E+00   0.0000000E+00   0.0000000E+00   0.0000000E+00   0.0000000E+00   0.0000000E+00   1.4054734E-10   7.6079809E-09   2.3437200E-07   4.0665868E-06   4.3790191E-05   3.0259410E-04   1.2475653E-03   2.5128396E-03   3.0907888E-03   2.9778804E-03   3.0096464E-03   3.0459426E-03   3.0658813E-03   3.0639512E-03   3.0641034E-03   3.0813387E-03   3.1220093E-03   3.1841134E-03   3.2622763E-03   3.3496940E-03   3.4353880E-03   3.5091720E-03   3.5653363E-03   3.6006398E-03   3.6178678E-03   3.6244469E-03   3.6262805E-03   3.6251792E-03   3.6193067E-03   3.6076761E-03   3.5896623E-03   3.5637934E-03   3.5313843E-03   3.4919460E-03   3.4452991E-03   3.3943770E-03   3.3397689E-03   3.2757334E-03   3.1957647E-03   3.0981582E-03   2.9835908E-03   2.8510692E-03   2.6948981E-03   2.5120063E-03   2.3096346E-03   2.0999475E-03   1.8944121E-03   1.6970393E-03   1.5007654E-03   1.3000279E-03   1.0950856E-03   8.9054764E-04   6.9583836E-04   5.1347067E-04   3.5347839E-04   2.2801665E-04   1.4386218E-04   9.3352392E-05   6.0204962E-05   4.4066248E-05   3.8395483E-05   4.7032103E-05   8.3590057E-05   1.7567459E-04   3.2914284E-04   4.6415595E-04   4.7799668E-04   3.9017934E-04   3.1412800E-04   2.4933109E-04   1.6506344E-04   6.7946879E-05   0.0000000E+00
   0.0000000E+00   0.0000000E+00   0.0000000E+00   0.0000000E+00   0.0000000E+00   0.0000000E+00   0.0000000E+00   0.0000000E+00   0.0000000E+00   0.0000000E+00   0.0000000E+00   0.0000000E+00   0.0000000E+00   0.0000000E+00   0.0000000E+00   0.0000000E+00   0.0000000E+00   0.0000000E+00   0.0000000E+00   0.0000000E+00   0.0000000E+00   0.0000000E+00   0.0000000E+00   0.0000000E+00   0.0000000E+00   0.0000000E+00   0.0000000E+00   1.6003820E-10   8.6313854E-09   2.6438227E-07   4.5356087E-06   4.8099246E-05   3.2582757E-04   1.3009714E-03   2.5168669E-03   3.0464807E-03   2.9677020E-03   3.0022855E-03   3.0384373E-03   3.0572424E-03   3.0565963E-03   3.0597136E-03   3.0806155E-03   3.1246727E-03   3.1894341E-03   3.2692577E-03   3.3568479E-03   3.4413645E-03   3.5131588E-03   3.5668961E-03   3.6001101E-03   3.6161174E-03   3.6221382E-03   3.6235875E-03   3.6218693E-03   3.6152420E-03   3.6027497E-03   3.5837095E-03   3.5569498E-03   3.5235854E-03   3.4832144E-03   3.4360047E-03   3.3845466E-03   3.3286721E-03   3.2625988E-03   3.1804126E-03   3.0806789E-03   2.9638275E-03   2.8283349E-03   2.6688569E-03   2.4834373E-03   2.2798833E-03   2.0705799E-03   1.8668546E-03   1.6713245E-03   1.4764620E-03   1.2771308E-03   1.0740670E-03   8.7225984E-04   6.8049127E-04   5.0136819E-04   3.4499879E-04   2.2295736E-04   1.4126603E-04   9.2010319E-05   5.9632293E-05   4.3891836E-05   3.8663897E-05   4.8099500E-05   8.6302105E-05   1.8032840E-04   3.3354422E-04   4.6510421E-04   4.7583389E-04   3.8730950E-04   3.1127708E-04   2.4622196E-04   1.6200144E-04   6.6062814E-05   0.0000000E+00
