   2.8831270E+02   2.8863893E+02   2.8896627E+02   2.8929472E+02   2.8962429E+02   2.8995500E+02   2.9028684E+02   2.9061982E+02   2.9095395E+02   2.9128923E+02   2.9162568E+02   2.9196329E+02   2.9230208E+02   2.9264205E+02   2.9298321E+02   2.9332557E+02   2.9366913E+02   2.9401389E+02   2.9435988E+02   2.9470709E+02   2.9505553E+02   2.9540520E+02   2.9575613E+02   2.9610831E+02   2.9646174E+02   2.9681645E+02   2.9717243E+02   2.9752970E+02   2.9788825E+02   2.9824811E+02   2.9860927E+02   2.9897175E+02   2.9933555E+02   2.9970068E+02   3.0006716E+02   3.0043497E+02   3.0080415E+02   3.0117469E+02   3.0154660E+02   3.0191989E+02   3.0229457E+02   3.0267065E+02   3.0304813E+02   3.0342703E+02   3.0380736E+02   3.0418912E+02   3.0457232E+02   3.0495697E+02   3.0534308E+02   3.0573067E+02   3.0611973E+02   3.0651028E+02   3.0690233E+02   3.0729588E+02   3.0769096E+02   3.0808756E+02   3.0848570E+02   3.0888539E+02   3.0928663E+02   3.0968944E+02   3.1009383E+02   3.1049981E+02   3.1090738E+02   3.1131656E+02   3.1172737E+02   3.1213980E+02   3.1255387E+02   3.1296960E+02   3.1338699E+02   3.1380605E+02   3.1422680E+02   3.1464924E+02   3.1507340E+02   3.1549927E+02   3.1592687E+02   3.1635622E+02   3.1678732E+02   3.1722018E+02   3.1765483E+02   3.1809127E+02   3.1852951E+02   3.1896956E+02   3.1941145E+02   3.1985517E+02   3.2030075E+02   3.2074820E+02   3.2119753E+02   3.2164875E+02   3.2210188E+02   3.2255692E+02   3.2301390E+02   3.2347283E+02   3.2393372E+02   3.2439658E+02   3.2486143E+02   3.2532829E+02   3.2579717E+02   3.2626807E+02   3.2674103E+02   3.2721604E+02
   2.8831270E+02   2.8863893E+02   2.8896627E+02   2.8929472E+02   2.8962429E+02   2.8995500E+02   2.9028684E+02   2.9098738E+02   2.9170620E+02   2.9243461E+02   2.9312229E+02   2.9376495E+02   2.9441150E+02   2.9506182E+02   2.9571579E+02   2.9637330E+02   2.9703420E+02   2.9769836E+02   2.9836563E+02   2.9903583E+02   2.9970882E+02   3.0038440E+02   3.0106240E+02   3.0174262E+02   3.0242486E+02   3.0310890E+02   3.0379452E+02   3.0448150E+02   3.0516959E+02   3.0585854E+02   3.0654810E+02   3.0723800E+02   3.0792797E+02   3.0861772E+02   3.0930697E+02   3.0999542E+02   3.1068276E+02   3.1136867E+02   3.1205284E+02   3.1273494E+02   3.1341464E+02   3.1409159E+02   3.1476545E+02   3.1543586E+02   3.1610248E+02   3.1676493E+02   3.1742285E+02   3.1807587E+02   3.1872362E+02   3.1936572E+02   3.2000179E+02   3.2063143E+02   3.2125428E+02   3.2186994E+02   3.2247802E+02   3.2307813E+02   3.2366989E+02   3.2425289E+02   3.2482674E+02   3.2539105E+02   3.2594544E+02   3.2648949E+02   3.2702283E+02   3.2754505E+02   3.2805577E+02   3.2855460E+02   3.2904113E+02   3.2951498E+02   3.2997576E+02   3.3042307E+02   3.3085652E+02   3.3127572E+02   3.3168028E+02   3.3206979E+02   3.3244387E+02   3.3280212E+02   3.3314414E+02   3.3346951E+02   3.3377785E+02   3.3406873E+02   3.3434175E+02   3.3459648E+02   3.3483251E+02   3.3504939E+02   3.3524670E+02   3.3542399E+02   3.3558080E+02   3.3571667E+02   3.3583114E+02   3.3592371E+02   3.3599389E+02   3.3604117E+02   3.3606504E+02   3.3606495E+02   3.3604036E+02   3.3599070E+02   3.3591538E+02   3.3581381E+02   3.3568536E+02   3.3552939E+02
   2.8831270E+02   2.8863893E+02   2.8896627E+02   2.8929472E+02   2.8962429E+02   2.8995500E+02   2.9028642E+02   2.9098505E+02   2.9169660E+02   2.9241270E+02   2.9308549E+02   2.9371243E+02   2.9434060E+02   2.9496995E+02   2.9560045E+02   2.9623204E+02   2.9686469E+02   2.9749833E+02   2.9813293E+02   2.9876841E+02   2.9940473E+02   3.0004182E+02   3.0067962E+02   3.0131805E+02   3.0195705E+02   3.0259653E+02   3.0323641E+02   3.0387661E+02   3.0451704E+02   3.0515759E+02   3.0579816E+02   3.0643865E+02   3.0707894E+02   3.0771891E+02   3.0835843E+02   3.0899737E+02   3.0963559E+02   3.1027294E+02   3.1090927E+02   3.1154442E+02   3.1217821E+02   3.1281048E+02   3.1344103E+02   3.1406967E+02   3.1469621E+02   3.1532043E+02   3.1594212E+02   3.1656105E+02   3.1717699E+02   3.1778969E+02   3.1839891E+02   3.1900437E+02   3.1960581E+02   3.2020294E+02   3.2079548E+02   3.2138312E+02   3.2196555E+02   3.2254244E+02   3.2311346E+02   3.2367826E+02   3.2423648E+02   3.2478774E+02   3.2533167E+02   3.2586785E+02   3.2639589E+02   3.2691534E+02   3.2742577E+02   3.2792672E+02   3.2841770E+02   3.2889824E+02   3.2936782E+02   3.2982592E+02   3.3027200E+02   3.3070550E+02   3.3112584E+02   3.3153243E+02   3.3192466E+02   3.3230191E+02   3.3266354E+02   3.3300888E+02   3.3333728E+02   3.3364805E+02   3.3394049E+02   3.3421390E+02   3.3446756E+02   3.3470076E+02   3.3491278E+02   3.3510287E+02   3.3527030E+02   3.3541435E+02   3.3553429E+02   3.3563364E+02   3.3570459E+02   3.3574973E+02   3.3656584E+02   3.3741065E+02   3.3726288E+02   3.3708499E+02   3.3686347E+02   3.3663845E+02
   2.8831270E+02   2.8863893E+02   2.8896627E+02   2.8929472E+02   2.8962429E+02   2.8995500E+02   2.9028600E+02   2.9098505E+02   2.9169659E+02   2.9241270E+02   2.9308547E+02   2.9371238E+02   2.9434051E+02   2.9496981E+02   2.9560022E+02   2.9623170E+02   2.9686420E+02   2.9749766E+02   2.9813202E+02   2.9876722E+02   2.9940320E+02   3.0003988E+02   3.0067721E+02   3.0131510E+02   3.0195349E+02   3.0259228E+02   3.0323139E+02   3.0387075E+02   3.0451024E+02   3.0514979E+02   3.0578928E+02   3.0642862E+02   3.0706769E+02   3.0770637E+02   3.0834455E+02   3.0898210E+02   3.0961888E+02   3.1025477E+02   3.1088961E+02   3.1152326E+02   3.1215555E+02   3.1278633E+02   3.1341542E+02   3.1404265E+02   3.1466782E+02   3.1529073E+02   3.1591120E+02   3.1652900E+02   3.1714390E+02   3.1775569E+02   3.1836411E+02   3.1896891E+02   3.1956983E+02   3.2016659E+02   3.2075892E+02   3.2134650E+02   3.2192902E+02   3.2250617E+02   3.2307761E+02   3.2364298E+02   3.2420192E+02   3.2475405E+02   3.2529898E+02   3.2583629E+02   3.2636555E+02   3.2688634E+02   3.2739819E+02   3.2790063E+02   3.2839316E+02   3.2887528E+02   3.2934648E+02   3.2980619E+02   3.3025388E+02   3.3068897E+02   3.3111087E+02   3.3151897E+02   3.3191265E+02   3.3229129E+02   3.3265424E+02   3.3300083E+02   3.3333039E+02   3.3364225E+02   3.3393571E+02   3.3421009E+02   3.3446468E+02   3.3469879E+02   3.3491174E+02   3.3510286E+02   3.3527151E+02   3.3541711E+02   3.3553918E+02   3.3563747E+02   3.3570909E+02   3.3575756E+02   3.3690914E+02   3.3744059E+02   3.3730474E+02   3.3713897E+02   3.3692747E+02   3.3671930E+02
   2.8831270E+02   2.8863893E+02   2.8896627E+02   2.8929472E+02   2.8962429E+02   2.8995500E+02   2.9028558E+02   2.9098505E+02   2.9169659E+02   2.9241270E+02   2.9308547E+02   2.9371238E+02   2.9434051E+02   2.9496981E+02   2.9560022E+02   2.9623170E+02   2.9686420E+02   2.9749766E+02   2.9813202E+02   2.9876722E+02   2.9940320E+02   3.0003988E+02   3.0067721E+02   3.0131510E+02   3.0195349E+02   3.0259228E+02   3.0323139E+02   3.0387075E+02   3.0451024E+02   3.0514979E+02   3.0578928E+02   3.0642862E+02   3.0706769E+02   3.0770637E+02   3.0834455E+02   3.0898209E+02   3.0961888E+02   3.1025477E+02   3.1088961E+02   3.1152325E+02   3.1215555E+02   3.1278632E+02   3.1341541E+02   3.1404264E+02   3.1466781E+02   3.1529072E+02   3.1591119E+02   3.1652898E+02   3.1714389E+02   3.1775567E+02   3.1836409E+02   3.1896889E+02   3.1956981E+02   3.2016658E+02   3.2075890E+02   3.2134648E+02   3.2192901E+02   3.2250616E+02   3.2307760E+02   3.2364297E+02   3.2420191E+02   3.2475404E+02   3.2529897E+02   3.2583628E+02   3.2636555E+02   3.2688634E+02   3.2739819E+02   3.2790063E+02   3.2839316E+02   3.2887529E+02   3.2934648E+02   3.2980621E+02   3.3025390E+02   3.3068899E+02   3.3111090E+02   3.3151901E+02   3.3191271E+02   3.3229136E+02   3.3265433E+02   3.3300094E+02   3.3333055E+02   3.3364246E+02   3.3393601E+02   3.3421051E+02   3.3446528E+02   3.3469967E+02   3.3491304E+02   3.3510481E+02   3.3527444E+02   3.3542142E+02   3.3554494E+02   3.3564267E+02   3.3571517E+02   3.3577985E+02   3.3695857E+02   3.3745797E+02   3.3732844E+02   3.3716809E+02   3.3695989E+02   3.3675660E+02
   2.8831270E+02   2.8863893E+02   2.8896627E+02   2.8929472E+02   2.8962429E+02   2.8995500E+02   2.9028516E+02   2.9098505E+02   2.9169659E+02   2.9241270E+02   2.9308547E+02   2.9371238E+02   2.9434051E+02   2.9496981E+02   2.9560022E+02   2.9623170E+02   2.9686420E+02   2.9749766E+02   2.9813202E+02   2.9876722E+02   2.9940320E+02   3.0003988E+02   3.0067721E+02   3.0131510E+02   3.0195349E+02   3.0259228E+02   3.0323139E+02   3.0387075E+02   3.0451024E+02   3.0514979E+02   3.0578928E+02   3.0642862E+02   3.0706769E+02   3.0770637E+02   3.0834455E+02   3.0898209E+02   3.0961888E+02   3.1025477E+02   3.1088961E+02   3.1152325E+02   3.1215555E+02   3.1278632E+02   3.1341541E+02   3.1404264E+02   3.1466781E+02   3.1529072E+02   3.1591119E+02   3.1652898E+02   3.1714389E+02   3.1775567E+02   3.1836409E+02   3.1896889E+02   3.1956981E+02   3.2016658E+02   3.2075890E+02   3.2134648E+02   3.2192901E+02   3.2250616E+02   3.2307760E+02   3.2364297E+02   3.2420191E+02   3.2475404E+02   3.2529897E+02   3.2583628E+02   3.2636555E+02   3.2688634E+02   3.2739819E+02   3.2790063E+02   3.2839317E+02   3.2887530E+02   3.2934650E+02   3.2980623E+02   3.3025392E+02   3.3068902E+02   3.3111094E+02   3.3151906E+02   3.3191277E+02   3.3229145E+02   3.3265444E+02   3.3300110E+02   3.3333077E+02   3.3364277E+02   3.3393645E+02   3.3421115E+02   3.3446623E+02   3.3470109E+02   3.3491519E+02   3.3510803E+02   3.3527913E+02   3.3542773E+02   3.3555203E+02   3.3564953E+02   3.3572699E+02   3.3582189E+02   3.3698844E+02   3.3746923E+02   3.3734330E+02   3.3718560E+02   3.3697881E+02   3.3677640E+02
   2.8831270E+02   2.8863893E+02   2.8896627E+02   2.8929472E+02   2.8962429E+02   2.8995500E+02   2.9028473E+02   2.9098505E+02   2.9169659E+02   2.9241270E+02   2.9308547E+02   2.9371238E+02   2.9434051E+02   2.9496981E+02   2.9560022E+02   2.9623170E+02   2.9686420E+02   2.9749766E+02   2.9813202E+02   2.9876722E+02   2.9940320E+02   3.0003988E+02   3.0067721E+02   3.0131510E+02   3.0195349E+02   3.0259228E+02   3.0323139E+02   3.0387075E+02   3.0451024E+02   3.0514979E+02   3.0578928E+02   3.0642862E+02   3.0706769E+02   3.0770637E+02   3.0834455E+02   3.0898209E+02   3.0961888E+02   3.1025477E+02   3.1088961E+02   3.1152325E+02   3.1215555E+02   3.1278632E+02   3.1341541E+02   3.1404264E+02   3.1466781E+02   3.1529072E+02   3.1591119E+02   3.1652898E+02   3.1714389E+02   3.1775567E+02   3.1836409E+02   3.1896889E+02   3.1956981E+02   3.2016658E+02   3.2075890E+02   3.2134648E+02   3.2192901E+02   3.2250616E+02   3.2307760E+02   3.2364297E+02   3.2420191E+02   3.2475405E+02   3.2529897E+02   3.2583628E+02   3.2636556E+02   3.2688635E+02   3.2739820E+02   3.2790065E+02   3.2839319E+02   3.2887532E+02   3.2934652E+02   3.2980625E+02   3.3025396E+02   3.3068907E+02   3.3111100E+02   3.3151914E+02   3.3191288E+02   3.3229159E+02   3.3265464E+02   3.3300137E+02   3.3333114E+02   3.3364330E+02   3.3393722E+02   3.3421227E+02   3.3446791E+02   3.3470361E+02   3.3491894E+02   3.3511349E+02   3.3528660E+02   3.3543687E+02   3.3556169E+02   3.3565921E+02   3.3574205E+02   3.3588267E+02   3.3701675E+02   3.3747674E+02   3.3735295E+02   3.3719660E+02   3.3699064E+02   3.3678762E+02
   2.8831270E+02   2.8863893E+02   2.8896627E+02   2.8929472E+02   2.8962429E+02   2.8995500E+02   2.9028431E+02   2.9098505E+02   2.9169659E+02   2.9241270E+02   2.9308547E+02   2.9371238E+02   2.9434051E+02   2.9496981E+02   2.9560022E+02   2.9623170E+02   2.9686420E+02   2.9749766E+02   2.9813202E+02   2.9876722E+02   2.9940320E+02   3.0003988E+02   3.0067721E+02   3.0131510E+02   3.0195349E+02   3.0259228E+02   3.0323139E+02   3.0387075E+02   3.0451024E+02   3.0514979E+02   3.0578928E+02   3.0642862E+02   3.0706769E+02   3.0770637E+02   3.0834455E+02   3.0898209E+02   3.0961888E+02   3.1025477E+02   3.1088961E+02   3.1152325E+02   3.1215555E+02   3.1278632E+02   3.1341541E+02   3.1404264E+02   3.1466781E+02   3.1529072E+02   3.1591119E+02   3.1652898E+02   3.1714389E+02   3.1775567E+02   3.1836409E+02   3.1896889E+02   3.1956982E+02   3.2016658E+02   3.2075890E+02   3.2134648E+02   3.2192901E+02   3.2250616E+02   3.2307760E+02   3.2364297E+02   3.2420192E+02   3.2475405E+02   3.2529898E+02   3.2583629E+02   3.2636557E+02   3.2688636E+02   3.2739822E+02   3.2790066E+02   3.2839321E+02   3.2887534E+02   3.2934655E+02   3.2980630E+02   3.3025402E+02   3.3068914E+02   3.3111109E+02   3.3151927E+02   3.3191305E+02   3.3229183E+02   3.3265496E+02   3.3300182E+02   3.3333177E+02   3.3364421E+02   3.3393855E+02   3.3421425E+02   3.3447084E+02   3.3470796E+02   3.3492528E+02   3.3512233E+02   3.3529799E+02   3.3544987E+02   3.3557511E+02   3.3567295E+02   3.3576289E+02   3.3595872E+02   3.3716928E+02   3.3748182E+02   3.3735933E+02   3.3720369E+02   3.3699834E+02   3.3679418E+02
   2.8831270E+02   2.8863893E+02   2.8896627E+02   2.8929472E+02   2.8962429E+02   2.8995500E+02   2.9028388E+02   2.9098505E+02   2.9169659E+02   2.9241270E+02   2.9308547E+02   2.9371238E+02   2.9434051E+02   2.9496981E+02   2.9560022E+02   2.9623170E+02   2.9686420E+02   2.9749766E+02   2.9813202E+02   2.9876722E+02   2.9940320E+02   3.0003988E+02   3.0067721E+02   3.0131510E+02   3.0195349E+02   3.0259228E+02   3.0323139E+02   3.0387075E+02   3.0451024E+02   3.0514979E+02   3.0578928E+02   3.0642862E+02   3.0706769E+02   3.0770637E+02   3.0834455E+02   3.0898209E+02   3.0961888E+02   3.1025477E+02   3.1088961E+02   3.1152325E+02   3.1215555E+02   3.1278632E+02   3.1341541E+02   3.1404264E+02   3.1466781E+02   3.1529072E+02   3.1591119E+02   3.1652898E+02   3.1714389E+02   3.1775567E+02   3.1836409E+02   3.1896889E+02   3.1956982E+02   3.2016658E+02   3.2075890E+02   3.2134648E+02   3.2192901E+02   3.2250617E+02   3.2307760E+02   3.2364298E+02   3.2420192E+02   3.2475405E+02   3.2529898E+02   3.2583630E+02   3.2636558E+02   3.2688637E+02   3.2739823E+02   3.2790069E+02   3.2839324E+02   3.2887538E+02   3.2934661E+02   3.2980636E+02   3.3025410E+02   3.3068926E+02   3.3111125E+02   3.3151948E+02   3.3191333E+02   3.3229221E+02   3.3265549E+02   3.3300257E+02   3.3333285E+02   3.3364576E+02   3.3394081E+02   3.3421758E+02   3.3447576E+02   3.3471520E+02   3.3493555E+02   3.3513607E+02   3.3531472E+02   3.3546815E+02   3.3559373E+02   3.3569252E+02   3.3579054E+02   3.3604644E+02   3.3733527E+02   3.3748530E+02   3.3736359E+02   3.3720830E+02   3.3700347E+02   3.3679808E+02
   2.8831270E+02   2.8863893E+02   2.8896627E+02   2.8929472E+02   2.8962429E+02   2.8995500E+02   2.9028345E+02   2.9098505E+02   2.9169659E+02   2.9241270E+02   2.9308547E+02   2.9371238E+02   2.9434051E+02   2.9496981E+02   2.9560022E+02   2.9623170E+02   2.9686420E+02   2.9749766E+02   2.9813202E+02   2.9876722E+02   2.9940320E+02   3.0003988E+02   3.0067721E+02   3.0131510E+02   3.0195349E+02   3.0259228E+02   3.0323139E+02   3.0387075E+02   3.0451024E+02   3.0514979E+02   3.0578928E+02   3.0642862E+02   3.0706769E+02   3.0770637E+02   3.0834455E+02   3.0898209E+02   3.0961888E+02   3.1025477E+02   3.1088961E+02   3.1152325E+02   3.1215555E+02   3.1278632E+02   3.1341541E+02   3.1404264E+02   3.1466781E+02   3.1529072E+02   3.1591119E+02   3.1652898E+02   3.1714389E+02   3.1775567E+02   3.1836409E+02   3.1896890E+02   3.1956982E+02   3.2016658E+02   3.2075890E+02   3.2134649E+02   3.2192902E+02   3.2250617E+02   3.2307761E+02   3.2364298E+02   3.2420193E+02   3.2475406E+02   3.2529900E+02   3.2583631E+02   3.2636560E+02   3.2688640E+02   3.2739827E+02   3.2790073E+02   3.2839329E+02   3.2887545E+02   3.2934670E+02   3.2980648E+02   3.3025426E+02   3.3068946E+02   3.3111153E+02   3.3151985E+02   3.3191383E+02   3.3229290E+02   3.3265644E+02   3.3300390E+02   3.3333472E+02   3.3364843E+02   3.3394469E+02   3.3422322E+02   3.3448383E+02   3.3472691E+02   3.3495150E+02   3.3515629E+02   3.3533810E+02   3.3549368E+02   3.3561947E+02   3.3571738E+02   3.3582619E+02   3.3614227E+02   3.3743333E+02   3.3748768E+02   3.3736644E+02   3.3721134E+02   3.3700695E+02   3.3680042E+02
   2.8831270E+02   2.8863893E+02   2.8896627E+02   2.8929472E+02   2.8962429E+02   2.8995500E+02   2.9028302E+02   2.9098505E+02   2.9169659E+02   2.9241270E+02   2.9308547E+02   2.9371238E+02   2.9434051E+02   2.9496981E+02   2.9560022E+02   2.9623170E+02   2.9686420E+02   2.9749766E+02   2.9813202E+02   2.9876722E+02   2.9940320E+02   3.0003988E+02   3.0067721E+02   3.0131510E+02   3.0195349E+02   3.0259228E+02   3.0323139E+02   3.0387075E+02   3.0451024E+02   3.0514979E+02   3.0578928E+02   3.0642862E+02   3.0706769E+02   3.0770637E+02   3.0834455E+02   3.0898209E+02   3.0961888E+02   3.1025477E+02   3.1088961E+02   3.1152325E+02   3.1215555E+02   3.1278632E+02   3.1341541E+02   3.1404264E+02   3.1466781E+02   3.1529072E+02   3.1591119E+02   3.1652898E+02   3.1714389E+02   3.1775567E+02   3.1836409E+02   3.1896890E+02   3.1956982E+02   3.2016658E+02   3.2075891E+02   3.2134649E+02   3.2192902E+02   3.2250617E+02   3.2307762E+02   3.2364299E+02   3.2420194E+02   3.2475408E+02   3.2529902E+02   3.2583634E+02   3.2636563E+02   3.2688644E+02   3.2739833E+02   3.2790080E+02   3.2839339E+02   3.2887558E+02   3.2934687E+02   3.2980670E+02   3.3025455E+02   3.3068985E+02   3.3111204E+02   3.3152053E+02   3.3191475E+02   3.3229414E+02   3.3265815E+02   3.3300626E+02   3.3333802E+02   3.3365311E+02   3.3395135E+02   3.3423270E+02   3.3449718E+02   3.3474513E+02   3.3497540E+02   3.3518540E+02   3.3537068E+02   3.3552749E+02   3.3565281E+02   3.3575016E+02   3.3587311E+02   3.3624238E+02   3.3749057E+02   3.3748931E+02   3.3736836E+02   3.3721334E+02   3.3700934E+02   3.3680183E+02
   2.8831270E+02   2.8863893E+02   2.8896627E+02   2.8929472E+02   2.8962429E+02   2.8995500E+02   2.9028259E+02   2.9098505E+02   2.9169659E+02   2.9241270E+02   2.9308547E+02   2.9371238E+02   2.9434051E+02   2.9496981E+02   2.9560022E+02   2.9623170E+02   2.9686420E+02   2.9749766E+02   2.9813202E+02   2.9876722E+02   2.9940320E+02   3.0003988E+02   3.0067721E+02   3.0131510E+02   3.0195349E+02   3.0259228E+02   3.0323139E+02   3.0387075E+02   3.0451024E+02   3.0514979E+02   3.0578928E+02   3.0642862E+02   3.0706769E+02   3.0770637E+02   3.0834455E+02   3.0898209E+02   3.0961888E+02   3.1025477E+02   3.1088961E+02   3.1152325E+02   3.1215555E+02   3.1278632E+02   3.1341541E+02   3.1404264E+02   3.1466781E+02   3.1529072E+02   3.1591119E+02   3.1652898E+02   3.1714389E+02   3.1775567E+02   3.1836409E+02   3.1896890E+02   3.1956982E+02   3.2016659E+02   3.2075891E+02   3.2134649E+02   3.2192903E+02   3.2250618E+02   3.2307763E+02   3.2364301E+02   3.2420196E+02   3.2475411E+02   3.2529905E+02   3.2583639E+02   3.2636570E+02   3.2688653E+02   3.2739844E+02   3.2790095E+02   3.2839359E+02   3.2887584E+02   3.2934720E+02   3.2980714E+02   3.3025511E+02   3.3069059E+02   3.3111303E+02   3.3152183E+02   3.3191649E+02   3.3229646E+02   3.3266129E+02   3.3301054E+02   3.3334388E+02   3.3366129E+02   3.3396270E+02   3.3424838E+02   3.3451799E+02   3.3477327E+02   3.3501030E+02   3.3522570E+02   3.3541408E+02   3.3557229E+02   3.3569660E+02   3.3579127E+02   3.3592882E+02   3.3634349E+02   3.3752388E+02   3.3749043E+02   3.3736966E+02   3.3721467E+02   3.3701101E+02   3.3680268E+02
   2.8831270E+02   2.8863893E+02   2.8896627E+02   2.8929472E+02   2.8962429E+02   2.8995499E+02   2.9028215E+02   2.9098505E+02   2.9169659E+02   2.9241270E+02   2.9308547E+02   2.9371238E+02   2.9434051E+02   2.9496981E+02   2.9560022E+02   2.9623170E+02   2.9686420E+02   2.9749766E+02   2.9813202E+02   2.9876722E+02   2.9940320E+02   3.0003988E+02   3.0067721E+02   3.0131510E+02   3.0195349E+02   3.0259228E+02   3.0323139E+02   3.0387075E+02   3.0451024E+02   3.0514979E+02   3.0578928E+02   3.0642862E+02   3.0706769E+02   3.0770637E+02   3.0834455E+02   3.0898209E+02   3.0961888E+02   3.1025477E+02   3.1088961E+02   3.1152325E+02   3.1215555E+02   3.1278632E+02   3.1341541E+02   3.1404264E+02   3.1466781E+02   3.1529072E+02   3.1591119E+02   3.1652898E+02   3.1714389E+02   3.1775567E+02   3.1836409E+02   3.1896890E+02   3.1956982E+02   3.2016659E+02   3.2075892E+02   3.2134651E+02   3.2192904E+02   3.2250620E+02   3.2307765E+02   3.2364304E+02   3.2420201E+02   3.2475417E+02   3.2529913E+02   3.2583650E+02   3.2636584E+02   3.2688672E+02   3.2739869E+02   3.2790126E+02   3.2839399E+02   3.2887636E+02   3.2934788E+02   3.2980802E+02   3.3025627E+02   3.3069209E+02   3.3111499E+02   3.3152439E+02   3.3191984E+02   3.3230087E+02   3.3266713E+02   3.3301832E+02   3.3335428E+02   3.3367544E+02   3.3398172E+02   3.3427369E+02   3.3455086E+02   3.3481430E+02   3.3505893E+02   3.3527983E+02   3.3547118E+02   3.3562955E+02   3.3575145E+02   3.3584352E+02   3.3599531E+02   3.3644295E+02   3.3754327E+02   3.3749121E+02   3.3737053E+02   3.3721555E+02   3.3701218E+02   3.3680319E+02
   2.8831270E+02   2.8863893E+02   2.8896627E+02   2.8929472E+02   2.8962429E+02   2.8995499E+02   2.9028171E+02   2.9098505E+02   2.9169659E+02   2.9241270E+02   2.9308547E+02   2.9371238E+02   2.9434051E+02   2.9496981E+02   2.9560022E+02   2.9623170E+02   2.9686420E+02   2.9749766E+02   2.9813202E+02   2.9876722E+02   2.9940320E+02   3.0003988E+02   3.0067721E+02   3.0131510E+02   3.0195349E+02   3.0259228E+02   3.0323139E+02   3.0387075E+02   3.0451024E+02   3.0514979E+02   3.0578928E+02   3.0642862E+02   3.0706769E+02   3.0770637E+02   3.0834455E+02   3.0898209E+02   3.0961888E+02   3.1025477E+02   3.1088961E+02   3.1152325E+02   3.1215555E+02   3.1278632E+02   3.1341541E+02   3.1404264E+02   3.1466781E+02   3.1529072E+02   3.1591119E+02   3.1652898E+02   3.1714389E+02   3.1775567E+02   3.1836409E+02   3.1896890E+02   3.1956983E+02   3.2016660E+02   3.2075893E+02   3.2134652E+02   3.2192907E+02   3.2250624E+02   3.2307770E+02   3.2364311E+02   3.2420210E+02   3.2475429E+02   3.2529930E+02   3.2583672E+02   3.2636613E+02   3.2688711E+02   3.2739921E+02   3.2790192E+02   3.2839486E+02   3.2887749E+02   3.2934935E+02   3.2980992E+02   3.3025871E+02   3.3069524E+02   3.3111905E+02   3.3152959E+02   3.3192650E+02   3.3230943E+02   3.3267816E+02   3.3303257E+02   3.3337273E+02   3.3369969E+02   3.3401295E+02   3.3431339E+02   3.3459985E+02   3.3487289E+02   3.3512469E+02   3.3535024E+02   3.3554366E+02   3.3570173E+02   3.3581970E+02   3.3590635E+02   3.3607112E+02   3.3653634E+02   3.3755458E+02   3.3749174E+02   3.3737112E+02   3.3721614E+02   3.3701302E+02   3.3680350E+02
   2.8831270E+02   2.8863893E+02   2.8896627E+02   2.8929472E+02   2.8962429E+02   2.8995499E+02   2.9028128E+02   2.9098505E+02   2.9169659E+02   2.9241270E+02   2.9308547E+02   2.9371238E+02   2.9434051E+02   2.9496981E+02   2.9560022E+02   2.9623170E+02   2.9686420E+02   2.9749766E+02   2.9813202E+02   2.9876722E+02   2.9940320E+02   3.0003988E+02   3.0067721E+02   3.0131510E+02   3.0195349E+02   3.0259228E+02   3.0323139E+02   3.0387075E+02   3.0451024E+02   3.0514979E+02   3.0578928E+02   3.0642862E+02   3.0706769E+02   3.0770637E+02   3.0834455E+02   3.0898209E+02   3.0961888E+02   3.1025477E+02   3.1088961E+02   3.1152325E+02   3.1215555E+02   3.1278632E+02   3.1341541E+02   3.1404264E+02   3.1466781E+02   3.1529072E+02   3.1591119E+02   3.1652898E+02   3.1714389E+02   3.1775567E+02   3.1836409E+02   3.1896891E+02   3.1956985E+02   3.2016662E+02   3.2075896E+02   3.2134656E+02   3.2192912E+02   3.2250632E+02   3.2307781E+02   3.2364326E+02   3.2420230E+02   3.2475456E+02   3.2529967E+02   3.2583722E+02   3.2636681E+02   3.2688802E+02   3.2740041E+02   3.2790344E+02   3.2839685E+02   3.2888008E+02   3.2935268E+02   3.2981420E+02   3.3026416E+02   3.3070219E+02   3.3112784E+02   3.3154061E+02   3.3194026E+02   3.3232656E+02   3.3269944E+02   3.3305897E+02   3.3340544E+02   3.3374064E+02   3.3406285E+02   3.3437333E+02   3.3467098E+02   3.3495204E+02   3.3520947E+02   3.3543867E+02   3.3563327E+02   3.3578899E+02   3.3590091E+02   3.3598117E+02   3.3615602E+02   3.3662226E+02   3.3756120E+02   3.3749211E+02   3.3737152E+02   3.3721654E+02   3.3701362E+02   3.3680369E+02
   2.8831270E+02   2.8863893E+02   2.8896627E+02   2.8929472E+02   2.8962429E+02   2.8995499E+02   2.9028083E+02   2.9098505E+02   2.9169659E+02   2.9241270E+02   2.9308547E+02   2.9371238E+02   2.9434051E+02   2.9496981E+02   2.9560022E+02   2.9623170E+02   2.9686420E+02   2.9749766E+02   2.9813202E+02   2.9876722E+02   2.9940320E+02   3.0003988E+02   3.0067721E+02   3.0131510E+02   3.0195349E+02   3.0259228E+02   3.0323139E+02   3.0387075E+02   3.0451024E+02   3.0514979E+02   3.0578928E+02   3.0642862E+02   3.0706769E+02   3.0770637E+02   3.0834455E+02   3.0898209E+02   3.0961888E+02   3.1025477E+02   3.1088961E+02   3.1152325E+02   3.1215555E+02   3.1278632E+02   3.1341541E+02   3.1404264E+02   3.1466781E+02   3.1529072E+02   3.1591119E+02   3.1652898E+02   3.1714389E+02   3.1775567E+02   3.1836409E+02   3.1896893E+02   3.1956987E+02   3.2016666E+02   3.2075902E+02   3.2134665E+02   3.2192925E+02   3.2250649E+02   3.2307805E+02   3.2364359E+02   3.2420277E+02   3.2475520E+02   3.2530055E+02   3.2583843E+02   3.2636846E+02   3.2689023E+02   3.2740335E+02   3.2790718E+02   3.2840174E+02   3.2888642E+02   3.2936082E+02   3.2982453E+02   3.3027717E+02   3.3071846E+02   3.3114798E+02   3.3156516E+02   3.3196991E+02   3.3236204E+02   3.3274151E+02   3.3310841E+02   3.3346318E+02   3.3380831E+02   3.3413971E+02   3.3445948E+02   3.3476698E+02   3.3505359E+02   3.3531418E+02   3.3554533E+02   3.3573936E+02   3.3589135E+02   3.3599553E+02   3.3606600E+02   3.3624654E+02   3.3670000E+02   3.3756508E+02   3.3749236E+02   3.3737179E+02   3.3721680E+02   3.3701405E+02   3.3680380E+02
   2.8831270E+02   2.8863893E+02   2.8896627E+02   2.8929472E+02   2.8962429E+02   2.8995499E+02   2.9028039E+02   2.9098505E+02   2.9169659E+02   2.9241270E+02   2.9308547E+02   2.9371238E+02   2.9434051E+02   2.9496981E+02   2.9560022E+02   2.9623170E+02   2.9686420E+02   2.9749766E+02   2.9813202E+02   2.9876722E+02   2.9940320E+02   3.0003988E+02   3.0067721E+02   3.0131510E+02   3.0195349E+02   3.0259228E+02   3.0323139E+02   3.0387075E+02   3.0451024E+02   3.0514979E+02   3.0578928E+02   3.0642862E+02   3.0706769E+02   3.0770637E+02   3.0834455E+02   3.0898209E+02   3.0961888E+02   3.1025477E+02   3.1088961E+02   3.1152325E+02   3.1215555E+02   3.1278632E+02   3.1341541E+02   3.1404264E+02   3.1466781E+02   3.1529072E+02   3.1591119E+02   3.1652898E+02   3.1714389E+02   3.1775567E+02   3.1836410E+02   3.1896897E+02   3.1956994E+02   3.2016675E+02   3.2075915E+02   3.2134684E+02   3.2192953E+02   3.2250691E+02   3.2307863E+02   3.2364443E+02   3.2420394E+02   3.2475684E+02   3.2530284E+02   3.2584160E+02   3.2637280E+02   3.2689612E+02   3.2741116E+02   3.2791713E+02   3.2841474E+02   3.2890319E+02   3.2938214E+02   3.2985127E+02   3.3031024E+02   3.3075891E+02   3.3119664E+02   3.3162250E+02   3.3203631E+02   3.3243758E+02   3.3282592E+02   3.3320099E+02   3.3356321E+02   3.3391595E+02   3.3425182E+02   3.3457552E+02   3.3488903E+02   3.3517567E+02   3.3543715E+02   3.3566832E+02   3.3585983E+02   3.3600561E+02   3.3610020E+02   3.3616006E+02   3.3634082E+02   3.3676712E+02   3.3756737E+02   3.3749254E+02   3.3737197E+02   3.3721698E+02   3.3701437E+02   3.3680387E+02
   2.8831270E+02   2.8863893E+02   2.8896627E+02   2.8929472E+02   2.8962429E+02   2.8995499E+02   2.9027995E+02   2.9098505E+02   2.9169659E+02   2.9241270E+02   2.9308547E+02   2.9371238E+02   2.9434051E+02   2.9496981E+02   2.9560022E+02   2.9623170E+02   2.9686420E+02   2.9749766E+02   2.9813202E+02   2.9876722E+02   2.9940320E+02   3.0003988E+02   3.0067721E+02   3.0131510E+02   3.0195349E+02   3.0259228E+02   3.0323139E+02   3.0387075E+02   3.0451024E+02   3.0514979E+02   3.0578928E+02   3.0642862E+02   3.0706769E+02   3.0770637E+02   3.0834455E+02   3.0898209E+02   3.0961888E+02   3.1025477E+02   3.1088961E+02   3.1152325E+02   3.1215555E+02   3.1278632E+02   3.1341541E+02   3.1404264E+02   3.1466781E+02   3.1529072E+02   3.1591119E+02   3.1652898E+02   3.1714389E+02   3.1775567E+02   3.1836410E+02   3.1896906E+02   3.1957008E+02   3.2016696E+02   3.2075947E+02   3.2134732E+02   3.2193025E+02   3.2250798E+02   3.2308016E+02   3.2364666E+02   3.2420715E+02   3.2476139E+02   3.2530927E+02   3.2585058E+02   3.2638519E+02   3.2691294E+02   3.2743346E+02   3.2794557E+02   3.2845165E+02   3.2895028E+02   3.2944116E+02   3.2992387E+02   3.3039790E+02   3.3086287E+02   3.3131710E+02   3.3175824E+02   3.3218541E+02   3.3259695E+02   3.3299141E+02   3.3336783E+02   3.3372722E+02   3.3407529E+02   3.3440261E+02   3.3471930E+02   3.3503065E+02   3.3531390E+02   3.3557376E+02   3.3580252E+02   3.3598920E+02   3.3612785E+02   3.3621204E+02   3.3625896E+02   3.3643473E+02   3.3682508E+02   3.3756872E+02   3.3749266E+02   3.3737210E+02   3.3721710E+02   3.3701460E+02   3.3680391E+02
   2.8831270E+02   2.8863893E+02   2.8896627E+02   2.8929472E+02   2.8962429E+02   2.8995499E+02   2.9027950E+02   2.9098505E+02   2.9169659E+02   2.9241270E+02   2.9308547E+02   2.9371238E+02   2.9434051E+02   2.9496981E+02   2.9560022E+02   2.9623170E+02   2.9686420E+02   2.9749766E+02   2.9813202E+02   2.9876722E+02   2.9940320E+02   3.0003988E+02   3.0067721E+02   3.0131510E+02   3.0195349E+02   3.0259228E+02   3.0323139E+02   3.0387075E+02   3.0451024E+02   3.0514979E+02   3.0578928E+02   3.0642862E+02   3.0706769E+02   3.0770637E+02   3.0834455E+02   3.0898209E+02   3.0961888E+02   3.1025477E+02   3.1088961E+02   3.1152325E+02   3.1215555E+02   3.1278632E+02   3.1341541E+02   3.1404264E+02   3.1466781E+02   3.1529072E+02   3.1591119E+02   3.1652898E+02   3.1714389E+02   3.1775567E+02   3.1836412E+02   3.1896926E+02   3.1957042E+02   3.2016749E+02   3.2076030E+02   3.2134861E+02   3.2193224E+02   3.2251099E+02   3.2308455E+02   3.2365318E+02   3.2421665E+02   3.2477500E+02   3.2532864E+02   3.2587774E+02   3.2642261E+02   3.2696351E+02   3.2749984E+02   3.2802955E+02   3.2855878E+02   3.2908396E+02   3.2960412E+02   3.3011773E+02   3.3062283E+02   3.3111729E+02   3.3159625E+02   3.3205422E+02   3.3248895E+02   3.3289750E+02   3.3327827E+02   3.3363168E+02   3.3396243E+02   3.3428210E+02   3.3458286E+02   3.3488058E+02   3.3518313E+02   3.3546036E+02   3.3571670E+02   3.3594063E+02   3.3612078E+02   3.3625106E+02   3.3632492E+02   3.3635989E+02   3.3652579E+02   3.3687425E+02   3.3756952E+02   3.3749275E+02   3.3737218E+02   3.3721719E+02   3.3701478E+02   3.3680394E+02
   2.8831270E+02   2.8863893E+02   2.8896627E+02   2.8929472E+02   2.8962429E+02   2.8995499E+02   2.9027905E+02   2.9098505E+02   2.9169659E+02   2.9241270E+02   2.9308547E+02   2.9371238E+02   2.9434051E+02   2.9496981E+02   2.9560022E+02   2.9623170E+02   2.9686420E+02   2.9749766E+02   2.9813202E+02   2.9876722E+02   2.9940320E+02   3.0003988E+02   3.0067721E+02   3.0131510E+02   3.0195349E+02   3.0259228E+02   3.0323139E+02   3.0387075E+02   3.0451024E+02   3.0514979E+02   3.0578928E+02   3.0642862E+02   3.0706769E+02   3.0770637E+02   3.0834455E+02   3.0898209E+02   3.0961888E+02   3.1025477E+02   3.1088961E+02   3.1152325E+02   3.1215555E+02   3.1278632E+02   3.1341541E+02   3.1404264E+02   3.1466781E+02   3.1529072E+02   3.1591119E+02   3.1652898E+02   3.1714389E+02   3.1775568E+02   3.1836418E+02   3.1896980E+02   3.1957135E+02   3.2016896E+02   3.2076267E+02   3.2135238E+02   3.2193815E+02   3.2252008E+02   3.2309804E+02   3.2367340E+02   3.2424625E+02   3.2481744E+02   3.2538872E+02   3.2596101E+02   3.2653543E+02   3.2711238E+02   3.2768968E+02   3.2826281E+02   3.2884380E+02   3.2942196E+02   3.2999252E+02   3.3054959E+02   3.3108708E+02   3.3159961E+02   3.3207973E+02   3.3252211E+02   3.3292751E+02   3.3329671E+02   3.3363209E+02   3.3393749E+02   3.3422106E+02   3.3449975E+02   3.3476820E+02   3.3504353E+02   3.3533454E+02   3.3560567E+02   3.3585646E+02   3.3607348E+02   3.3624616E+02   3.3636912E+02   3.3643439E+02   3.3645766E+02   3.3661088E+02   3.3697575E+02   3.3757000E+02   3.3749280E+02   3.3737224E+02   3.3721724E+02   3.3701491E+02   3.3680395E+02
   2.8831270E+02   2.8863893E+02   2.8896627E+02   2.8929472E+02   2.8962429E+02   2.8995499E+02   2.9027860E+02   2.9098505E+02   2.9169659E+02   2.9241270E+02   2.9308547E+02   2.9371238E+02   2.9434051E+02   2.9496981E+02   2.9560022E+02   2.9623170E+02   2.9686420E+02   2.9749766E+02   2.9813202E+02   2.9876722E+02   2.9940320E+02   3.0003988E+02   3.0067721E+02   3.0131510E+02   3.0195349E+02   3.0259228E+02   3.0323139E+02   3.0387075E+02   3.0451024E+02   3.0514979E+02   3.0578928E+02   3.0642862E+02   3.0706769E+02   3.0770637E+02   3.0834455E+02   3.0898209E+02   3.0961888E+02   3.1025477E+02   3.1088961E+02   3.1152325E+02   3.1215555E+02   3.1278632E+02   3.1341541E+02   3.1404264E+02   3.1466781E+02   3.1529072E+02   3.1591119E+02   3.1652898E+02   3.1714389E+02   3.1775570E+02   3.1836439E+02   3.1897134E+02   3.1957406E+02   3.2017338E+02   3.2076992E+02   3.2136409E+02   3.2195674E+02   3.2254873E+02   3.2314064E+02   3.2373662E+02   3.2433732E+02   3.2494512E+02   3.2556358E+02   3.2619315E+02   3.2683334E+02   3.2748031E+02   3.2812440E+02   3.2875369E+02   3.2938064E+02   3.2998113E+02   3.3052893E+02   3.3101029E+02   3.3147579E+02   3.3192481E+02   3.3235492E+02   3.3276275E+02   3.3314708E+02   3.3350603E+02   3.3383828E+02   3.3414349E+02   3.3441586E+02   3.3467989E+02   3.3493291E+02   3.3519369E+02   3.3547534E+02   3.3574027E+02   3.3598416E+02   3.3619327E+02   3.3635882E+02   3.3647544E+02   3.3653458E+02   3.3654977E+02   3.3668864E+02   3.3727855E+02   3.3757028E+02   3.3749284E+02   3.3737228E+02   3.3721728E+02   3.3701501E+02   3.3680396E+02
   2.8831270E+02   2.8863893E+02   2.8896627E+02   2.8929472E+02   2.8962429E+02   2.8995499E+02   2.9027815E+02   2.9098505E+02   2.9169659E+02   2.9241270E+02   2.9308547E+02   2.9371238E+02   2.9434051E+02   2.9496981E+02   2.9560022E+02   2.9623170E+02   2.9686420E+02   2.9749766E+02   2.9813202E+02   2.9876722E+02   2.9940320E+02   3.0003988E+02   3.0067721E+02   3.0131510E+02   3.0195349E+02   3.0259228E+02   3.0323139E+02   3.0387075E+02   3.0451024E+02   3.0514979E+02   3.0578928E+02   3.0642862E+02   3.0706769E+02   3.0770637E+02   3.0834455E+02   3.0898209E+02   3.0961888E+02   3.1025477E+02   3.1088961E+02   3.1152325E+02   3.1215555E+02   3.1278632E+02   3.1341541E+02   3.1404264E+02   3.1466781E+02   3.1529072E+02   3.1591119E+02   3.1652898E+02   3.1714390E+02   3.1775578E+02   3.1836517E+02   3.1897606E+02   3.1958245E+02   3.2018731E+02   3.2079293E+02   3.2140117E+02   3.2201478E+02   3.2263619E+02   3.2326713E+02   3.2391602E+02   3.2458111E+02   3.2526241E+02   3.2595832E+02   3.2665786E+02   3.2734682E+02   3.2800764E+02   3.2858424E+02   3.2910852E+02   3.2965374E+02   3.3016946E+02   3.3061233E+02   3.3110162E+02   3.3156355E+02   3.3201083E+02   3.3244229E+02   3.3285446E+02   3.3324466E+02   3.3361117E+02   3.3395114E+02   3.3426341E+02   3.3454416E+02   3.3481378E+02   3.3506687E+02   3.3532239E+02   3.3559790E+02   3.3585647E+02   3.3609283E+02   3.3629422E+02   3.3645387E+02   3.3656697E+02   3.3662307E+02   3.3663259E+02   3.3675774E+02   3.3740059E+02   3.3757046E+02   3.3749287E+02   3.3737230E+02   3.3721731E+02   3.3701508E+02   3.3680397E+02
   2.8831270E+02   2.8863893E+02   2.8896627E+02   2.8929472E+02   2.8962429E+02   2.8995499E+02   2.9027800E+02   2.9098505E+02   2.9169659E+02   2.9241270E+02   2.9308547E+02   2.9371238E+02   2.9434051E+02   2.9496981E+02   2.9560022E+02   2.9623170E+02   2.9686420E+02   2.9749766E+02   2.9813202E+02   2.9876722E+02   2.9940320E+02   3.0003988E+02   3.0067721E+02   3.0131510E+02   3.0195349E+02   3.0259228E+02   3.0323139E+02   3.0387075E+02   3.0451024E+02   3.0514979E+02   3.0578928E+02   3.0642862E+02   3.0706769E+02   3.0770637E+02   3.0834455E+02   3.0898209E+02   3.0961888E+02   3.1025477E+02   3.1088961E+02   3.1152325E+02   3.1215555E+02   3.1278632E+02   3.1341541E+02   3.1404264E+02   3.1466781E+02   3.1529072E+02   3.1591119E+02   3.1652899E+02   3.1714393E+02   3.1775617E+02   3.1836827E+02   3.1899111E+02   3.1960903E+02   3.2023106E+02   3.2086337E+02   3.2151018E+02   3.2218234E+02   3.2287145E+02   3.2357922E+02   3.2430930E+02   3.2504115E+02   3.2577050E+02   3.2657965E+02   3.2718314E+02   3.2773299E+02   3.2825681E+02   3.2866114E+02   3.2922333E+02   3.2982819E+02   3.3034194E+02   3.3078423E+02   3.3128869E+02   3.3174766E+02   3.3218357E+02   3.3258966E+02   3.3295308E+02   3.3329069E+02   3.3366790E+02   3.3401946E+02   3.3434328E+02   3.3463593E+02   3.3491362E+02   3.3517139E+02   3.3542654E+02   3.3569812E+02   3.3595071E+02   3.3617998E+02   3.3637488E+02   3.3653046E+02   3.3664168E+02   3.3669761E+02   3.3670583E+02   3.3681814E+02   3.3744880E+02   3.3757056E+02   3.3749289E+02   3.3737232E+02   3.3721733E+02   3.3701514E+02   3.3680397E+02
   2.8831270E+02   2.8863893E+02   2.8896627E+02   2.8929472E+02   2.8962429E+02   2.8995499E+02   2.9027800E+02   2.9098505E+02   2.9169659E+02   2.9241270E+02   2.9308547E+02   2.9371238E+02   2.9434051E+02   2.9496981E+02   2.9560022E+02   2.9623170E+02   2.9686420E+02   2.9749766E+02   2.9813202E+02   2.9876722E+02   2.9940320E+02   3.0003988E+02   3.0067721E+02   3.0131510E+02   3.0195349E+02   3.0259228E+02   3.0323139E+02   3.0387075E+02   3.0451024E+02   3.0514979E+02   3.0578928E+02   3.0642862E+02   3.0706769E+02   3.0770637E+02   3.0834455E+02   3.0898209E+02   3.0961888E+02   3.1025477E+02   3.1088961E+02   3.1152325E+02   3.1215555E+02   3.1278632E+02   3.1341541E+02   3.1404264E+02   3.1466781E+02   3.1529072E+02   3.1591119E+02   3.1652900E+02   3.1714415E+02   3.1775808E+02   3.1838036E+02   3.1903940E+02   3.1969050E+02   3.2035841E+02   3.2105352E+02   3.2177932E+02   3.2255478E+02   3.2333187E+02   3.2424513E+02   3.2494215E+02   3.2551466E+02   3.2604704E+02   3.2663107E+02   3.2726975E+02   3.2784680E+02   3.2838860E+02   3.2882526E+02   3.2938112E+02   3.2996670E+02   3.3048072E+02   3.3094115E+02   3.3143837E+02   3.3190159E+02   3.3234408E+02   3.3276055E+02   3.3314052E+02   3.3348429E+02   3.3379986E+02   3.3405735E+02   3.3439282E+02   3.3469790E+02   3.3498531E+02   3.3524956E+02   3.3550653E+02   3.3577572E+02   3.3602270E+02   3.3624601E+02   3.3643603E+02   3.3658921E+02   3.3670090E+02   3.3675920E+02   3.3676833E+02   3.3687005E+02   3.3746760E+02   3.3757062E+02   3.3749290E+02   3.3737234E+02   3.3721734E+02   3.3701518E+02   3.3680397E+02
   2.8831270E+02   2.8863893E+02   2.8896627E+02   2.8929472E+02   2.8962429E+02   2.8995499E+02   2.9027800E+02   2.9098505E+02   2.9169659E+02   2.9241270E+02   2.9308547E+02   2.9371238E+02   2.9434051E+02   2.9496981E+02   2.9560022E+02   2.9623170E+02   2.9686420E+02   2.9749766E+02   2.9813202E+02   2.9876722E+02   2.9940320E+02   3.0003988E+02   3.0067721E+02   3.0131510E+02   3.0195349E+02   3.0259228E+02   3.0323139E+02   3.0387075E+02   3.0451024E+02   3.0514979E+02   3.0578928E+02   3.0642862E+02   3.0706769E+02   3.0770637E+02   3.0834455E+02   3.0898209E+02   3.0961888E+02   3.1025477E+02   3.1088961E+02   3.1152325E+02   3.1215555E+02   3.1278632E+02   3.1341541E+02   3.1404264E+02   3.1466781E+02   3.1529072E+02   3.1591120E+02   3.1652915E+02   3.1714549E+02   3.1776730E+02   3.1842436E+02   3.1917282E+02   3.1990752E+02   3.2068031E+02   3.2148379E+02   3.2246264E+02   3.2317593E+02   3.2373629E+02   3.2440456E+02   3.2500818E+02   3.2561212E+02   3.2616371E+02   3.2675108E+02   3.2737306E+02   3.2794791E+02   3.2849499E+02   3.2895728E+02   3.2950699E+02   3.3007743E+02   3.3059289E+02   3.3106534E+02   3.3155877E+02   3.3202274E+02   3.3246993E+02   3.3289412E+02   3.3328667E+02   3.3364772E+02   3.3398328E+02   3.3425882E+02   3.3448996E+02   3.3473748E+02   3.3503432E+02   3.3530546E+02   3.3556514E+02   3.3583278E+02   3.3607545E+02   3.3629424E+02   3.3648100E+02   3.3663313E+02   3.3674613E+02   3.3680827E+02   3.3682149E+02   3.3691437E+02   3.3747498E+02   3.3757066E+02   3.3749291E+02   3.3737234E+02   3.3721735E+02   3.3701522E+02   3.3680397E+02
   2.8831270E+02   2.8863893E+02   2.8896627E+02   2.8929472E+02   2.8962429E+02   2.8995498E+02   2.9027800E+02   2.9098505E+02   2.9169659E+02   2.9241270E+02   2.9308547E+02   2.9371238E+02   2.9434051E+02   2.9496981E+02   2.9560022E+02   2.9623170E+02   2.9686420E+02   2.9749766E+02   2.9813202E+02   2.9876722E+02   2.9940320E+02   3.0003988E+02   3.0067721E+02   3.0131510E+02   3.0195349E+02   3.0259228E+02   3.0323139E+02   3.0387075E+02   3.0451024E+02   3.0514979E+02   3.0578928E+02   3.0642862E+02   3.0706769E+02   3.0770637E+02   3.0834455E+02   3.0898209E+02   3.0961888E+02   3.1025477E+02   3.1088961E+02   3.1152325E+02   3.1215555E+02   3.1278632E+02   3.1341541E+02   3.1404264E+02   3.1466781E+02   3.1529073E+02   3.1591131E+02   3.1653024E+02   3.1715361E+02   3.1781131E+02   3.1858454E+02   3.1952546E+02   3.2048472E+02   3.2134714E+02   3.2192752E+02   3.2261015E+02   3.2323375E+02   3.2382890E+02   3.2448995E+02   3.2509403E+02   3.2569606E+02   3.2625746E+02   3.2684702E+02   3.2745577E+02   3.2802886E+02   3.2857989E+02   3.2906252E+02   3.2960681E+02   3.3016507E+02   3.3068074E+02   3.3116302E+02   3.3165257E+02   3.3211762E+02   3.3256817E+02   3.3299801E+02   3.3339988E+02   3.3377388E+02   3.3412444E+02   3.3442505E+02   3.3468731E+02   3.3489006E+02   3.3506657E+02   3.3534395E+02   3.3560650E+02   3.3587337E+02   3.3611264E+02   3.3632825E+02   3.3651299E+02   3.3666498E+02   3.3678038E+02   3.3684745E+02   3.3686581E+02   3.3704816E+02   3.3747789E+02   3.3757068E+02   3.3749292E+02   3.3737235E+02   3.3721735E+02   3.3701524E+02   3.3680398E+02
   2.8831270E+02   2.8863893E+02   2.8896627E+02   2.8929472E+02   2.8962429E+02   2.8995498E+02   2.9027800E+02   2.9098505E+02   2.9169659E+02   2.9241270E+02   2.9308547E+02   2.9371238E+02   2.9434051E+02   2.9496981E+02   2.9560022E+02   2.9623170E+02   2.9686420E+02   2.9749766E+02   2.9813202E+02   2.9876722E+02   2.9940320E+02   3.0003988E+02   3.0067721E+02   3.0131510E+02   3.0195349E+02   3.0259228E+02   3.0323139E+02   3.0387075E+02   3.0451024E+02   3.0514979E+02   3.0578928E+02   3.0642862E+02   3.0706769E+02   3.0770637E+02   3.0834455E+02   3.0898209E+02   3.0961888E+02   3.1025477E+02   3.1088961E+02   3.1152325E+02   3.1215555E+02   3.1278632E+02   3.1341541E+02   3.1404264E+02   3.1466781E+02   3.1529083E+02   3.1591227E+02   3.1653778E+02   3.1719820E+02   3.1799040E+02   3.1902174E+02   3.2008624E+02   3.2072333E+02   3.2137946E+02   3.2200052E+02   3.2267787E+02   3.2330233E+02   3.2390337E+02   3.2455742E+02   3.2516188E+02   3.2576213E+02   3.2633113E+02   3.2692226E+02   3.2752088E+02   3.2809225E+02   3.2864638E+02   3.2914505E+02   3.2968502E+02   3.3023388E+02   3.3074917E+02   3.3123941E+02   3.3172524E+02   3.3219158E+02   3.3264447E+02   3.3307840E+02   3.3348719E+02   3.3387076E+02   3.3423321E+02   3.3455420E+02   3.3483771E+02   3.3507315E+02   3.3527310E+02   3.3545165E+02   3.3564691E+02   3.3592305E+02   3.3616629E+02   3.3638349E+02   3.3653985E+02   3.3668792E+02   3.3680573E+02   3.3687798E+02   3.3690297E+02   3.3731614E+02   3.3747905E+02   3.3757070E+02   3.3749292E+02   3.3737235E+02   3.3721736E+02   3.3701527E+02   3.3680398E+02
   2.8831270E+02   2.8863893E+02   2.8896627E+02   2.8929472E+02   2.8962429E+02   2.8995497E+02   2.9027800E+02   2.9098505E+02   2.9169659E+02   2.9241270E+02   2.9308547E+02   2.9371238E+02   2.9434051E+02   2.9496981E+02   2.9560022E+02   2.9623170E+02   2.9686420E+02   2.9749766E+02   2.9813202E+02   2.9876722E+02   2.9940320E+02   3.0003988E+02   3.0067721E+02   3.0131510E+02   3.0195349E+02   3.0259228E+02   3.0323139E+02   3.0387075E+02   3.0451024E+02   3.0514979E+02   3.0578928E+02   3.0642862E+02   3.0706769E+02   3.0770637E+02   3.0834455E+02   3.0898209E+02   3.0961888E+02   3.1025477E+02   3.1088961E+02   3.1152325E+02   3.1215555E+02   3.1278632E+02   3.1341541E+02   3.1404264E+02   3.1466790E+02   3.1529171E+02   3.1591962E+02   3.1658406E+02   3.1739427E+02   3.1857855E+02   3.1937161E+02   3.2012563E+02   3.2078179E+02   3.2143717E+02   3.2206011E+02   3.2273097E+02   3.2335615E+02   3.2396158E+02   3.2460969E+02   3.2521455E+02   3.2581335E+02   3.2638821E+02   3.2698053E+02   3.2757154E+02   3.2814146E+02   3.2869805E+02   3.2920922E+02   3.2974591E+02   3.3028760E+02   3.3080234E+02   3.3129883E+02   3.3178147E+02   3.3224900E+02   3.3270349E+02   3.3314031E+02   3.3355423E+02   3.3394484E+02   3.3431639E+02   3.3465105E+02   3.3495143E+02   3.3521369E+02   3.3543928E+02   3.3564062E+02   3.3584771E+02   3.3612165E+02   3.3634793E+02   3.3655111E+02   3.3669808E+02   3.3678984E+02   3.3682456E+02   3.3690226E+02   3.3693408E+02   3.3744135E+02   3.3747952E+02   3.3757070E+02   3.3749293E+02   3.3737236E+02   3.3721736E+02   3.3701528E+02   3.3680398E+02
   2.8831270E+02   2.8863893E+02   2.8896627E+02   2.8929472E+02   2.8962429E+02   2.8995496E+02   2.9027800E+02   2.9098505E+02   2.9169659E+02   2.9241270E+02   2.9308547E+02   2.9371238E+02   2.9434051E+02   2.9496981E+02   2.9560022E+02   2.9623170E+02   2.9686420E+02   2.9749766E+02   2.9813202E+02   2.9876722E+02   2.9940320E+02   3.0003988E+02   3.0067721E+02   3.0131510E+02   3.0195349E+02   3.0259228E+02   3.0323139E+02   3.0387075E+02   3.0451024E+02   3.0514979E+02   3.0578928E+02   3.0642862E+02   3.0706769E+02   3.0770637E+02   3.0834455E+02   3.0898209E+02   3.0961888E+02   3.1025477E+02   3.1088961E+02   3.1152325E+02   3.1215555E+02   3.1278632E+02   3.1341542E+02   3.1404272E+02   3.1466875E+02   3.1529913E+02   3.1596909E+02   3.1679856E+02   3.1808330E+02   3.1876771E+02   3.1942426E+02   3.2016992E+02   3.2082784E+02   3.2148221E+02   3.2210654E+02   3.2277185E+02   3.2339763E+02   3.2400636E+02   3.2464968E+02   3.2525494E+02   3.2585265E+02   3.2643199E+02   3.2702524E+02   3.2761065E+02   3.2817943E+02   3.2873798E+02   3.2925882E+02   3.2979309E+02   3.3032938E+02   3.3084358E+02   3.3134491E+02   3.3182496E+02   3.3229345E+02   3.3274902E+02   3.3318786E+02   3.3360553E+02   3.3400125E+02   3.3437891E+02   3.3472347E+02   3.3503698E+02   3.3531803E+02   3.3556556E+02   3.3578500E+02   3.3600164E+02   3.3627099E+02   3.3648711E+02   3.3668109E+02   3.3682306E+02   3.3691483E+02   3.3694819E+02   3.3692780E+02   3.3703754E+02   3.3749777E+02   3.3747971E+02   3.3757071E+02   3.3749293E+02   3.3737236E+02   3.3721736E+02   3.3701530E+02   3.3680398E+02
   2.8831270E+02   2.8863893E+02   2.8896627E+02   2.8929472E+02   2.8962429E+02   2.8995495E+02   2.9027800E+02   2.9098505E+02   2.9169659E+02   2.9241270E+02   2.9308547E+02   2.9371238E+02   2.9434051E+02   2.9496981E+02   2.9560022E+02   2.9623170E+02   2.9686420E+02   2.9749766E+02   2.9813202E+02   2.9876722E+02   2.9940320E+02   3.0003988E+02   3.0067721E+02   3.0131510E+02   3.0195349E+02   3.0259228E+02   3.0323139E+02   3.0387075E+02   3.0451024E+02   3.0514979E+02   3.0578928E+02   3.0642862E+02   3.0706769E+02   3.0770637E+02   3.0834455E+02   3.0898209E+02   3.0961888E+02   3.1025477E+02   3.1088961E+02   3.1152325E+02   3.1215555E+02   3.1278633E+02   3.1341550E+02   3.1404360E+02   3.1467660E+02   3.1535283E+02   3.1620603E+02   3.1749995E+02   3.1815217E+02   3.1880263E+02   3.1946639E+02   3.2020451E+02   3.2086336E+02   3.2151677E+02   3.2214215E+02   3.2280295E+02   3.2342924E+02   3.2404043E+02   3.2467999E+02   3.2528567E+02   3.2588258E+02   3.2646532E+02   3.2705935E+02   3.2764065E+02   3.2820859E+02   3.2876871E+02   3.2929701E+02   3.2982950E+02   3.3036180E+02   3.3087553E+02   3.3138059E+02   3.3185860E+02   3.3232782E+02   3.3278411E+02   3.3322434E+02   3.3364469E+02   3.3404410E+02   3.3442585E+02   3.3477752E+02   3.3510099E+02   3.3539514E+02   3.3565896E+02   3.3589249E+02   3.3611726E+02   3.3638258E+02   3.3659291E+02   3.3678125E+02   3.3692115E+02   3.3701356E+02   3.3706008E+02   3.3708087E+02   3.3724118E+02   3.3752291E+02   3.3747979E+02   3.3757071E+02   3.3749293E+02   3.3737236E+02   3.3721736E+02   3.3701531E+02   3.3680398E+02
   2.8831270E+02   2.8863893E+02   2.8896627E+02   2.8929472E+02   2.8962429E+02   2.8995494E+02   2.9027800E+02   2.9098505E+02   2.9169659E+02   2.9241270E+02   2.9308547E+02   2.9371238E+02   2.9434051E+02   2.9496981E+02   2.9560022E+02   2.9623170E+02   2.9686420E+02   2.9749766E+02   2.9813202E+02   2.9876722E+02   2.9940320E+02   3.0003988E+02   3.0067721E+02   3.0131510E+02   3.0195349E+02   3.0259228E+02   3.0323139E+02   3.0387075E+02   3.0451024E+02   3.0514979E+02   3.0578928E+02   3.0642862E+02   3.0706769E+02   3.0770637E+02   3.0834455E+02   3.0898209E+02   3.0961888E+02   3.1025477E+02   3.1088961E+02   3.1152325E+02   3.1215555E+02   3.1278641E+02   3.1341642E+02   3.1405221E+02   3.1473659E+02   3.1561356E+02   3.1686939E+02   3.1749759E+02   3.1817435E+02   3.1883045E+02   3.1949926E+02   3.2023105E+02   3.2089038E+02   3.2154297E+02   3.2216917E+02   3.2282639E+02   3.2345312E+02   3.2406616E+02   3.2470283E+02   3.2530888E+02   3.2590524E+02   3.2649057E+02   3.2708525E+02   3.2766357E+02   3.2823090E+02   3.2879227E+02   3.2932633E+02   3.2985754E+02   3.3038691E+02   3.3090027E+02   3.3140821E+02   3.3188462E+02   3.3235440E+02   3.3281115E+02   3.3325232E+02   3.3367454E+02   3.3407659E+02   3.3446106E+02   3.3481782E+02   3.3514865E+02   3.3545195E+02   3.3572776E+02   3.3597220E+02   3.3620373E+02   3.3646558E+02   3.3667303E+02   3.3685817E+02   3.3699791E+02   3.3709242E+02   3.3714908E+02   3.3719972E+02   3.3737235E+02   3.3753406E+02   3.3747982E+02   3.3757072E+02   3.3749293E+02   3.3737236E+02   3.3721737E+02   3.3701532E+02   3.3680398E+02
   2.8831270E+02   2.8863893E+02   2.8896627E+02   2.8929472E+02   2.8962429E+02   2.8995493E+02   2.9027800E+02   2.9098505E+02   2.9169659E+02   2.9241270E+02   2.9308547E+02   2.9371238E+02   2.9434051E+02   2.9496981E+02   2.9560022E+02   2.9623170E+02   2.9686420E+02   2.9749766E+02   2.9813202E+02   2.9876722E+02   2.9940320E+02   3.0003988E+02   3.0067721E+02   3.0131510E+02   3.0195349E+02   3.0259228E+02   3.0323139E+02   3.0387075E+02   3.0451024E+02   3.0514979E+02   3.0578928E+02   3.0642862E+02   3.0706769E+02   3.0770637E+02   3.0834455E+02   3.0898209E+02   3.0961888E+02   3.1025477E+02   3.1088961E+02   3.1152326E+02   3.1215563E+02   3.1278741E+02   3.1342612E+02   3.1412077E+02   3.1509463E+02   3.1624554E+02   3.1686888E+02   3.1751501E+02   3.1819198E+02   3.1885217E+02   3.1952453E+02   3.2025121E+02   3.2091076E+02   3.2156269E+02   3.2218950E+02   3.2284396E+02   3.2347105E+02   3.2408546E+02   3.2471994E+02   3.2532634E+02   3.2592232E+02   3.2650962E+02   3.2710485E+02   3.2768101E+02   3.2824793E+02   3.2881029E+02   3.2934880E+02   3.2987910E+02   3.3040634E+02   3.3091941E+02   3.3142958E+02   3.3190477E+02   3.3237497E+02   3.3283201E+02   3.3327381E+02   3.3369730E+02   3.3410120E+02   3.3448747E+02   3.3484785E+02   3.3518399E+02   3.3549371E+02   3.3577828E+02   3.3603113E+02   3.3626817E+02   3.3652712E+02   3.3673353E+02   3.3691713E+02   3.3705787E+02   3.3715534E+02   3.3722060E+02   3.3729186E+02   3.3745483E+02   3.3753898E+02   3.3747983E+02   3.3757072E+02   3.3749293E+02   3.3737236E+02   3.3721737E+02   3.3701532E+02   3.3680398E+02
   2.8831270E+02   2.8863893E+02   2.8896627E+02   2.8929472E+02   2.8962429E+02   2.8995492E+02   2.9027800E+02   2.9098505E+02   2.9169659E+02   2.9241270E+02   2.9308547E+02   2.9371238E+02   2.9434051E+02   2.9496981E+02   2.9560022E+02   2.9623170E+02   2.9686420E+02   2.9749766E+02   2.9813202E+02   2.9876722E+02   2.9940320E+02   3.0003988E+02   3.0067721E+02   3.0131510E+02   3.0195349E+02   3.0259228E+02   3.0323139E+02   3.0387075E+02   3.0451024E+02   3.0514979E+02   3.0578928E+02   3.0642862E+02   3.0706769E+02   3.0770637E+02   3.0834455E+02   3.0898209E+02   3.0961888E+02   3.1025477E+02   3.1088961E+02   3.1152335E+02   3.1215675E+02   3.1279852E+02   3.1350578E+02   3.1459081E+02   3.1563008E+02   3.1624292E+02   3.1687614E+02   3.1752890E+02   3.1820576E+02   3.1886891E+02   3.1954376E+02   3.2026638E+02   3.2092602E+02   3.2157744E+02   3.2220471E+02   3.2285706E+02   3.2348445E+02   3.2409988E+02   3.2473272E+02   3.2533942E+02   3.2593514E+02   3.2652393E+02   3.2711963E+02   3.2769425E+02   3.2826089E+02   3.2882404E+02   3.2936598E+02   3.2989567E+02   3.3042134E+02   3.3093420E+02   3.3144611E+02   3.3192038E+02   3.3239089E+02   3.3284812E+02   3.3329031E+02   3.3371465E+02   3.3411985E+02   3.3450727E+02   3.3487021E+02   3.3521015E+02   3.3552436E+02   3.3581532E+02   3.3607463E+02   3.3631609E+02   3.3657265E+02   3.3677914E+02   3.3696227E+02   3.3710468E+02   3.3720552E+02   3.3727805E+02   3.3736280E+02   3.3750596E+02   3.3754115E+02   3.3747984E+02   3.3757072E+02   3.3749293E+02   3.3737236E+02   3.3721737E+02   3.3701533E+02   3.3680398E+02
   2.8831270E+02   2.8863893E+02   2.8896627E+02   2.8929472E+02   2.8962429E+02   2.8995490E+02   2.9027800E+02   2.9098505E+02   2.9169659E+02   2.9241270E+02   2.9308547E+02   2.9371238E+02   2.9434051E+02   2.9496981E+02   2.9560022E+02   2.9623170E+02   2.9686420E+02   2.9749766E+02   2.9813202E+02   2.9876722E+02   2.9940320E+02   3.0003988E+02   3.0067721E+02   3.0131510E+02   3.0195349E+02   3.0259228E+02   3.0323139E+02   3.0387075E+02   3.0451024E+02   3.0514979E+02   3.0578928E+02   3.0642862E+02   3.0706769E+02   3.0770637E+02   3.0834455E+02   3.0898209E+02   3.0961888E+02   3.1025477E+02   3.1088971E+02   3.1152462E+02   3.1216970E+02   3.1289162E+02   3.1409059E+02   3.1501058E+02   3.1561683E+02   3.1624112E+02   3.1688195E+02   3.1753979E+02   3.1821641E+02   3.1888169E+02   3.1955828E+02   3.2027773E+02   3.2093739E+02   3.2158842E+02   3.2221604E+02   3.2286680E+02   3.2349443E+02   3.2411061E+02   3.2474223E+02   3.2534919E+02   3.2594474E+02   3.2653467E+02   3.2713077E+02   3.2770428E+02   3.2827073E+02   3.2883452E+02   3.2937910E+02   3.2990838E+02   3.3043293E+02   3.3094565E+02   3.3145891E+02   3.3193249E+02   3.3240324E+02   3.3286056E+02   3.3330300E+02   3.3372789E+02   3.3413397E+02   3.3452213E+02   3.3488687E+02   3.3522946E+02   3.3554682E+02   3.3584244E+02   3.3610667E+02   3.3635165E+02   3.3660629E+02   3.3681351E+02   3.3699682E+02   3.3714122E+02   3.3724555E+02   3.3732421E+02   3.3741711E+02   3.3753730E+02   3.3754211E+02   3.3747984E+02   3.3757072E+02   3.3749293E+02   3.3737236E+02   3.3721737E+02   3.3701533E+02   3.3680398E+02
   2.8831270E+02   2.8863893E+02   2.8896627E+02   2.8929472E+02   2.8962429E+02   2.8995489E+02   2.9027800E+02   2.9098505E+02   2.9169659E+02   2.9241270E+02   2.9308547E+02   2.9371238E+02   2.9434051E+02   2.9496981E+02   2.9560022E+02   2.9623170E+02   2.9686420E+02   2.9749766E+02   2.9813202E+02   2.9876722E+02   2.9940320E+02   3.0003988E+02   3.0067721E+02   3.0131510E+02   3.0195349E+02   3.0259228E+02   3.0323139E+02   3.0387075E+02   3.0451024E+02   3.0514979E+02   3.0578928E+02   3.0642862E+02   3.0706769E+02   3.0770637E+02   3.0834455E+02   3.0898210E+02   3.0961889E+02   3.1025489E+02   3.1089120E+02   3.1153997E+02   3.1227896E+02   3.1358696E+02   3.1438511E+02   3.1498708E+02   3.1560594E+02   3.1623968E+02   3.1688652E+02   3.1754825E+02   3.1822457E+02   3.1889139E+02   3.1956917E+02   3.2028619E+02   3.2094582E+02   3.2159656E+02   3.2222444E+02   3.2287400E+02   3.2350183E+02   3.2411857E+02   3.2474929E+02   3.2535646E+02   3.2595190E+02   3.2654270E+02   3.2713914E+02   3.2771186E+02   3.2827820E+02   3.2884250E+02   3.2938912E+02   3.2991813E+02   3.3044188E+02   3.3095451E+02   3.3146883E+02   3.3194189E+02   3.3241282E+02   3.3287020E+02   3.3331278E+02   3.3373800E+02   3.3414468E+02   3.3453327E+02   3.3489927E+02   3.3524372E+02   3.3556328E+02   3.3586227E+02   3.3613027E+02   3.3637802E+02   3.3663113E+02   3.3683939E+02   3.3702325E+02   3.3716974E+02   3.3727751E+02   3.3736131E+02   3.3745847E+02   3.3755636E+02   3.3754253E+02   3.3747984E+02   3.3757072E+02   3.3749293E+02   3.3737236E+02   3.3721737E+02   3.3701534E+02   3.3680398E+02
   2.8831270E+02   2.8863893E+02   2.8896627E+02   2.8929472E+02   2.8962429E+02   2.8995487E+02   2.9027800E+02   2.9098505E+02   2.9169659E+02   2.9241270E+02   2.9308547E+02   2.9371238E+02   2.9434051E+02   2.9496981E+02   2.9560022E+02   2.9623170E+02   2.9686420E+02   2.9749766E+02   2.9813202E+02   2.9876722E+02   2.9940320E+02   3.0003988E+02   3.0067721E+02   3.0131510E+02   3.0195349E+02   3.0259228E+02   3.0323139E+02   3.0387075E+02   3.0451024E+02   3.0514979E+02   3.0578928E+02   3.0642862E+02   3.0706769E+02   3.0770637E+02   3.0834455E+02   3.0898210E+02   3.0961902E+02   3.1025667E+02   3.1090964E+02   3.1166840E+02   3.1306931E+02   3.1375328E+02   3.1435231E+02   3.1496777E+02   3.1559722E+02   3.1623854E+02   3.1689009E+02   3.1755476E+02   3.1823079E+02   3.1889869E+02   3.1957730E+02   3.2029246E+02   3.2095205E+02   3.2160257E+02   3.2223065E+02   3.2287932E+02   3.2350730E+02   3.2412446E+02   3.2475452E+02   3.2536187E+02   3.2595724E+02   3.2654871E+02   3.2714542E+02   3.2771759E+02   3.2828386E+02   3.2884856E+02   3.2939676E+02   3.2992561E+02   3.3044879E+02   3.3096136E+02   3.3147652E+02   3.3194919E+02   3.3242027E+02   3.3287766E+02   3.3332031E+02   3.3374574E+02   3.3415280E+02   3.3454164E+02   3.3490851E+02   3.3525423E+02   3.3557532E+02   3.3587677E+02   3.3614763E+02   3.3639755E+02   3.3664948E+02   3.3685888E+02   3.3704349E+02   3.3719204E+02   3.3730304E+02   3.3739114E+02   3.3748985E+02   3.3756786E+02   3.3754272E+02   3.3747984E+02   3.3757072E+02   3.3749293E+02   3.3737236E+02   3.3721737E+02   3.3701534E+02   3.3680398E+02
   2.8831270E+02   2.8863893E+02   2.8896627E+02   2.8929472E+02   2.8962429E+02   2.8995485E+02   2.9027800E+02   2.9098505E+02   2.9169659E+02   2.9241270E+02   2.9308547E+02   2.9371238E+02   2.9434051E+02   2.9496981E+02   2.9560022E+02   2.9623170E+02   2.9686420E+02   2.9749766E+02   2.9813202E+02   2.9876722E+02   2.9940320E+02   3.0003988E+02   3.0067721E+02   3.0131510E+02   3.0195349E+02   3.0259228E+02   3.0323139E+02   3.0387075E+02   3.0451024E+02   3.0514979E+02   3.0578928E+02   3.0642862E+02   3.0706769E+02   3.0770637E+02   3.0834456E+02   3.0898226E+02   3.0962118E+02   3.1027902E+02   3.1106039E+02   3.1250090E+02   3.1310575E+02   3.1371194E+02   3.1432562E+02   3.1495234E+02   3.1559034E+02   3.1623765E+02   3.1689285E+02   3.1755976E+02   3.1823550E+02   3.1890418E+02   3.1958336E+02   3.2029709E+02   3.2095665E+02   3.2160701E+02   3.2223524E+02   3.2288325E+02   3.2351135E+02   3.2412881E+02   3.2475839E+02   3.2536589E+02   3.2596122E+02   3.2655319E+02   3.2715014E+02   3.2772191E+02   3.2828814E+02   3.2885316E+02   3.2940259E+02   3.2993135E+02   3.3045412E+02   3.3096666E+02   3.3148248E+02   3.3195488E+02   3.3242607E+02   3.3288345E+02   3.3332612E+02   3.3375165E+02   3.3415896E+02   3.3454792E+02   3.3491539E+02   3.3526198E+02   3.3558413E+02   3.3588737E+02   3.3616040E+02   3.3641201E+02   3.3666303E+02   3.3687357E+02   3.3705900E+02   3.3720948E+02   3.3732348E+02   3.3741515E+02   3.3751355E+02   3.3757475E+02   3.3754280E+02   3.3747984E+02   3.3757072E+02   3.3749293E+02   3.3737236E+02   3.3721737E+02   3.3701534E+02   3.3680398E+02
   2.8831270E+02   2.8863893E+02   2.8896627E+02   2.8929472E+02   2.8962429E+02   2.8995483E+02   2.9027800E+02   2.9098505E+02   2.9169659E+02   2.9241270E+02   2.9308547E+02   2.9371238E+02   2.9434051E+02   2.9496981E+02   2.9560022E+02   2.9623170E+02   2.9686420E+02   2.9749766E+02   2.9813202E+02   2.9876722E+02   2.9940320E+02   3.0003988E+02   3.0067721E+02   3.0131510E+02   3.0195349E+02   3.0259228E+02   3.0323139E+02   3.0387075E+02   3.0451024E+02   3.0514979E+02   3.0578928E+02   3.0642862E+02   3.0706769E+02   3.0770637E+02   3.0834475E+02   3.0898492E+02   3.0964844E+02   3.1047996E+02   3.1181727E+02   3.1243412E+02   3.1305857E+02   3.1367868E+02   3.1430437E+02   3.1494015E+02   3.1558496E+02   3.1623696E+02   3.1689498E+02   3.1756356E+02   3.1823906E+02   3.1890828E+02   3.1958784E+02   3.2030051E+02   3.2096003E+02   3.2161028E+02   3.2223861E+02   3.2288613E+02   3.2351433E+02   3.2413202E+02   3.2476125E+02   3.2536886E+02   3.2596417E+02   3.2655653E+02   3.2715367E+02   3.2772516E+02   3.2829138E+02   3.2885665E+02   3.2940703E+02   3.2993575E+02   3.3045823E+02   3.3097077E+02   3.3148712E+02   3.3195931E+02   3.3243058E+02   3.3288796E+02   3.3333061E+02   3.3375618E+02   3.3416363E+02   3.3455263E+02   3.3492051E+02   3.3526769E+02   3.3559058E+02   3.3589511E+02   3.3616979E+02   3.3642272E+02   3.3667305E+02   3.3688464E+02   3.3707090E+02   3.3722314E+02   3.3733985E+02   3.3743448E+02   3.3753140E+02   3.3757885E+02   3.3754283E+02   3.3747984E+02   3.3757072E+02   3.3749293E+02   3.3737236E+02   3.3721737E+02   3.3701534E+02   3.3680398E+02
   2.8831270E+02   2.8863893E+02   2.8896627E+02   2.8929472E+02   2.8962429E+02   2.8995481E+02   2.9027800E+02   2.9098505E+02   2.9169659E+02   2.9241270E+02   2.9308547E+02   2.9371238E+02   2.9434051E+02   2.9496981E+02   2.9560022E+02   2.9623170E+02   2.9686420E+02   2.9749766E+02   2.9813202E+02   2.9876722E+02   2.9940320E+02   3.0003988E+02   3.0067721E+02   3.0131510E+02   3.0195349E+02   3.0259228E+02   3.0323139E+02   3.0387075E+02   3.0451024E+02   3.0514979E+02   3.0578928E+02   3.0642862E+02   3.0706768E+02   3.0770636E+02   3.0834803E+02   3.0901820E+02   3.0991985E+02   3.1116346E+02   3.1175406E+02   3.1238514E+02   3.1302095E+02   3.1365238E+02   3.1428765E+02   3.1493060E+02   3.1558076E+02   3.1623643E+02   3.1689662E+02   3.1756646E+02   3.1824174E+02   3.1891134E+02   3.1959116E+02   3.2030303E+02   3.2096251E+02   3.2161267E+02   3.2224109E+02   3.2288825E+02   3.2351652E+02   3.2413438E+02   3.2476336E+02   3.2537107E+02   3.2596637E+02   3.2655901E+02   3.2715631E+02   3.2772761E+02   3.2829383E+02   3.2885930E+02   3.2941042E+02   3.2993912E+02   3.3046141E+02   3.3097395E+02   3.3149072E+02   3.3196276E+02   3.3243411E+02   3.3289146E+02   3.3333408E+02   3.3375966E+02   3.3416719E+02   3.3455618E+02   3.3492433E+02   3.3527190E+02   3.3559530E+02   3.3590077E+02   3.3617670E+02   3.3643065E+02   3.3668046E+02   3.3689301E+02   3.3708003E+02   3.3723386E+02   3.3735301E+02   3.3745006E+02   3.3754480E+02   3.3758128E+02   3.3754285E+02   3.3747984E+02   3.3757072E+02   3.3749294E+02   3.3737236E+02   3.3721737E+02   3.3701535E+02   3.3680398E+02
   2.8831270E+02   2.8863893E+02   2.8896627E+02   2.8929472E+02   2.8962429E+02   2.8995479E+02   2.9027800E+02   2.9098505E+02   2.9169659E+02   2.9241270E+02   2.9308547E+02   2.9371238E+02   2.9434051E+02   2.9496981E+02   2.9560022E+02   2.9623170E+02   2.9686420E+02   2.9749766E+02   2.9813202E+02   2.9876722E+02   2.9940320E+02   3.0003988E+02   3.0067721E+02   3.0131510E+02   3.0195349E+02   3.0259228E+02   3.0323139E+02   3.0387075E+02   3.0451024E+02   3.0514979E+02   3.0578928E+02   3.0642862E+02   3.0706767E+02   3.0770624E+02   3.0838867E+02   3.0936573E+02   3.1051263E+02   3.1109657E+02   3.1170340E+02   3.1234622E+02   3.1299136E+02   3.1363178E+02   3.1427457E+02   3.1492316E+02   3.1557751E+02   3.1623602E+02   3.1689787E+02   3.1756864E+02   3.1824374E+02   3.1891361E+02   3.1959361E+02   3.2030488E+02   3.2096433E+02   3.2161443E+02   3.2224291E+02   3.2288981E+02   3.2351813E+02   3.2413612E+02   3.2476492E+02   3.2537270E+02   3.2596799E+02   3.2656087E+02   3.2715829E+02   3.2772945E+02   3.2829568E+02   3.2886132E+02   3.2941300E+02   3.2994171E+02   3.3046386E+02   3.3097642E+02   3.3149352E+02   3.3196546E+02   3.3243687E+02   3.3289419E+02   3.3333677E+02   3.3376232E+02   3.3416989E+02   3.3455884E+02   3.3492717E+02   3.3527500E+02   3.3559874E+02   3.3590490E+02   3.3618179E+02   3.3643652E+02   3.3668594E+02   3.3689933E+02   3.3708706E+02   3.3724229E+02   3.3736359E+02   3.3746263E+02   3.3755482E+02   3.3758271E+02   3.3754286E+02   3.3747984E+02   3.3757072E+02   3.3749294E+02   3.3737236E+02   3.3721737E+02   3.3701535E+02   3.3680398E+02
   2.8831270E+02   2.8863893E+02   2.8896627E+02   2.8929472E+02   2.8962429E+02   2.8995477E+02   2.9027800E+02   2.9098505E+02   2.9169659E+02   2.9241270E+02   2.9308547E+02   2.9371238E+02   2.9434051E+02   2.9496981E+02   2.9560022E+02   2.9623170E+02   2.9686420E+02   2.9749766E+02   2.9813202E+02   2.9876722E+02   2.9940320E+02   3.0003988E+02   3.0067721E+02   3.0131510E+02   3.0195349E+02   3.0259228E+02   3.0323139E+02   3.0387075E+02   3.0451024E+02   3.0514979E+02   3.0578928E+02   3.0642861E+02   3.0706750E+02   3.0770498E+02   3.0881658E+02   3.0985890E+02   3.1044029E+02   3.1104173E+02   3.1166291E+02   3.1231566E+02   3.1296827E+02   3.1361575E+02   3.1426440E+02   3.1491739E+02   3.1557500E+02   3.1623570E+02   3.1689882E+02   3.1757029E+02   3.1824524E+02   3.1891530E+02   3.1959541E+02   3.2030623E+02   3.2096567E+02   3.2161572E+02   3.2224424E+02   3.2289095E+02   3.2351931E+02   3.2413739E+02   3.2476606E+02   3.2537390E+02   3.2596920E+02   3.2656225E+02   3.2715977E+02   3.2773084E+02   3.2829708E+02   3.2886284E+02   3.2941497E+02   3.2994370E+02   3.3046576E+02   3.3097833E+02   3.3149571E+02   3.3196758E+02   3.3243903E+02   3.3289632E+02   3.3333886E+02   3.3376437E+02   3.3417194E+02   3.3456084E+02   3.3492929E+02   3.3527728E+02   3.3560127E+02   3.3590793E+02   3.3618553E+02   3.3644087E+02   3.3669001E+02   3.3690411E+02   3.3709248E+02   3.3724893E+02   3.3737213E+02   3.3747279E+02   3.3756229E+02   3.3758355E+02   3.3754286E+02   3.3747984E+02   3.3757072E+02   3.3749293E+02   3.3737236E+02   3.3721737E+02   3.3701535E+02   3.3680398E+02
   2.8831270E+02   2.8863893E+02   2.8896627E+02   2.8929472E+02   2.8962429E+02   2.8995475E+02   2.9027800E+02   2.9098505E+02   2.9169659E+02   2.9241270E+02   2.9308547E+02   2.9371238E+02   2.9434051E+02   2.9496981E+02   2.9560022E+02   2.9623170E+02   2.9686420E+02   2.9749766E+02   2.9813202E+02   2.9876722E+02   2.9940320E+02   3.0003988E+02   3.0067721E+02   3.0131510E+02   3.0195349E+02   3.0259228E+02   3.0323139E+02   3.0387075E+02   3.0451024E+02   3.0514979E+02   3.0578928E+02   3.0642852E+02   3.0706632E+02   3.0769757E+02   3.0874850E+02   3.0985890E+02   3.1038104E+02   3.1099784E+02   3.1163094E+02   3.1229183E+02   3.1295035E+02   3.1360331E+02   3.1425652E+02   3.1491292E+02   3.1557307E+02   3.1623546E+02   3.1689954E+02   3.1757154E+02   3.1824636E+02   3.1891654E+02   3.1959673E+02   3.2030722E+02   3.2096664E+02   3.2161666E+02   3.2224521E+02   3.2289179E+02   3.2352018E+02   3.2413833E+02   3.2476691E+02   3.2537479E+02   3.2597009E+02   3.2656327E+02   3.2716088E+02   3.2773188E+02   3.2829813E+02   3.2886400E+02   3.2941647E+02   3.2994523E+02   3.3046722E+02   3.3097982E+02   3.3149742E+02   3.3196923E+02   3.3244072E+02   3.3289799E+02   3.3334048E+02   3.3376594E+02   3.3417350E+02   3.3456235E+02   3.3493087E+02   3.3527896E+02   3.3560311E+02   3.3591014E+02   3.3618829E+02   3.3644410E+02   3.3669303E+02   3.3690773E+02   3.3709666E+02   3.3725417E+02   3.3737903E+02   3.3748100E+02   3.3756784E+02   3.3758404E+02   3.3754286E+02   3.3747984E+02   3.3757072E+02   3.3749293E+02   3.3737236E+02   3.3721737E+02   3.3701535E+02   3.3680398E+02
   2.8831270E+02   2.8863893E+02   2.8896627E+02   2.8929472E+02   2.8962429E+02   2.8995473E+02   2.9027800E+02   2.9098505E+02   2.9169659E+02   2.9241270E+02   2.9308547E+02   2.9371238E+02   2.9434051E+02   2.9496981E+02   2.9560022E+02   2.9623170E+02   2.9686420E+02   2.9749766E+02   2.9813202E+02   2.9876722E+02   2.9940320E+02   3.0003988E+02   3.0067721E+02   3.0131510E+02   3.0195349E+02   3.0259228E+02   3.0323139E+02   3.0387075E+02   3.0451024E+02   3.0514979E+02   3.0578925E+02   3.0642815E+02   3.0706306E+02   3.0768579E+02   3.0869255E+02   3.0985890E+02   3.1033362E+02   3.1096311E+02   3.1160587E+02   3.1227333E+02   3.1293649E+02   3.1359369E+02   3.1425043E+02   3.1490947E+02   3.1557159E+02   3.1623527E+02   3.1690009E+02   3.1757247E+02   3.1824719E+02   3.1891746E+02   3.1959770E+02   3.2030795E+02   3.2096736E+02   3.2161735E+02   3.2224593E+02   3.2289240E+02   3.2352082E+02   3.2413902E+02   3.2476753E+02   3.2537545E+02   3.2597076E+02   3.2656403E+02   3.2716171E+02   3.2773266E+02   3.2829893E+02   3.2886488E+02   3.2941762E+02   3.2994641E+02   3.3046836E+02   3.3098098E+02   3.3149875E+02   3.3197053E+02   3.3244205E+02   3.3289929E+02   3.3334174E+02   3.3376715E+02   3.3417469E+02   3.3456348E+02   3.3493204E+02   3.3528020E+02   3.3560446E+02   3.3591176E+02   3.3619032E+02   3.3644649E+02   3.3669528E+02   3.3691049E+02   3.3709989E+02   3.3725832E+02   3.3738462E+02   3.3748765E+02   3.3757195E+02   3.3758432E+02   3.3754286E+02   3.3747984E+02   3.3757072E+02   3.3749293E+02   3.3737236E+02   3.3721737E+02   3.3701535E+02   3.3680398E+02
   2.8831270E+02   2.8863893E+02   2.8896627E+02   2.8929472E+02   2.8962429E+02   2.8995470E+02   2.9027800E+02   2.9098505E+02   2.9169659E+02   2.9241270E+02   2.9308547E+02   2.9371238E+02   2.9434051E+02   2.9496981E+02   2.9560022E+02   2.9623170E+02   2.9686420E+02   2.9749766E+02   2.9813202E+02   2.9876722E+02   2.9940320E+02   3.0003988E+02   3.0067721E+02   3.0131510E+02   3.0195349E+02   3.0259228E+02   3.0323139E+02   3.0387075E+02   3.0451024E+02   3.0514978E+02   3.0578917E+02   3.0642727E+02   3.0705746E+02   3.0767102E+02   3.0864597E+02   3.0985890E+02   3.1029609E+02   3.1093580E+02   3.1158631E+02   3.1225903E+02   3.1292580E+02   3.1358628E+02   3.1424572E+02   3.1490682E+02   3.1557045E+02   3.1623513E+02   3.1690050E+02   3.1757317E+02   3.1824781E+02   3.1891814E+02   3.1959842E+02   3.2030848E+02   3.2096788E+02   3.2161786E+02   3.2224645E+02   3.2289284E+02   3.2352128E+02   3.2413953E+02   3.2476799E+02   3.2537593E+02   3.2597125E+02   3.2656460E+02   3.2716233E+02   3.2773325E+02   3.2829953E+02   3.2886555E+02   3.2941849E+02   3.2994731E+02   3.3046923E+02   3.3098188E+02   3.3149980E+02   3.3197155E+02   3.3244309E+02   3.3290032E+02   3.3334271E+02   3.3376809E+02   3.3417559E+02   3.3456434E+02   3.3493292E+02   3.3528111E+02   3.3560545E+02   3.3591294E+02   3.3619182E+02   3.3644827E+02   3.3669695E+02   3.3691258E+02   3.3710240E+02   3.3726161E+02   3.3738917E+02   3.3749303E+02   3.3757498E+02   3.3758448E+02   3.3754286E+02   3.3747984E+02   3.3757072E+02   3.3749294E+02   3.3737236E+02   3.3721737E+02   3.3701535E+02   3.3680398E+02
   2.8831270E+02   2.8863893E+02   2.8896627E+02   2.8929472E+02   2.8962429E+02   2.8995468E+02   2.9027800E+02   2.9098505E+02   2.9169659E+02   2.9241270E+02   2.9308547E+02   2.9371238E+02   2.9434051E+02   2.9496981E+02   2.9560022E+02   2.9623170E+02   2.9686420E+02   2.9749766E+02   2.9813202E+02   2.9876722E+02   2.9940320E+02   3.0003988E+02   3.0067721E+02   3.0131510E+02   3.0195349E+02   3.0259228E+02   3.0323139E+02   3.0387075E+02   3.0451024E+02   3.0514977E+02   3.0578901E+02   3.0642580E+02   3.0704964E+02   3.0765434E+02   3.0860684E+02   3.0985890E+02   3.1026654E+02   3.1091442E+02   3.1157111E+02   3.1224800E+02   3.1291756E+02   3.1358056E+02   3.1424210E+02   3.1490478E+02   3.1556958E+02   3.1623503E+02   3.1690081E+02   3.1757369E+02   3.1824827E+02   3.1891864E+02   3.1959894E+02   3.2030886E+02   3.2096826E+02   3.2161822E+02   3.2224683E+02   3.2289317E+02   3.2352162E+02   3.2413990E+02   3.2476832E+02   3.2537629E+02   3.2597161E+02   3.2656502E+02   3.2716279E+02   3.2773370E+02   3.2829999E+02   3.2886605E+02   3.2941916E+02   3.2994801E+02   3.3046991E+02   3.3098258E+02   3.3150062E+02   3.3197236E+02   3.3244392E+02   3.3290112E+02   3.3334347E+02   3.3376880E+02   3.3417628E+02   3.3456498E+02   3.3493357E+02   3.3528178E+02   3.3560617E+02   3.3591381E+02   3.3619293E+02   3.3644959E+02   3.3669820E+02   3.3691417E+02   3.3710435E+02   3.3726423E+02   3.3739287E+02   3.3749739E+02   3.3757722E+02   3.3758458E+02   3.3754286E+02   3.3747984E+02   3.3757072E+02   3.3749294E+02   3.3737236E+02   3.3721737E+02   3.3701535E+02   3.3680398E+02
   2.8831270E+02   2.8863893E+02   2.8896627E+02   2.8929472E+02   2.8962428E+02   2.8995465E+02   2.9027800E+02   2.9098505E+02   2.9169659E+02   2.9241270E+02   2.9308547E+02   2.9371238E+02   2.9434051E+02   2.9496981E+02   2.9560022E+02   2.9623170E+02   2.9686420E+02   2.9749766E+02   2.9813202E+02   2.9876722E+02   2.9940320E+02   3.0003988E+02   3.0067721E+02   3.0131510E+02   3.0195349E+02   3.0259228E+02   3.0323139E+02   3.0387075E+02   3.0451024E+02   3.0514975E+02   3.0578875E+02   3.0642371E+02   3.0703984E+02   3.0763651E+02   3.0857377E+02   3.0985890E+02   3.1024339E+02   3.1089774E+02   3.1155932E+02   3.1223950E+02   3.1291123E+02   3.1357617E+02   3.1423932E+02   3.1490322E+02   3.1556892E+02   3.1623495E+02   3.1690105E+02   3.1757408E+02   3.1824861E+02   3.1891900E+02   3.1959932E+02   3.2030915E+02   3.2096853E+02   3.2161849E+02   3.2224711E+02   3.2289341E+02   3.2352187E+02   3.2414017E+02   3.2476857E+02   3.2537656E+02   3.2597188E+02   3.2656534E+02   3.2716314E+02   3.2773403E+02   3.2830033E+02   3.2886644E+02   3.2941967E+02   3.2994854E+02   3.3047044E+02   3.3098313E+02   3.3150126E+02   3.3197299E+02   3.3244456E+02   3.3290175E+02   3.3334407E+02   3.3376936E+02   3.3417680E+02   3.3456546E+02   3.3493405E+02   3.3528227E+02   3.3560670E+02   3.3591445E+02   3.3619375E+02   3.3645057E+02   3.3669913E+02   3.3691539E+02   3.3710587E+02   3.3726632E+02   3.3739589E+02   3.3750094E+02   3.3757885E+02   3.3758463E+02   3.3754286E+02   3.3747984E+02   3.3757072E+02   3.3749294E+02   3.3737236E+02   3.3721737E+02   3.3701535E+02   3.3680398E+02
   2.8831270E+02   2.8863893E+02   2.8896627E+02   2.8929472E+02   2.8962428E+02   2.8995462E+02   2.9027800E+02   2.9098505E+02   2.9169659E+02   2.9241270E+02   2.9308547E+02   2.9371238E+02   2.9434051E+02   2.9496981E+02   2.9560022E+02   2.9623170E+02   2.9686420E+02   2.9749766E+02   2.9813202E+02   2.9876722E+02   2.9940320E+02   3.0003988E+02   3.0067721E+02   3.0131510E+02   3.0195349E+02   3.0259228E+02   3.0323139E+02   3.0387075E+02   3.0451024E+02   3.0514972E+02   3.0578838E+02   3.0642101E+02   3.0702837E+02   3.0761814E+02   3.0854574E+02   3.0985890E+02   3.1022529E+02   3.1088476E+02   3.1155021E+02   3.1223297E+02   3.1290637E+02   3.1357279E+02   3.1423718E+02   3.1490202E+02   3.1556841E+02   3.1623488E+02   3.1690123E+02   3.1757437E+02   3.1824886E+02   3.1891927E+02   3.1959960E+02   3.2030935E+02   3.2096873E+02   3.2161869E+02   3.2224731E+02   3.2289358E+02   3.2352206E+02   3.2414037E+02   3.2476875E+02   3.2537675E+02   3.2597208E+02   3.2656557E+02   3.2716340E+02   3.2773428E+02   3.2830059E+02   3.2886673E+02   3.2942006E+02   3.2994895E+02   3.3047085E+02   3.3098356E+02   3.3150176E+02   3.3197349E+02   3.3244508E+02   3.3290224E+02   3.3334453E+02   3.3376978E+02   3.3417720E+02   3.3456583E+02   3.3493442E+02   3.3528264E+02   3.3560709E+02   3.3591491E+02   3.3619435E+02   3.3645130E+02   3.3669982E+02   3.3691632E+02   3.3710706E+02   3.3726799E+02   3.3739837E+02   3.3750381E+02   3.3758005E+02   3.3758466E+02   3.3754286E+02   3.3747984E+02   3.3757072E+02   3.3749294E+02   3.3737236E+02   3.3721737E+02   3.3701535E+02   3.3680398E+02
   2.8831270E+02   2.8863893E+02   2.8896627E+02   2.8929472E+02   2.8962428E+02   2.8995459E+02   2.9027800E+02   2.9098505E+02   2.9169659E+02   2.9241270E+02   2.9308547E+02   2.9371238E+02   2.9434051E+02   2.9496981E+02   2.9560022E+02   2.9623170E+02   2.9686420E+02   2.9749766E+02   2.9813202E+02   2.9876722E+02   2.9940320E+02   3.0003988E+02   3.0067721E+02   3.0131510E+02   3.0195349E+02   3.0259228E+02   3.0323139E+02   3.0387075E+02   3.0451024E+02   3.0514968E+02   3.0578792E+02   3.0641777E+02   3.0701547E+02   3.0759963E+02   3.0852193E+02   3.0985890E+02   3.1021117E+02   3.1087468E+02   3.1154318E+02   3.1222795E+02   3.1290265E+02   3.1357021E+02   3.1423554E+02   3.1490110E+02   3.1556803E+02   3.1623484E+02   3.1690136E+02   3.1757458E+02   3.1824904E+02   3.1891947E+02   3.1959980E+02   3.2030950E+02   3.2096888E+02   3.2161883E+02   3.2224746E+02   3.2289371E+02   3.2352219E+02   3.2414051E+02   3.2476888E+02   3.2537689E+02   3.2597223E+02   3.2656575E+02   3.2716359E+02   3.2773447E+02   3.2830079E+02   3.2886695E+02   3.2942036E+02   3.2994927E+02   3.3047117E+02   3.3098389E+02   3.3150216E+02   3.3197389E+02   3.3244548E+02   3.3290263E+02   3.3334489E+02   3.3377011E+02   3.3417751E+02   3.3456610E+02   3.3493468E+02   3.3528291E+02   3.3560737E+02   3.3591526E+02   3.3619480E+02   3.3645184E+02   3.3670035E+02   3.3691704E+02   3.3710798E+02   3.3726933E+02   3.3740040E+02   3.3750614E+02   3.3758091E+02   3.3758468E+02   3.3754286E+02   3.3747984E+02   3.3757072E+02   3.3749294E+02   3.3737236E+02   3.3721737E+02   3.3701535E+02   3.3680398E+02
   2.8831270E+02   2.8863893E+02   2.8896627E+02   2.8929472E+02   2.8962427E+02   2.8995457E+02   2.9027800E+02   2.9098505E+02   2.9169659E+02   2.9241270E+02   2.9308547E+02   2.9371238E+02   2.9434051E+02   2.9496981E+02   2.9560022E+02   2.9623170E+02   2.9686420E+02   2.9749766E+02   2.9813202E+02   2.9876722E+02   2.9940320E+02   3.0003988E+02   3.0067721E+02   3.0131510E+02   3.0195349E+02   3.0259228E+02   3.0323139E+02   3.0387075E+02   3.0451024E+02   3.0514963E+02   3.0578736E+02   3.0641402E+02   3.0700139E+02   3.0758129E+02   3.0851041E+02   3.0985890E+02   3.1020018E+02   3.1086687E+02   3.1153776E+02   3.1222411E+02   3.1289979E+02   3.1356822E+02   3.1423429E+02   3.1490041E+02   3.1556773E+02   3.1623480E+02   3.1690146E+02   3.1757474E+02   3.1824918E+02   3.1891961E+02   3.1959995E+02   3.2030961E+02   3.2096899E+02   3.2161893E+02   3.2224757E+02   3.2289380E+02   3.2352229E+02   3.2414062E+02   3.2476898E+02   3.2537700E+02   3.2597233E+02   3.2656588E+02   3.2716374E+02   3.2773461E+02   3.2830093E+02   3.2886712E+02   3.2942059E+02   3.2994952E+02   3.3047142E+02   3.3098416E+02   3.3150247E+02   3.3197420E+02   3.3244581E+02   3.3290294E+02   3.3334517E+02   3.3377037E+02   3.3417774E+02   3.3456631E+02   3.3493488E+02   3.3528310E+02   3.3560758E+02   3.3591551E+02   3.3619513E+02   3.3645225E+02   3.3670074E+02   3.3691759E+02   3.3710871E+02   3.3727041E+02   3.3740207E+02   3.3750804E+02   3.3758154E+02   3.3758468E+02   3.3754286E+02   3.3747984E+02   3.3757072E+02   3.3749294E+02   3.3737236E+02   3.3721737E+02   3.3701535E+02   3.3680398E+02
   2.8831270E+02   2.8863893E+02   2.8896627E+02   2.8929472E+02   2.8962427E+02   2.8995453E+02   2.9027800E+02   2.9098505E+02   2.9169659E+02   2.9241270E+02   2.9308547E+02   2.9371238E+02   2.9434051E+02   2.9496981E+02   2.9560022E+02   2.9623170E+02   2.9686420E+02   2.9749766E+02   2.9813202E+02   2.9876722E+02   2.9940320E+02   3.0003988E+02   3.0067721E+02   3.0131510E+02   3.0195349E+02   3.0259228E+02   3.0323139E+02   3.0387075E+02   3.0451023E+02   3.0514956E+02   3.0578672E+02   3.0640981E+02   3.0698630E+02   3.0756334E+02   3.0850191E+02   3.0985890E+02   3.1019164E+02   3.1086083E+02   3.1153359E+02   3.1222116E+02   3.1289760E+02   3.1356670E+02   3.1423333E+02   3.1489987E+02   3.1556751E+02   3.1623478E+02   3.1690153E+02   3.1757486E+02   3.1824928E+02   3.1891972E+02   3.1960006E+02   3.2030969E+02   3.2096907E+02   3.2161901E+02   3.2224764E+02   3.2289387E+02   3.2352236E+02   3.2414070E+02   3.2476905E+02   3.2537708E+02   3.2597242E+02   3.2656597E+02   3.2716385E+02   3.2773472E+02   3.2830105E+02   3.2886725E+02   3.2942077E+02   3.2994971E+02   3.3047161E+02   3.3098436E+02   3.3150272E+02   3.3197445E+02   3.3244606E+02   3.3290318E+02   3.3334539E+02   3.3377056E+02   3.3417792E+02   3.3456646E+02   3.3493503E+02   3.3528325E+02   3.3560773E+02   3.3591569E+02   3.3619537E+02   3.3645255E+02   3.3670104E+02   3.3691801E+02   3.3710929E+02   3.3727128E+02   3.3740344E+02   3.3750958E+02   3.3758200E+02   3.3758469E+02   3.3754286E+02   3.3747984E+02   3.3757072E+02   3.3749294E+02   3.3737236E+02   3.3721737E+02   3.3701535E+02   3.3680398E+02
   2.8831270E+02   2.8863893E+02   2.8896627E+02   2.8929472E+02   2.8962427E+02   2.8995450E+02   2.9027800E+02   2.9098505E+02   2.9169659E+02   2.9241270E+02   2.9308547E+02   2.9371238E+02   2.9434051E+02   2.9496981E+02   2.9560022E+02   2.9623170E+02   2.9686420E+02   2.9749766E+02   2.9813202E+02   2.9876722E+02   2.9940320E+02   3.0003988E+02   3.0067721E+02   3.0131510E+02   3.0195349E+02   3.0259228E+02   3.0323139E+02   3.0387075E+02   3.0451023E+02   3.0514949E+02   3.0578599E+02   3.0640518E+02   3.0697035E+02   3.0754591E+02   3.0849453E+02   3.0985890E+02   3.1018501E+02   3.1085616E+02   3.1153038E+02   3.1221891E+02   3.1289593E+02   3.1356554E+02   3.1423259E+02   3.1489947E+02   3.1556734E+02   3.1623476E+02   3.1690159E+02   3.1757495E+02   3.1824935E+02   3.1891980E+02   3.1960013E+02   3.2030975E+02   3.2096912E+02   3.2161906E+02   3.2224770E+02   3.2289392E+02   3.2352241E+02   3.2414076E+02   3.2476911E+02   3.2537714E+02   3.2597248E+02   3.2656604E+02   3.2716393E+02   3.2773480E+02   3.2830113E+02   3.2886734E+02   3.2942090E+02   3.2994985E+02   3.3047176E+02   3.3098452E+02   3.3150291E+02   3.3197465E+02   3.3244626E+02   3.3290338E+02   3.3334557E+02   3.3377071E+02   3.3417806E+02   3.3456658E+02   3.3493514E+02   3.3528335E+02   3.3560784E+02   3.3591583E+02   3.3619555E+02   3.3645278E+02   3.3670126E+02   3.3691834E+02   3.3710974E+02   3.3727198E+02   3.3740458E+02   3.3751083E+02   3.3758232E+02   3.3758469E+02   3.3754286E+02   3.3747984E+02   3.3757072E+02   3.3749294E+02   3.3737236E+02   3.3721737E+02   3.3701535E+02   3.3680398E+02
