   9.9500000E-02   2.9550000E-01   4.8750000E-01   6.7550000E-01   8.5950000E-01   1.0395000E+00   1.2155000E+00   1.3875000E+00   1.5555000E+00   1.7195000E+00   1.8795000E+00   2.0355000E+00   2.1875000E+00   2.3355000E+00   2.4795000E+00   2.6195000E+00   2.7555000E+00   2.8875000E+00   3.0155000E+00   3.1395000E+00   3.2595000E+00   3.3755000E+00   3.4875000E+00   3.5955000E+00   3.6995000E+00   3.7995000E+00   3.8955000E+00   3.9875000E+00   4.0755000E+00   4.1595000E+00   4.2395000E+00   4.3155000E+00   4.3875000E+00   4.4555000E+00   4.5195000E+00   4.5795000E+00   4.6355000E+00   4.6875000E+00   4.7355000E+00   4.7795000E+00   4.8195000E+00   4.8555000E+00   4.8875000E+00   4.9155000E+00   4.9395000E+00   4.9595000E+00   4.9755000E+00   4.9875000E+00   4.9955000E+00   4.9995000E+00   4.9995000E+00   4.9955000E+00   4.9875000E+00   4.9755000E+00   4.9595000E+00   4.9395000E+00   4.9155000E+00   4.8875000E+00   4.8555000E+00   4.8195000E+00   4.7795000E+00   4.7355000E+00   4.6875000E+00   4.6355000E+00   4.5795000E+00   4.5195000E+00   4.4555000E+00   4.3875000E+00   4.3155000E+00   4.2395000E+00   4.1595000E+00   4.0755000E+00   3.9875000E+00   3.8955000E+00   3.7995000E+00   3.6995000E+00   3.5955000E+00   3.4875000E+00   3.3755000E+00   3.2595000E+00   3.1395000E+00   3.0155000E+00   2.8875000E+00   2.7555000E+00   2.6195000E+00   2.4795000E+00   2.3355000E+00   2.1875000E+00   2.0355000E+00   1.8795000E+00   1.7195000E+00   1.5555000E+00   1.3875000E+00   1.2155000E+00   1.0395000E+00   8.5950000E-01   6.7550000E-01   4.8750000E-01   2.9550000E-01   9.9500000E-02
   9.9500000E-02   2.9550000E-01   4.8750000E-01   6.7550000E-01   8.5950000E-01   1.0395000E+00   1.2155000E+00   1.3875000E+00   1.5555000E+00   1.7195000E+00   1.8795000E+00   2.0355000E+00   2.1875000E+00   2.3355000E+00   2.4795000E+00   2.6195000E+00   2.7555000E+00   2.8875000E+00   3.0155000E+00   3.1395000E+00   3.2595000E+00   3.3755000E+00   3.4875000E+00   3.5955000E+00   3.6995000E+00   3.7995000E+00   3.8955000E+00   3.9875000E+00   4.0755000E+00   4.1595000E+00   4.2395000E+00   4.3155000E+00   4.3875000E+00   4.4555000E+00   4.5195000E+00   4.5795000E+00   4.6355000E+00   4.6875000E+00   4.7355000E+00   4.7795000E+00   4.8195000E+00   4.8555000E+00   4.8875000E+00   4.9155000E+00   4.9395000E+00   4.9595000E+00   4.9755000E+00   4.9875000E+00   4.9955000E+00   4.9995000E+00   4.9995000E+00   4.9955000E+00   4.9875000E+00   4.9755000E+00   4.9595000E+00   4.9395000E+00   4.9155000E+00   4.8875000E+00   4.8555000E+00   4.8195000E+00   4.7795000E+00   4.7355000E+00   4.6875000E+00   4.6355000E+00   4.5795000E+00   4.5195000E+00   4.4555000E+00   4.3875000E+00   4.3155000E+00   4.2395000E+00   4.1595000E+00   4.0755000E+00   3.9875000E+00   3.8955000E+00   3.7995000E+00   3.6995000E+00   3.5955000E+00   3.4875000E+00   3.3755000E+00   3.2595000E+00   3.1395000E+00   3.0155000E+00   2.8875000E+00   2.7555000E+00   2.6195000E+00   2.4795000E+00   2.3355000E+00   2.1875000E+00   2.0355000E+00   1.8795000E+00   1.7195000E+00   1.5555000E+00   1.3875000E+00   1.2155000E+00   1.0395000E+00   8.5950000E-01   6.7550000E-01   4.8750000E-01   2.9550000E-01   9.9500000E-02
   9.9500000E-02   2.9550000E-01   4.8750000E-01   6.7550000E-01   8.5950000E-01   1.0395000E+00   1.2155000E+00   1.3875000E+00   1.5555000E+00   1.7195000E+00   1.8795000E+00   2.0355000E+00   2.1875000E+00   2.3355000E+00   2.4795000E+00   2.6195000E+00   2.7555000E+00   2.8875000E+00   3.0155000E+00   3.1395000E+00   3.2595000E+00   3.3755000E+00   3.4875000E+00   3.5955000E+00   3.6995000E+00   3.7995000E+00   3.8955000E+00   3.9875000E+00   4.0755000E+00   4.1595000E+00   4.2395000E+00   4.3155000E+00   4.3875000E+00   4.4555000E+00   4.5195000E+00   4.5795000E+00   4.6355000E+00   4.6875000E+00   4.7355000E+00   4.7795000E+00   4.8195000E+00   4.8555000E+00   4.8875000E+00   4.9155000E+00   4.9395000E+00   4.9595000E+00   4.9755000E+00   4.9875000E+00   4.9955000E+00   4.9995000E+00   4.9995000E+00   4.9955000E+00   4.9875000E+00   4.9755000E+00   4.9595000E+00   4.9395000E+00   4.9155000E+00   4.8875000E+00   4.8555000E+00   4.8195000E+00   4.7795000E+00   4.7355000E+00   4.6875000E+00   4.6355000E+00   4.5795000E+00   4.5195000E+00   4.4555000E+00   4.3875000E+00   4.3155000E+00   4.2395000E+00   4.1595000E+00   4.0755000E+00   3.9875000E+00   3.8955000E+00   3.7995000E+00   3.6995000E+00   3.5955000E+00   3.4875000E+00   3.3755000E+00   3.2595000E+00   3.1395000E+00   3.0155000E+00   2.8875000E+00   2.7555000E+00   2.6195000E+00   2.4795000E+00   2.3355000E+00   2.1875000E+00   2.0355000E+00   1.8795000E+00   1.7195000E+00   1.5555000E+00   1.3875000E+00   1.2155000E+00   1.0395000E+00   8.5950000E-01   6.7550000E-01   4.8750000E-01   2.9550000E-01   9.9500000E-02
   9.9500000E-02   2.9550000E-01   4.8750000E-01   6.7550000E-01   8.5950000E-01   1.0395000E+00   1.2155000E+00   1.3875000E+00   1.5555000E+00   1.7195000E+00   1.8795000E+00   2.0355000E+00   2.1875000E+00   2.3355000E+00   2.4795000E+00   2.6195000E+00   2.7555000E+00   2.8875000E+00   3.0155000E+00   3.1395000E+00   3.2595000E+00   3.3755000E+00   3.4875000E+00   3.5955000E+00   3.6995000E+00   3.7995000E+00   3.8955000E+00   3.9875000E+00   4.0755000E+00   4.1595000E+00   4.2395000E+00   4.3155000E+00   4.3875000E+00   4.4555000E+00   4.5195000E+00   4.5795000E+00   4.6355000E+00   4.6875000E+00   4.7355000E+00   4.7795000E+00   4.8195000E+00   4.8555000E+00   4.8875000E+00   4.9155000E+00   4.9395000E+00   4.9595000E+00   4.9755000E+00   4.9875000E+00   4.9955000E+00   4.9995000E+00   4.9995000E+00   4.9955000E+00   4.9875000E+00   4.9755000E+00   4.9595000E+00   4.9395000E+00   4.9155000E+00   4.8875000E+00   4.8555000E+00   4.8195000E+00   4.7795000E+00   4.7355000E+00   4.6875000E+00   4.6355000E+00   4.5795000E+00   4.5195000E+00   4.4555000E+00   4.3875000E+00   4.3155000E+00   4.2395000E+00   4.1595000E+00   4.0755000E+00   3.9875000E+00   3.8955000E+00   3.7995000E+00   3.6995000E+00   3.5955000E+00   3.4875000E+00   3.3755000E+00   3.2595000E+00   3.1395000E+00   3.0155000E+00   2.8875000E+00   2.7555000E+00   2.6195000E+00   2.4795000E+00   2.3355000E+00   2.1875000E+00   2.0355000E+00   1.8795000E+00   1.7195000E+00   1.5555000E+00   1.3875000E+00   1.2155000E+00   1.0395000E+00   8.5950000E-01   6.7550000E-01   4.8750000E-01   2.9550000E-01   9.9500000E-02
   9.9500000E-02   2.9550000E-01   4.8750000E-01   6.7550000E-01   8.5950000E-01   1.0395000E+00   1.2155000E+00   1.3875000E+00   1.5555000E+00   1.7195000E+00   1.8795000E+00   2.0355000E+00   2.1875000E+00   2.3355000E+00   2.4795000E+00   2.6195000E+00   2.7555000E+00   2.8875000E+00   3.0155000E+00   3.1395000E+00   3.2595000E+00   3.3755000E+00   3.4875000E+00   3.5955000E+00   3.6995000E+00   3.7995000E+00   3.8955000E+00   3.9875000E+00   4.0755000E+00   4.1595000E+00   4.2395000E+00   4.3155000E+00   4.3875000E+00   4.4555000E+00   4.5195000E+00   4.5795000E+00   4.6355000E+00   4.6875000E+00   4.7355000E+00   4.7795000E+00   4.8195000E+00   4.8555000E+00   4.8875000E+00   4.9155000E+00   4.9395000E+00   4.9595000E+00   4.9755000E+00   4.9875000E+00   4.9955000E+00   4.9995000E+00   4.9995000E+00   4.9955000E+00   4.9875000E+00   4.9755000E+00   4.9595000E+00   4.9395000E+00   4.9155000E+00   4.8875000E+00   4.8555000E+00   4.8195000E+00   4.7795000E+00   4.7355000E+00   4.6875000E+00   4.6355000E+00   4.5795000E+00   4.5195000E+00   4.4555000E+00   4.3875000E+00   4.3155000E+00   4.2395000E+00   4.1595000E+00   4.0755000E+00   3.9875000E+00   3.8955000E+00   3.7995000E+00   3.6995000E+00   3.5955000E+00   3.4875000E+00   3.3755000E+00   3.2595000E+00   3.1395000E+00   3.0155000E+00   2.8875000E+00   2.7555000E+00   2.6195000E+00   2.4795000E+00   2.3355000E+00   2.1875000E+00   2.0355000E+00   1.8795000E+00   1.7195000E+00   1.5555000E+00   1.3875000E+00   1.2155000E+00   1.0395000E+00   8.5950000E-01   6.7550000E-01   4.8750000E-01   2.9550000E-01   9.9500000E-02
   9.9500000E-02   2.9550000E-01   4.8750000E-01   6.7550000E-01   8.5950000E-01   1.0395000E+00   1.2155000E+00   1.3875000E+00   1.5555000E+00   1.7195000E+00   1.8795000E+00   2.0355000E+00   2.1875000E+00   2.3355000E+00   2.4795000E+00   2.6195000E+00   2.7555000E+00   2.8875000E+00   3.0155000E+00   3.1395000E+00   3.2595000E+00   3.3755000E+00   3.4875000E+00   3.5955000E+00   3.6995000E+00   3.7995000E+00   3.8955000E+00   3.9875000E+00   4.0755000E+00   4.1595000E+00   4.2395000E+00   4.3155000E+00   4.3875000E+00   4.4555000E+00   4.5195000E+00   4.5795000E+00   4.6355000E+00   4.6875000E+00   4.7355000E+00   4.7795000E+00   4.8195000E+00   4.8555000E+00   4.8875000E+00   4.9155000E+00   4.9395000E+00   4.9595000E+00   4.9755000E+00   4.9875000E+00   4.9955000E+00   4.9995000E+00   4.9995000E+00   4.9955000E+00   4.9875000E+00   4.9755000E+00   4.9595000E+00   4.9395000E+00   4.9155000E+00   4.8875000E+00   4.8555000E+00   4.8195000E+00   4.7795000E+00   4.7355000E+00   4.6875000E+00   4.6355000E+00   4.5795000E+00   4.5195000E+00   4.4555000E+00   4.3875000E+00   4.3155000E+00   4.2395000E+00   4.1595000E+00   4.0755000E+00   3.9875000E+00   3.8955000E+00   3.7995000E+00   3.6995000E+00   3.5955000E+00   3.4875000E+00   3.3755000E+00   3.2595000E+00   3.1395000E+00   3.0155000E+00   2.8875000E+00   2.7555000E+00   2.6195000E+00   2.4795000E+00   2.3355000E+00   2.1875000E+00   2.0355000E+00   1.8795000E+00   1.7195000E+00   1.5555000E+00   1.3875000E+00   1.2155000E+00   1.0395000E+00   8.5950000E-01   6.7550000E-01   4.8750000E-01   2.9550000E-01   9.9500000E-02
   9.9500000E-02   2.9550000E-01   4.8750000E-01   6.7550000E-01   8.5950000E-01   1.0395000E+00   1.2155000E+00   1.3875000E+00   1.5555000E+00   1.7195000E+00   1.8795000E+00   2.0355000E+00   2.1875000E+00   2.3355000E+00   2.4795000E+00   2.6195000E+00   2.7555000E+00   2.8875000E+00   3.0155000E+00   3.1395000E+00   3.2595000E+00   3.3755000E+00   3.4875000E+00   3.5955000E+00   3.6995000E+00   3.7995000E+00   3.8955000E+00   3.9875000E+00   4.0755000E+00   4.1595000E+00   4.2395000E+00   4.3155000E+00   4.3875000E+00   4.4555000E+00   4.5195000E+00   4.5795000E+00   4.6355000E+00   4.6875000E+00   4.7355000E+00   4.7795000E+00   4.8195000E+00   4.8555000E+00   4.8875000E+00   4.9155000E+00   4.9395000E+00   4.9595000E+00   4.9755000E+00   4.9875000E+00   4.9955000E+00   4.9995000E+00   4.9995000E+00   4.9955000E+00   4.9875000E+00   4.9755000E+00   4.9595000E+00   4.9395000E+00   4.9155000E+00   4.8875000E+00   4.8555000E+00   4.8195000E+00   4.7795000E+00   4.7355000E+00   4.6875000E+00   4.6355000E+00   4.5795000E+00   4.5195000E+00   4.4555000E+00   4.3875000E+00   4.3155000E+00   4.2395000E+00   4.1595000E+00   4.0755000E+00   3.9875000E+00   3.8955000E+00   3.7995000E+00   3.6995000E+00   3.5955000E+00   3.4875000E+00   3.3755000E+00   3.2595000E+00   3.1395000E+00   3.0155000E+00   2.8875000E+00   2.7555000E+00   2.6195000E+00   2.4795000E+00   2.3355000E+00   2.1875000E+00   2.0355000E+00   1.8795000E+00   1.7195000E+00   1.5555000E+00   1.3875000E+00   1.2155000E+00   1.0395000E+00   8.5950000E-01   6.7550000E-01   4.8750000E-01   2.9550000E-01   9.9500000E-02
   9.9500000E-02   2.9550000E-01   4.8750000E-01   6.7550000E-01   8.5950000E-01   1.0395000E+00   1.2155000E+00   1.3875000E+00   1.5555000E+00   1.7195000E+00   1.8795000E+00   2.0355000E+00   2.1875000E+00   2.3355000E+00   2.4795000E+00   2.6195000E+00   2.7555000E+00   2.8875000E+00   3.0155000E+00   3.1395000E+00   3.2595000E+00   3.3755000E+00   3.4875000E+00   3.5955000E+00   3.6995000E+00   3.7995000E+00   3.8955000E+00   3.9875000E+00   4.0755000E+00   4.1595000E+00   4.2395000E+00   4.3155000E+00   4.3875000E+00   4.4555000E+00   4.5195000E+00   4.5795000E+00   4.6355000E+00   4.6875000E+00   4.7355000E+00   4.7795000E+00   4.8195000E+00   4.8555000E+00   4.8875000E+00   4.9155000E+00   4.9395000E+00   4.9595000E+00   4.9755000E+00   4.9875000E+00   4.9955000E+00   4.9995000E+00   4.9995000E+00   4.9955000E+00   4.9875000E+00   4.9755000E+00   4.9595000E+00   4.9395000E+00   4.9155000E+00   4.8875000E+00   4.8555000E+00   4.8195000E+00   4.7795000E+00   4.7355000E+00   4.6875000E+00   4.6355000E+00   4.5795000E+00   4.5195000E+00   4.4555000E+00   4.3875000E+00   4.3155000E+00   4.2395000E+00   4.1595000E+00   4.0755000E+00   3.9875000E+00   3.8955000E+00   3.7995000E+00   3.6995000E+00   3.5955000E+00   3.4875000E+00   3.3755000E+00   3.2595000E+00   3.1395000E+00   3.0155000E+00   2.8875000E+00   2.7555000E+00   2.6195000E+00   2.4795000E+00   2.3355000E+00   2.1875000E+00   2.0355000E+00   1.8795000E+00   1.7195000E+00   1.5555000E+00   1.3875000E+00   1.2155000E+00   1.0395000E+00   8.5950000E-01   6.7550000E-01   4.8750000E-01   2.9550000E-01   9.9500000E-02
   9.9500000E-02   2.9550000E-01   4.8750000E-01   6.7550000E-01   8.5950000E-01   1.0395000E+00   1.2155000E+00   1.3875000E+00   1.5555000E+00   1.7195000E+00   1.8795000E+00   2.0355000E+00   2.1875000E+00   2.3355000E+00   2.4795000E+00   2.6195000E+00   2.7555000E+00   2.8875000E+00   3.0155000E+00   3.1395000E+00   3.2595000E+00   3.3755000E+00   3.4875000E+00   3.5955000E+00   3.6995000E+00   3.7995000E+00   3.8955000E+00   3.9875000E+00   4.0755000E+00   4.1595000E+00   4.2395000E+00   4.3155000E+00   4.3875000E+00   4.4555000E+00   4.5195000E+00   4.5795000E+00   4.6355000E+00   4.6875000E+00   4.7355000E+00   4.7795000E+00   4.8195000E+00   4.8555000E+00   4.8875000E+00   4.9155000E+00   4.9395000E+00   4.9595000E+00   4.9755000E+00   4.9875000E+00   4.9955000E+00   4.9995000E+00   4.9995000E+00   4.9955000E+00   4.9875000E+00   4.9755000E+00   4.9595000E+00   4.9395000E+00   4.9155000E+00   4.8875000E+00   4.8555000E+00   4.8195000E+00   4.7795000E+00   4.7355000E+00   4.6875000E+00   4.6355000E+00   4.5795000E+00   4.5195000E+00   4.4555000E+00   4.3875000E+00   4.3155000E+00   4.2395000E+00   4.1595000E+00   4.0755000E+00   3.9875000E+00   3.8955000E+00   3.7995000E+00   3.6995000E+00   3.5955000E+00   3.4875000E+00   3.3755000E+00   3.2595000E+00   3.1395000E+00   3.0155000E+00   2.8875000E+00   2.7555000E+00   2.6195000E+00   2.4795000E+00   2.3355000E+00   2.1875000E+00   2.0355000E+00   1.8795000E+00   1.7195000E+00   1.5555000E+00   1.3875000E+00   1.2155000E+00   1.0395000E+00   8.5950000E-01   6.7550000E-01   4.8750000E-01   2.9550000E-01   9.9500000E-02
   9.9500000E-02   2.9550000E-01   4.8750000E-01   6.7550000E-01   8.5950000E-01   1.0395000E+00   1.2155000E+00   1.3875000E+00   1.5555000E+00   1.7195000E+00   1.8795000E+00   2.0355000E+00   2.1875000E+00   2.3355000E+00   2.4795000E+00   2.6195000E+00   2.7555000E+00   2.8875000E+00   3.0155000E+00   3.1395000E+00   3.2595000E+00   3.3755000E+00   3.4875000E+00   3.5955000E+00   3.6995000E+00   3.7995000E+00   3.8955000E+00   3.9875000E+00   4.0755000E+00   4.1595000E+00   4.2395000E+00   4.3155000E+00   4.3875000E+00   4.4555000E+00   4.5195000E+00   4.5795000E+00   4.6355000E+00   4.6875000E+00   4.7355000E+00   4.7795000E+00   4.8195000E+00   4.8555000E+00   4.8875000E+00   4.9155000E+00   4.9395000E+00   4.9595000E+00   4.9755000E+00   4.9875000E+00   4.9955000E+00   4.9995000E+00   4.9995000E+00   4.9955000E+00   4.9875000E+00   4.9755000E+00   4.9595000E+00   4.9395000E+00   4.9155000E+00   4.8875000E+00   4.8555000E+00   4.8195000E+00   4.7795000E+00   4.7355000E+00   4.6875000E+00   4.6355000E+00   4.5795000E+00   4.5195000E+00   4.4555000E+00   4.3875000E+00   4.3155000E+00   4.2395000E+00   4.1595000E+00   4.0755000E+00   3.9875000E+00   3.8955000E+00   3.7995000E+00   3.6995000E+00   3.5955000E+00   3.4875000E+00   3.3755000E+00   3.2595000E+00   3.1395000E+00   3.0155000E+00   2.8875000E+00   2.7555000E+00   2.6195000E+00   2.4795000E+00   2.3355000E+00   2.1875000E+00   2.0355000E+00   1.8795000E+00   1.7195000E+00   1.5555000E+00   1.3875000E+00   1.2155000E+00   1.0395000E+00   8.5950000E-01   6.7550000E-01   4.8750000E-01   2.9550000E-01   9.9500000E-02
   9.9500000E-02   2.9550000E-01   4.8750000E-01   6.7550000E-01   8.5950000E-01   1.0395000E+00   1.2155000E+00   1.3875000E+00   1.5555000E+00   1.7195000E+00   1.8795000E+00   2.0355000E+00   2.1875000E+00   2.3355000E+00   2.4795000E+00   2.6195000E+00   2.7555000E+00   2.8875000E+00   3.0155000E+00   3.1395000E+00   3.2595000E+00   3.3755000E+00   3.4875000E+00   3.5955000E+00   3.6995000E+00   3.7995000E+00   3.8955000E+00   3.9875000E+00   4.0755000E+00   4.1595000E+00   4.2395000E+00   4.3155000E+00   4.3875000E+00   4.4555000E+00   4.5195000E+00   4.5795000E+00   4.6355000E+00   4.6875000E+00   4.7355000E+00   4.7795000E+00   4.8195000E+00   4.8555000E+00   4.8875000E+00   4.9155000E+00   4.9395000E+00   4.9595000E+00   4.9755000E+00   4.9875000E+00   4.9955000E+00   4.9995000E+00   4.9995000E+00   4.9955000E+00   4.9875000E+00   4.9755000E+00   4.9595000E+00   4.9395000E+00   4.9155000E+00   4.8875000E+00   4.8555000E+00   4.8195000E+00   4.7795000E+00   4.7355000E+00   4.6875000E+00   4.6355000E+00   4.5795000E+00   4.5195000E+00   4.4555000E+00   4.3875000E+00   4.3155000E+00   4.2395000E+00   4.1595000E+00   4.0755000E+00   3.9875000E+00   3.8955000E+00   3.7995000E+00   3.6995000E+00   3.5955000E+00   3.4875000E+00   3.3755000E+00   3.2595000E+00   3.1395000E+00   3.0155000E+00   2.8875000E+00   2.7555000E+00   2.6195000E+00   2.4795000E+00   2.3355000E+00   2.1875000E+00   2.0355000E+00   1.8795000E+00   1.7195000E+00   1.5555000E+00   1.3875000E+00   1.2155000E+00   1.0395000E+00   8.5950000E-01   6.7550000E-01   4.8750000E-01   2.9550000E-01   9.9500000E-02
   9.9500000E-02   2.9550000E-01   4.8750000E-01   6.7550000E-01   8.5950000E-01   1.0395000E+00   1.2155000E+00   1.3875000E+00   1.5555000E+00   1.7195000E+00   1.8795000E+00   2.0355000E+00   2.1875000E+00   2.3355000E+00   2.4795000E+00   2.6195000E+00   2.7555000E+00   2.8875000E+00   3.0155000E+00   3.1395000E+00   3.2595000E+00   3.3755000E+00   3.4875000E+00   3.5955000E+00   3.6995000E+00   3.7995000E+00   3.8955000E+00   3.9875000E+00   4.0755000E+00   4.1595000E+00   4.2395000E+00   4.3155000E+00   4.3875000E+00   4.4555000E+00   4.5195000E+00   4.5795000E+00   4.6355000E+00   4.6875000E+00   4.7355000E+00   4.7795000E+00   4.8195000E+00   4.8555000E+00   4.8875000E+00   4.9155000E+00   4.9395000E+00   4.9595000E+00   4.9755000E+00   4.9875000E+00   4.9955000E+00   4.9995000E+00   4.9995000E+00   4.9955000E+00   4.9875000E+00   4.9755000E+00   4.9595000E+00   4.9395000E+00   4.9155000E+00   4.8875000E+00   4.8555000E+00   4.8195000E+00   4.7795000E+00   4.7355000E+00   4.6875000E+00   4.6355000E+00   4.5795000E+00   4.5195000E+00   4.4555000E+00   4.3875000E+00   4.3155000E+00   4.2395000E+00   4.1595000E+00   4.0755000E+00   3.9875000E+00   3.8955000E+00   3.7995000E+00   3.6995000E+00   3.5955000E+00   3.4875000E+00   3.3755000E+00   3.2595000E+00   3.1395000E+00   3.0155000E+00   2.8875000E+00   2.7555000E+00   2.6195000E+00   2.4795000E+00   2.3355000E+00   2.1875000E+00   2.0355000E+00   1.8795000E+00   1.7195000E+00   1.5555000E+00   1.3875000E+00   1.2155000E+00   1.0395000E+00   8.5950000E-01   6.7550000E-01   4.8750000E-01   2.9550000E-01   9.9500000E-02
   9.9500000E-02   2.9550000E-01   4.8750000E-01   6.7550000E-01   8.5950000E-01   1.0395000E+00   1.2155000E+00   1.3875000E+00   1.5555000E+00   1.7195000E+00   1.8795000E+00   2.0355000E+00   2.1875000E+00   2.3355000E+00   2.4795000E+00   2.6195000E+00   2.7555000E+00   2.8875000E+00   3.0155000E+00   3.1395000E+00   3.2595000E+00   3.3755000E+00   3.4875000E+00   3.5955000E+00   3.6995000E+00   3.7995000E+00   3.8955000E+00   3.9875000E+00   4.0755000E+00   4.1595000E+00   4.2395000E+00   4.3155000E+00   4.3875000E+00   4.4555000E+00   4.5195000E+00   4.5795000E+00   4.6355000E+00   4.6875000E+00   4.7355000E+00   4.7795000E+00   4.8195000E+00   4.8555000E+00   4.8875000E+00   4.9155000E+00   4.9395000E+00   4.9595000E+00   4.9755000E+00   4.9875000E+00   4.9955000E+00   4.9995000E+00   4.9995000E+00   4.9955000E+00   4.9875000E+00   4.9755000E+00   4.9595000E+00   4.9395000E+00   4.9155000E+00   4.8875000E+00   4.8555000E+00   4.8195000E+00   4.7795000E+00   4.7355000E+00   4.6875000E+00   4.6355000E+00   4.5795000E+00   4.5195000E+00   4.4555000E+00   4.3875000E+00   4.3155000E+00   4.2395000E+00   4.1595000E+00   4.0755000E+00   3.9875000E+00   3.8955000E+00   3.7995000E+00   3.6995000E+00   3.5955000E+00   3.4875000E+00   3.3755000E+00   3.2595000E+00   3.1395000E+00   3.0155000E+00   2.8875000E+00   2.7555000E+00   2.6195000E+00   2.4795000E+00   2.3355000E+00   2.1875000E+00   2.0355000E+00   1.8795000E+00   1.7195000E+00   1.5555000E+00   1.3875000E+00   1.2155000E+00   1.0395000E+00   8.5950000E-01   6.7550000E-01   4.8750000E-01   2.9550000E-01   9.9500000E-02
   9.9500000E-02   2.9550000E-01   4.8750000E-01   6.7550000E-01   8.5950000E-01   1.0395000E+00   1.2155000E+00   1.3875000E+00   1.5555000E+00   1.7195000E+00   1.8795000E+00   2.0355000E+00   2.1875000E+00   2.3355000E+00   2.4795000E+00   2.6195000E+00   2.7555000E+00   2.8875000E+00   3.0155000E+00   3.1395000E+00   3.2595000E+00   3.3755000E+00   3.4875000E+00   3.5955000E+00   3.6995000E+00   3.7995000E+00   3.8955000E+00   3.9875000E+00   4.0755000E+00   4.1595000E+00   4.2395000E+00   4.3155000E+00   4.3875000E+00   4.4555000E+00   4.5195000E+00   4.5795000E+00   4.6355000E+00   4.6875000E+00   4.7355000E+00   4.7795000E+00   4.8195000E+00   4.8555000E+00   4.8875000E+00   4.9155000E+00   4.9395000E+00   4.9595000E+00   4.9755000E+00   4.9875000E+00   4.9955000E+00   4.9995000E+00   4.9995000E+00   4.9955000E+00   4.9875000E+00   4.9755000E+00   4.9595000E+00   4.9395000E+00   4.9155000E+00   4.8875000E+00   4.8555000E+00   4.8195000E+00   4.7795000E+00   4.7355000E+00   4.6875000E+00   4.6355000E+00   4.5795000E+00   4.5195000E+00   4.4555000E+00   4.3875000E+00   4.3155000E+00   4.2395000E+00   4.1595000E+00   4.0755000E+00   3.9875000E+00   3.8955000E+00   3.7995000E+00   3.6995000E+00   3.5955000E+00   3.4875000E+00   3.3755000E+00   3.2595000E+00   3.1395000E+00   3.0155000E+00   2.8875000E+00   2.7555000E+00   2.6195000E+00   2.4795000E+00   2.3355000E+00   2.1875000E+00   2.0355000E+00   1.8795000E+00   1.7195000E+00   1.5555000E+00   1.3875000E+00   1.2155000E+00   1.0395000E+00   8.5950000E-01   6.7550000E-01   4.8750000E-01   2.9550000E-01   9.9500000E-02
   9.9500000E-02   2.9550000E-01   4.8750000E-01   6.7550000E-01   8.5950000E-01   1.0395000E+00   1.2155000E+00   1.3875000E+00   1.5555000E+00   1.7195000E+00   1.8795000E+00   2.0355000E+00   2.1875000E+00   2.3355000E+00   2.4795000E+00   2.6195000E+00   2.7555000E+00   2.8875000E+00   3.0155000E+00   3.1395000E+00   3.2595000E+00   3.3755000E+00   3.4875000E+00   3.5955000E+00   3.6995000E+00   3.7995000E+00   3.8955000E+00   3.9875000E+00   4.0755000E+00   4.1595000E+00   4.2395000E+00   4.3155000E+00   4.3875000E+00   4.4555000E+00   4.5195000E+00   4.5795000E+00   4.6355000E+00   4.6875000E+00   4.7355000E+00   4.7795000E+00   4.8195000E+00   4.8555000E+00   4.8875000E+00   4.9155000E+00   4.9395000E+00   4.9595000E+00   4.9755000E+00   4.9875000E+00   4.9955000E+00   4.9995000E+00   4.9995000E+00   4.9955000E+00   4.9875000E+00   4.9755000E+00   4.9595000E+00   4.9395000E+00   4.9155000E+00   4.8875000E+00   4.8555000E+00   4.8195000E+00   4.7795000E+00   4.7355000E+00   4.6875000E+00   4.6355000E+00   4.5795000E+00   4.5195000E+00   4.4555000E+00   4.3875000E+00   4.3155000E+00   4.2395000E+00   4.1595000E+00   4.0755000E+00   3.9875000E+00   3.8955000E+00   3.7995000E+00   3.6995000E+00   3.5955000E+00   3.4875000E+00   3.3755000E+00   3.2595000E+00   3.1395000E+00   3.0155000E+00   2.8875000E+00   2.7555000E+00   2.6195000E+00   2.4795000E+00   2.3355000E+00   2.1875000E+00   2.0355000E+00   1.8795000E+00   1.7195000E+00   1.5555000E+00   1.3875000E+00   1.2155000E+00   1.0395000E+00   8.5950000E-01   6.7550000E-01   4.8750000E-01   2.9550000E-01   9.9500000E-02
   9.9500000E-02   2.9550000E-01   4.8750000E-01   6.7550000E-01   8.5950000E-01   1.0395000E+00   1.2155000E+00   1.3875000E+00   1.5555000E+00   1.7195000E+00   1.8795000E+00   2.0355000E+00   2.1875000E+00   2.3355000E+00   2.4795000E+00   2.6195000E+00   2.7555000E+00   2.8875000E+00   3.0155000E+00   3.1395000E+00   3.2595000E+00   3.3755000E+00   3.4875000E+00   3.5955000E+00   3.6995000E+00   3.7995000E+00   3.8955000E+00   3.9875000E+00   4.0755000E+00   4.1595000E+00   4.2395000E+00   4.3155000E+00   4.3875000E+00   4.4555000E+00   4.5195000E+00   4.5795000E+00   4.6355000E+00   4.6875000E+00   4.7355000E+00   4.7795000E+00   4.8195000E+00   4.8555000E+00   4.8875000E+00   4.9155000E+00   4.9395000E+00   4.9595000E+00   4.9755000E+00   4.9875000E+00   4.9955000E+00   4.9995000E+00   4.9995000E+00   4.9955000E+00   4.9875000E+00   4.9755000E+00   4.9595000E+00   4.9395000E+00   4.9155000E+00   4.8875000E+00   4.8555000E+00   4.8195000E+00   4.7795000E+00   4.7355000E+00   4.6875000E+00   4.6355000E+00   4.5795000E+00   4.5195000E+00   4.4555000E+00   4.3875000E+00   4.3155000E+00   4.2395000E+00   4.1595000E+00   4.0755000E+00   3.9875000E+00   3.8955000E+00   3.7995000E+00   3.6995000E+00   3.5955000E+00   3.4875000E+00   3.3755000E+00   3.2595000E+00   3.1395000E+00   3.0155000E+00   2.8875000E+00   2.7555000E+00   2.6195000E+00   2.4795000E+00   2.3355000E+00   2.1875000E+00   2.0355000E+00   1.8795000E+00   1.7195000E+00   1.5555000E+00   1.3875000E+00   1.2155000E+00   1.0395000E+00   8.5950000E-01   6.7550000E-01   4.8750000E-01   2.9550000E-01   9.9500000E-02
   9.9500000E-02   2.9550000E-01   4.8750000E-01   6.7550000E-01   8.5950000E-01   1.0395000E+00   1.2155000E+00   1.3875000E+00   1.5555000E+00   1.7195000E+00   1.8795000E+00   2.0355000E+00   2.1875000E+00   2.3355000E+00   2.4795000E+00   2.6195000E+00   2.7555000E+00   2.8875000E+00   3.0155000E+00   3.1395000E+00   3.2595000E+00   3.3755000E+00   3.4875000E+00   3.5955000E+00   3.6995000E+00   3.7995000E+00   3.8955000E+00   3.9875000E+00   4.0755000E+00   4.1595000E+00   4.2395000E+00   4.3155000E+00   4.3875000E+00   4.4555000E+00   4.5195000E+00   4.5795000E+00   4.6355000E+00   4.6875000E+00   4.7355000E+00   4.7795000E+00   4.8195000E+00   4.8555000E+00   4.8875000E+00   4.9155000E+00   4.9395000E+00   4.9595000E+00   4.9755000E+00   4.9875000E+00   4.9955000E+00   4.9995000E+00   4.9995000E+00   4.9955000E+00   4.9875000E+00   4.9755000E+00   4.9595000E+00   4.9395000E+00   4.9155000E+00   4.8875000E+00   4.8555000E+00   4.8195000E+00   4.7795000E+00   4.7355000E+00   4.6875000E+00   4.6355000E+00   4.5795000E+00   4.5195000E+00   4.4555000E+00   4.3875000E+00   4.3155000E+00   4.2395000E+00   4.1595000E+00   4.0755000E+00   3.9875000E+00   3.8955000E+00   3.7995000E+00   3.6995000E+00   3.5955000E+00   3.4875000E+00   3.3755000E+00   3.2595000E+00   3.1395000E+00   3.0155000E+00   2.8875000E+00   2.7555000E+00   2.6195000E+00   2.4795000E+00   2.3355000E+00   2.1875000E+00   2.0355000E+00   1.8795000E+00   1.7195000E+00   1.5555000E+00   1.3875000E+00   1.2155000E+00   1.0395000E+00   8.5950000E-01   6.7550000E-01   4.8750000E-01   2.9550000E-01   9.9500000E-02
   9.9500000E-02   2.9550000E-01   4.8750000E-01   6.7550000E-01   8.5950000E-01   1.0395000E+00   1.2155000E+00   1.3875000E+00   1.5555000E+00   1.7195000E+00   1.8795000E+00   2.0355000E+00   2.1875000E+00   2.3355000E+00   2.4795000E+00   2.6195000E+00   2.7555000E+00   2.8875000E+00   3.0155000E+00   3.1395000E+00   3.2595000E+00   3.3755000E+00   3.4875000E+00   3.5955000E+00   3.6995000E+00   3.7995000E+00   3.8955000E+00   3.9875000E+00   4.0755000E+00   4.1595000E+00   4.2395000E+00   4.3155000E+00   4.3875000E+00   4.4555000E+00   4.5195000E+00   4.5795000E+00   4.6355000E+00   4.6875000E+00   4.7355000E+00   4.7795000E+00   4.8195000E+00   4.8555000E+00   4.8875000E+00   4.9155000E+00   4.9395000E+00   4.9595000E+00   4.9755000E+00   4.9875000E+00   4.9955000E+00   4.9995000E+00   4.9995000E+00   4.9955000E+00   4.9875000E+00   4.9755000E+00   4.9595000E+00   4.9395000E+00   4.9155000E+00   4.8875000E+00   4.8555000E+00   4.8195000E+00   4.7795000E+00   4.7355000E+00   4.6875000E+00   4.6355000E+00   4.5795000E+00   4.5195000E+00   4.4555000E+00   4.3875000E+00   4.3155000E+00   4.2395000E+00   4.1595000E+00   4.0755000E+00   3.9875000E+00   3.8955000E+00   3.7995000E+00   3.6995000E+00   3.5955000E+00   3.4875000E+00   3.3755000E+00   3.2595000E+00   3.1395000E+00   3.0155000E+00   2.8875000E+00   2.7555000E+00   2.6195000E+00   2.4795000E+00   2.3355000E+00   2.1875000E+00   2.0355000E+00   1.8795000E+00   1.7195000E+00   1.5555000E+00   1.3875000E+00   1.2155000E+00   1.0395000E+00   8.5950000E-01   6.7550000E-01   4.8750000E-01   2.9550000E-01   9.9500000E-02
   9.9500000E-02   2.9550000E-01   4.8750000E-01   6.7550000E-01   8.5950000E-01   1.0395000E+00   1.2155000E+00   1.3875000E+00   1.5555000E+00   1.7195000E+00   1.8795000E+00   2.0355000E+00   2.1875000E+00   2.3355000E+00   2.4795000E+00   2.6195000E+00   2.7555000E+00   2.8875000E+00   3.0155000E+00   3.1395000E+00   3.2595000E+00   3.3755000E+00   3.4875000E+00   3.5955000E+00   3.6995000E+00   3.7995000E+00   3.8955000E+00   3.9875000E+00   4.0755000E+00   4.1595000E+00   4.2395000E+00   4.3155000E+00   4.3875000E+00   4.4555000E+00   4.5195000E+00   4.5795000E+00   4.6355000E+00   4.6875000E+00   4.7355000E+00   4.7795000E+00   4.8195000E+00   4.8555000E+00   4.8875000E+00   4.9155000E+00   4.9395000E+00   4.9595000E+00   4.9755000E+00   4.9875000E+00   4.9955000E+00   4.9995000E+00   4.9995000E+00   4.9955000E+00   4.9875000E+00   4.9755000E+00   4.9595000E+00   4.9395000E+00   4.9155000E+00   4.8875000E+00   4.8555000E+00   4.8195000E+00   4.7795000E+00   4.7355000E+00   4.6875000E+00   4.6355000E+00   4.5795000E+00   4.5195000E+00   4.4555000E+00   4.3875000E+00   4.3155000E+00   4.2395000E+00   4.1595000E+00   4.0755000E+00   3.9875000E+00   3.8955000E+00   3.7995000E+00   3.6995000E+00   3.5955000E+00   3.4875000E+00   3.3755000E+00   3.2595000E+00   3.1395000E+00   3.0155000E+00   2.8875000E+00   2.7555000E+00   2.6195000E+00   2.4795000E+00   2.3355000E+00   2.1875000E+00   2.0355000E+00   1.8795000E+00   1.7195000E+00   1.5555000E+00   1.3875000E+00   1.2155000E+00   1.0395000E+00   8.5950000E-01   6.7550000E-01   4.8750000E-01   2.9550000E-01   9.9500000E-02
   9.9500000E-02   2.9550000E-01   4.8750000E-01   6.7550000E-01   8.5950000E-01   1.0395000E+00   1.2155000E+00   1.3875000E+00   1.5555000E+00   1.7195000E+00   1.8795000E+00   2.0355000E+00   2.1875000E+00   2.3355000E+00   2.4795000E+00   2.6195000E+00   2.7555000E+00   2.8875000E+00   3.0155000E+00   3.1395000E+00   3.2595000E+00   3.3755000E+00   3.4875000E+00   3.5955000E+00   3.6995000E+00   3.7995000E+00   3.8955000E+00   3.9875000E+00   4.0755000E+00   4.1595000E+00   4.2395000E+00   4.3155000E+00   4.3875000E+00   4.4555000E+00   4.5195000E+00   4.5795000E+00   4.6355000E+00   4.6875000E+00   4.7355000E+00   4.7795000E+00   4.8195000E+00   4.8555000E+00   4.8875000E+00   4.9155000E+00   4.9395000E+00   4.9595000E+00   4.9755000E+00   4.9875000E+00   4.9955000E+00   4.9995000E+00   4.9995000E+00   4.9955000E+00   4.9875000E+00   4.9755000E+00   4.9595000E+00   4.9395000E+00   4.9155000E+00   4.8875000E+00   4.8555000E+00   4.8195000E+00   4.7795000E+00   4.7355000E+00   4.6875000E+00   4.6355000E+00   4.5795000E+00   4.5195000E+00   4.4555000E+00   4.3875000E+00   4.3155000E+00   4.2395000E+00   4.1595000E+00   4.0755000E+00   3.9875000E+00   3.8955000E+00   3.7995000E+00   3.6995000E+00   3.5955000E+00   3.4875000E+00   3.3755000E+00   3.2595000E+00   3.1395000E+00   3.0155000E+00   2.8875000E+00   2.7555000E+00   2.6195000E+00   2.4795000E+00   2.3355000E+00   2.1875000E+00   2.0355000E+00   1.8795000E+00   1.7195000E+00   1.5555000E+00   1.3875000E+00   1.2155000E+00   1.0395000E+00   8.5950000E-01   6.7550000E-01   4.8750000E-01   2.9550000E-01   9.9500000E-02
   9.9500000E-02   2.9550000E-01   4.8750000E-01   6.7550000E-01   8.5950000E-01   1.0395000E+00   1.2155000E+00   1.3875000E+00   1.5555000E+00   1.7195000E+00   1.8795000E+00   2.0355000E+00   2.1875000E+00   2.3355000E+00   2.4795000E+00   2.6195000E+00   2.7555000E+00   2.8875000E+00   3.0155000E+00   3.1395000E+00   3.2595000E+00   3.3755000E+00   3.4875000E+00   3.5955000E+00   3.6995000E+00   3.7995000E+00   3.8955000E+00   3.9875000E+00   4.0755000E+00   4.1595000E+00   4.2395000E+00   4.3155000E+00   4.3875000E+00   4.4555000E+00   4.5195000E+00   4.5795000E+00   4.6355000E+00   4.6875000E+00   4.7355000E+00   4.7795000E+00   4.8195000E+00   4.8555000E+00   4.8875000E+00   4.9155000E+00   4.9395000E+00   4.9595000E+00   4.9755000E+00   4.9875000E+00   4.9955000E+00   4.9995000E+00   4.9995000E+00   4.9955000E+00   4.9875000E+00   4.9755000E+00   4.9595000E+00   4.9395000E+00   4.9155000E+00   4.8875000E+00   4.8555000E+00   4.8195000E+00   4.7795000E+00   4.7355000E+00   4.6875000E+00   4.6355000E+00   4.5795000E+00   4.5195000E+00   4.4555000E+00   4.3875000E+00   4.3155000E+00   4.2395000E+00   4.1595000E+00   4.0755000E+00   3.9875000E+00   3.8955000E+00   3.7995000E+00   3.6995000E+00   3.5955000E+00   3.4875000E+00   3.3755000E+00   3.2595000E+00   3.1395000E+00   3.0155000E+00   2.8875000E+00   2.7555000E+00   2.6195000E+00   2.4795000E+00   2.3355000E+00   2.1875000E+00   2.0355000E+00   1.8795000E+00   1.7195000E+00   1.5555000E+00   1.3875000E+00   1.2155000E+00   1.0395000E+00   8.5950000E-01   6.7550000E-01   4.8750000E-01   2.9550000E-01   9.9500000E-02
   9.9500000E-02   2.9550000E-01   4.8750000E-01   6.7550000E-01   8.5950000E-01   1.0395000E+00   1.2155000E+00   1.3875000E+00   1.5555000E+00   1.7195000E+00   1.8795000E+00   2.0355000E+00   2.1875000E+00   2.3355000E+00   2.4795000E+00   2.6195000E+00   2.7555000E+00   2.8875000E+00   3.0155000E+00   3.1395000E+00   3.2595000E+00   3.3755000E+00   3.4875000E+00   3.5955000E+00   3.6995000E+00   3.7995000E+00   3.8955000E+00   3.9875000E+00   4.0755000E+00   4.1595000E+00   4.2395000E+00   4.3155000E+00   4.3875000E+00   4.4555000E+00   4.5195000E+00   4.5795000E+00   4.6355000E+00   4.6875000E+00   4.7355000E+00   4.7795000E+00   4.8195000E+00   4.8555000E+00   4.8875000E+00   4.9155000E+00   4.9395000E+00   4.9595000E+00   4.9755000E+00   4.9875000E+00   4.9955000E+00   4.9995000E+00   4.9995000E+00   4.9955000E+00   4.9875000E+00   4.9755000E+00   4.9595000E+00   4.9395000E+00   4.9155000E+00   4.8875000E+00   4.8555000E+00   4.8195000E+00   4.7795000E+00   4.7355000E+00   4.6875000E+00   4.6355000E+00   4.5795000E+00   4.5195000E+00   4.4555000E+00   4.3875000E+00   4.3155000E+00   4.2395000E+00   4.1595000E+00   4.0755000E+00   3.9875000E+00   3.8955000E+00   3.7995000E+00   3.6995000E+00   3.5955000E+00   3.4875000E+00   3.3755000E+00   3.2595000E+00   3.1395000E+00   3.0155000E+00   2.8875000E+00   2.7555000E+00   2.6195000E+00   2.4795000E+00   2.3355000E+00   2.1875000E+00   2.0355000E+00   1.8795000E+00   1.7195000E+00   1.5555000E+00   1.3875000E+00   1.2155000E+00   1.0395000E+00   8.5950000E-01   6.7550000E-01   4.8750000E-01   2.9550000E-01   9.9500000E-02
   9.9500000E-02   2.9550000E-01   4.8750000E-01   6.7550000E-01   8.5950000E-01   1.0395000E+00   1.2155000E+00   1.3875000E+00   1.5555000E+00   1.7195000E+00   1.8795000E+00   2.0355000E+00   2.1875000E+00   2.3355000E+00   2.4795000E+00   2.6195000E+00   2.7555000E+00   2.8875000E+00   3.0155000E+00   3.1395000E+00   3.2595000E+00   3.3755000E+00   3.4875000E+00   3.5955000E+00   3.6995000E+00   3.7995000E+00   3.8955000E+00   3.9875000E+00   4.0755000E+00   4.1595000E+00   4.2395000E+00   4.3155000E+00   4.3875000E+00   4.4555000E+00   4.5195000E+00   4.5795000E+00   4.6355000E+00   4.6875000E+00   4.7355000E+00   4.7795000E+00   4.8195000E+00   4.8555000E+00   4.8875000E+00   4.9155000E+00   4.9395000E+00   4.9595000E+00   4.9755000E+00   4.9875000E+00   4.9955000E+00   4.9995000E+00   4.9995000E+00   4.9955000E+00   4.9875000E+00   4.9755000E+00   4.9595000E+00   4.9395000E+00   4.9155000E+00   4.8875000E+00   4.8555000E+00   4.8195000E+00   4.7795000E+00   4.7355000E+00   4.6875000E+00   4.6355000E+00   4.5795000E+00   4.5195000E+00   4.4555000E+00   4.3875000E+00   4.3155000E+00   4.2395000E+00   4.1595000E+00   4.0755000E+00   3.9875000E+00   3.8955000E+00   3.7995000E+00   3.6995000E+00   3.5955000E+00   3.4875000E+00   3.3755000E+00   3.2595000E+00   3.1395000E+00   3.0155000E+00   2.8875000E+00   2.7555000E+00   2.6195000E+00   2.4795000E+00   2.3355000E+00   2.1875000E+00   2.0355000E+00   1.8795000E+00   1.7195000E+00   1.5555000E+00   1.3875000E+00   1.2155000E+00   1.0395000E+00   8.5950000E-01   6.7550000E-01   4.8750000E-01   2.9550000E-01   9.9500000E-02
   9.9500000E-02   2.9550000E-01   4.8750000E-01   6.7550000E-01   8.5950000E-01   1.0395000E+00   1.2155000E+00   1.3875000E+00   1.5555000E+00   1.7195000E+00   1.8795000E+00   2.0355000E+00   2.1875000E+00   2.3355000E+00   2.4795000E+00   2.6195000E+00   2.7555000E+00   2.8875000E+00   3.0155000E+00   3.1395000E+00   3.2595000E+00   3.3755000E+00   3.4875000E+00   3.5955000E+00   3.6995000E+00   3.7995000E+00   3.8955000E+00   3.9875000E+00   4.0755000E+00   4.1595000E+00   4.2395000E+00   4.3155000E+00   4.3875000E+00   4.4555000E+00   4.5195000E+00   4.5795000E+00   4.6355000E+00   4.6875000E+00   4.7355000E+00   4.7795000E+00   4.8195000E+00   4.8555000E+00   4.8875000E+00   4.9155000E+00   4.9395000E+00   4.9595000E+00   4.9755000E+00   4.9875000E+00   4.9955000E+00   4.9995000E+00   4.9995000E+00   4.9955000E+00   4.9875000E+00   4.9755000E+00   4.9595000E+00   4.9395000E+00   4.9155000E+00   4.8875000E+00   4.8555000E+00   4.8195000E+00   4.7795000E+00   4.7355000E+00   4.6875000E+00   4.6355000E+00   4.5795000E+00   4.5195000E+00   4.4555000E+00   4.3875000E+00   4.3155000E+00   4.2395000E+00   4.1595000E+00   4.0755000E+00   3.9875000E+00   3.8955000E+00   3.7995000E+00   3.6995000E+00   3.5955000E+00   3.4875000E+00   3.3755000E+00   3.2595000E+00   3.1395000E+00   3.0155000E+00   2.8875000E+00   2.7555000E+00   2.6195000E+00   2.4795000E+00   2.3355000E+00   2.1875000E+00   2.0355000E+00   1.8795000E+00   1.7195000E+00   1.5555000E+00   1.3875000E+00   1.2155000E+00   1.0395000E+00   8.5950000E-01   6.7550000E-01   4.8750000E-01   2.9550000E-01   9.9500000E-02
   9.9500000E-02   2.9550000E-01   4.8750000E-01   6.7550000E-01   8.5950000E-01   1.0395000E+00   1.2155000E+00   1.3875000E+00   1.5555000E+00   1.7195000E+00   1.8795000E+00   2.0355000E+00   2.1875000E+00   2.3355000E+00   2.4795000E+00   2.6195000E+00   2.7555000E+00   2.8875000E+00   3.0155000E+00   3.1395000E+00   3.2595000E+00   3.3755000E+00   3.4875000E+00   3.5955000E+00   3.6995000E+00   3.7995000E+00   3.8955000E+00   3.9875000E+00   4.0755000E+00   4.1595000E+00   4.2395000E+00   4.3155000E+00   4.3875000E+00   4.4555000E+00   4.5195000E+00   4.5795000E+00   4.6355000E+00   4.6875000E+00   4.7355000E+00   4.7795000E+00   4.8195000E+00   4.8555000E+00   4.8875000E+00   4.9155000E+00   4.9395000E+00   4.9595000E+00   4.9755000E+00   4.9875000E+00   4.9955000E+00   4.9995000E+00   4.9995000E+00   4.9955000E+00   4.9875000E+00   4.9755000E+00   4.9595000E+00   4.9395000E+00   4.9155000E+00   4.8875000E+00   4.8555000E+00   4.8195000E+00   4.7795000E+00   4.7355000E+00   4.6875000E+00   4.6355000E+00   4.5795000E+00   4.5195000E+00   4.4555000E+00   4.3875000E+00   4.3155000E+00   4.2395000E+00   4.1595000E+00   4.0755000E+00   3.9875000E+00   3.8955000E+00   3.7995000E+00   3.6995000E+00   3.5955000E+00   3.4875000E+00   3.3755000E+00   3.2595000E+00   3.1395000E+00   3.0155000E+00   2.8875000E+00   2.7555000E+00   2.6195000E+00   2.4795000E+00   2.3355000E+00   2.1875000E+00   2.0355000E+00   1.8795000E+00   1.7195000E+00   1.5555000E+00   1.3875000E+00   1.2155000E+00   1.0395000E+00   8.5950000E-01   6.7550000E-01   4.8750000E-01   2.9550000E-01   9.9500000E-02
   9.9500000E-02   2.9550000E-01   4.8750000E-01   6.7550000E-01   8.5950000E-01   1.0395000E+00   1.2155000E+00   1.3875000E+00   1.5555000E+00   1.7195000E+00   1.8795000E+00   2.0355000E+00   2.1875000E+00   2.3355000E+00   2.4795000E+00   2.6195000E+00   2.7555000E+00   2.8875000E+00   3.0155000E+00   3.1395000E+00   3.2595000E+00   3.3755000E+00   3.4875000E+00   3.5955000E+00   3.6995000E+00   3.7995000E+00   3.8955000E+00   3.9875000E+00   4.0755000E+00   4.1595000E+00   4.2395000E+00   4.3155000E+00   4.3875000E+00   4.4555000E+00   4.5195000E+00   4.5795000E+00   4.6355000E+00   4.6875000E+00   4.7355000E+00   4.7795000E+00   4.8195000E+00   4.8555000E+00   4.8875000E+00   4.9155000E+00   4.9395000E+00   4.9595000E+00   4.9755000E+00   4.9875000E+00   4.9955000E+00   4.9995000E+00   4.9995000E+00   4.9955000E+00   4.9875000E+00   4.9755000E+00   4.9595000E+00   4.9395000E+00   4.9155000E+00   4.8875000E+00   4.8555000E+00   4.8195000E+00   4.7795000E+00   4.7355000E+00   4.6875000E+00   4.6355000E+00   4.5795000E+00   4.5195000E+00   4.4555000E+00   4.3875000E+00   4.3155000E+00   4.2395000E+00   4.1595000E+00   4.0755000E+00   3.9875000E+00   3.8955000E+00   3.7995000E+00   3.6995000E+00   3.5955000E+00   3.4875000E+00   3.3755000E+00   3.2595000E+00   3.1395000E+00   3.0155000E+00   2.8875000E+00   2.7555000E+00   2.6195000E+00   2.4795000E+00   2.3355000E+00   2.1875000E+00   2.0355000E+00   1.8795000E+00   1.7195000E+00   1.5555000E+00   1.3875000E+00   1.2155000E+00   1.0395000E+00   8.5950000E-01   6.7550000E-01   4.8750000E-01   2.9550000E-01   9.9500000E-02
   9.9500000E-02   2.9550000E-01   4.8750000E-01   6.7550000E-01   8.5950000E-01   1.0395000E+00   1.2155000E+00   1.3875000E+00   1.5555000E+00   1.7195000E+00   1.8795000E+00   2.0355000E+00   2.1875000E+00   2.3355000E+00   2.4795000E+00   2.6195000E+00   2.7555000E+00   2.8875000E+00   3.0155000E+00   3.1395000E+00   3.2595000E+00   3.3755000E+00   3.4875000E+00   3.5955000E+00   3.6995000E+00   3.7995000E+00   3.8955000E+00   3.9875000E+00   4.0755000E+00   4.1595000E+00   4.2395000E+00   4.3155000E+00   4.3875000E+00   4.4555000E+00   4.5195000E+00   4.5795000E+00   4.6355000E+00   4.6875000E+00   4.7355000E+00   4.7795000E+00   4.8195000E+00   4.8555000E+00   4.8875000E+00   4.9155000E+00   4.9395000E+00   4.9595000E+00   4.9755000E+00   4.9875000E+00   4.9955000E+00   4.9995000E+00   4.9995000E+00   4.9955000E+00   4.9875000E+00   4.9755000E+00   4.9595000E+00   4.9395000E+00   4.9155000E+00   4.8875000E+00   4.8555000E+00   4.8195000E+00   4.7795000E+00   4.7355000E+00   4.6875000E+00   4.6355000E+00   4.5795000E+00   4.5195000E+00   4.4555000E+00   4.3875000E+00   4.3155000E+00   4.2395000E+00   4.1595000E+00   4.0755000E+00   3.9875000E+00   3.8955000E+00   3.7995000E+00   3.6995000E+00   3.5955000E+00   3.4875000E+00   3.3755000E+00   3.2595000E+00   3.1395000E+00   3.0155000E+00   2.8875000E+00   2.7555000E+00   2.6195000E+00   2.4795000E+00   2.3355000E+00   2.1875000E+00   2.0355000E+00   1.8795000E+00   1.7195000E+00   1.5555000E+00   1.3875000E+00   1.2155000E+00   1.0395000E+00   8.5950000E-01   6.7550000E-01   4.8750000E-01   2.9550000E-01   9.9500000E-02
   9.9500000E-02   2.9550000E-01   4.8750000E-01   6.7550000E-01   8.5950000E-01   1.0395000E+00   1.2155000E+00   1.3875000E+00   1.5555000E+00   1.7195000E+00   1.8795000E+00   2.0355000E+00   2.1875000E+00   2.3355000E+00   2.4795000E+00   2.6195000E+00   2.7555000E+00   2.8875000E+00   3.0155000E+00   3.1395000E+00   3.2595000E+00   3.3755000E+00   3.4875000E+00   3.5955000E+00   3.6995000E+00   3.7995000E+00   3.8955000E+00   3.9875000E+00   4.0755000E+00   4.1595000E+00   4.2395000E+00   4.3155000E+00   4.3875000E+00   4.4555000E+00   4.5195000E+00   4.5795000E+00   4.6355000E+00   4.6875000E+00   4.7355000E+00   4.7795000E+00   4.8195000E+00   4.8555000E+00   4.8875000E+00   4.9155000E+00   4.9395000E+00   4.9595000E+00   4.9755000E+00   4.9875000E+00   4.9955000E+00   4.9995000E+00   4.9995000E+00   4.9955000E+00   4.9875000E+00   4.9755000E+00   4.9595000E+00   4.9395000E+00   4.9155000E+00   4.8875000E+00   4.8555000E+00   4.8195000E+00   4.7795000E+00   4.7355000E+00   4.6875000E+00   4.6355000E+00   4.5795000E+00   4.5195000E+00   4.4555000E+00   4.3875000E+00   4.3155000E+00   4.2395000E+00   4.1595000E+00   4.0755000E+00   3.9875000E+00   3.8955000E+00   3.7995000E+00   3.6995000E+00   3.5955000E+00   3.4875000E+00   3.3755000E+00   3.2595000E+00   3.1395000E+00   3.0155000E+00   2.8875000E+00   2.7555000E+00   2.6195000E+00   2.4795000E+00   2.3355000E+00   2.1875000E+00   2.0355000E+00   1.8795000E+00   1.7195000E+00   1.5555000E+00   1.3875000E+00   1.2155000E+00   1.0395000E+00   8.5950000E-01   6.7550000E-01   4.8750000E-01   2.9550000E-01   9.9500000E-02
   9.9500000E-02   2.9550000E-01   4.8750000E-01   6.7550000E-01   8.5950000E-01   1.0395000E+00   1.2155000E+00   1.3875000E+00   1.5555000E+00   1.7195000E+00   1.8795000E+00   2.0355000E+00   2.1875000E+00   2.3355000E+00   2.4795000E+00   2.6195000E+00   2.7555000E+00   2.8875000E+00   3.0155000E+00   3.1395000E+00   3.2595000E+00   3.3755000E+00   3.4875000E+00   3.5955000E+00   3.6995000E+00   3.7995000E+00   3.8955000E+00   3.9875000E+00   4.0755000E+00   4.1595000E+00   4.2395000E+00   4.3155000E+00   4.3875000E+00   4.4555000E+00   4.5195000E+00   4.5795000E+00   4.6355000E+00   4.6875000E+00   4.7355000E+00   4.7795000E+00   4.8195000E+00   4.8555000E+00   4.8875000E+00   4.9155000E+00   4.9395000E+00   4.9595000E+00   4.9755000E+00   4.9875000E+00   4.9955000E+00   4.9995000E+00   4.9995000E+00   4.9955000E+00   4.9875000E+00   4.9755000E+00   4.9595000E+00   4.9395000E+00   4.9155000E+00   4.8875000E+00   4.8555000E+00   4.8195000E+00   4.7795000E+00   4.7355000E+00   4.6875000E+00   4.6355000E+00   4.5795000E+00   4.5195000E+00   4.4555000E+00   4.3875000E+00   4.3155000E+00   4.2395000E+00   4.1595000E+00   4.0755000E+00   3.9875000E+00   3.8955000E+00   3.7995000E+00   3.6995000E+00   3.5955000E+00   3.4875000E+00   3.3755000E+00   3.2595000E+00   3.1395000E+00   3.0155000E+00   2.8875000E+00   2.7555000E+00   2.6195000E+00   2.4795000E+00   2.3355000E+00   2.1875000E+00   2.0355000E+00   1.8795000E+00   1.7195000E+00   1.5555000E+00   1.3875000E+00   1.2155000E+00   1.0395000E+00   8.5950000E-01   6.7550000E-01   4.8750000E-01   2.9550000E-01   9.9500000E-02
   9.9500000E-02   2.9550000E-01   4.8750000E-01   6.7550000E-01   8.5950000E-01   1.0395000E+00   1.2155000E+00   1.3875000E+00   1.5555000E+00   1.7195000E+00   1.8795000E+00   2.0355000E+00   2.1875000E+00   2.3355000E+00   2.4795000E+00   2.6195000E+00   2.7555000E+00   2.8875000E+00   3.0155000E+00   3.1395000E+00   3.2595000E+00   3.3755000E+00   3.4875000E+00   3.5955000E+00   3.6995000E+00   3.7995000E+00   3.8955000E+00   3.9875000E+00   4.0755000E+00   4.1595000E+00   4.2395000E+00   4.3155000E+00   4.3875000E+00   4.4555000E+00   4.5195000E+00   4.5795000E+00   4.6355000E+00   4.6875000E+00   4.7355000E+00   4.7795000E+00   4.8195000E+00   4.8555000E+00   4.8875000E+00   4.9155000E+00   4.9395000E+00   4.9595000E+00   4.9755000E+00   4.9875000E+00   4.9955000E+00   4.9995000E+00   4.9995000E+00   4.9955000E+00   4.9875000E+00   4.9755000E+00   4.9595000E+00   4.9395000E+00   4.9155000E+00   4.8875000E+00   4.8555000E+00   4.8195000E+00   4.7795000E+00   4.7355000E+00   4.6875000E+00   4.6355000E+00   4.5795000E+00   4.5195000E+00   4.4555000E+00   4.3875000E+00   4.3155000E+00   4.2395000E+00   4.1595000E+00   4.0755000E+00   3.9875000E+00   3.8955000E+00   3.7995000E+00   3.6995000E+00   3.5955000E+00   3.4875000E+00   3.3755000E+00   3.2595000E+00   3.1395000E+00   3.0155000E+00   2.8875000E+00   2.7555000E+00   2.6195000E+00   2.4795000E+00   2.3355000E+00   2.1875000E+00   2.0355000E+00   1.8795000E+00   1.7195000E+00   1.5555000E+00   1.3875000E+00   1.2155000E+00   1.0395000E+00   8.5950000E-01   6.7550000E-01   4.8750000E-01   2.9550000E-01   9.9500000E-02
   9.9500000E-02   2.9550000E-01   4.8750000E-01   6.7550000E-01   8.5950000E-01   1.0395000E+00   1.2155000E+00   1.3875000E+00   1.5555000E+00   1.7195000E+00   1.8795000E+00   2.0355000E+00   2.1875000E+00   2.3355000E+00   2.4795000E+00   2.6195000E+00   2.7555000E+00   2.8875000E+00   3.0155000E+00   3.1395000E+00   3.2595000E+00   3.3755000E+00   3.4875000E+00   3.5955000E+00   3.6995000E+00   3.7995000E+00   3.8955000E+00   3.9875000E+00   4.0755000E+00   4.1595000E+00   4.2395000E+00   4.3155000E+00   4.3875000E+00   4.4555000E+00   4.5195000E+00   4.5795000E+00   4.6355000E+00   4.6875000E+00   4.7355000E+00   4.7795000E+00   4.8195000E+00   4.8555000E+00   4.8875000E+00   4.9155000E+00   4.9395000E+00   4.9595000E+00   4.9755000E+00   4.9875000E+00   4.9955000E+00   4.9995000E+00   4.9995000E+00   4.9955000E+00   4.9875000E+00   4.9755000E+00   4.9595000E+00   4.9395000E+00   4.9155000E+00   4.8875000E+00   4.8555000E+00   4.8195000E+00   4.7795000E+00   4.7355000E+00   4.6875000E+00   4.6355000E+00   4.5795000E+00   4.5195000E+00   4.4555000E+00   4.3875000E+00   4.3155000E+00   4.2395000E+00   4.1595000E+00   4.0755000E+00   3.9875000E+00   3.8955000E+00   3.7995000E+00   3.6995000E+00   3.5955000E+00   3.4875000E+00   3.3755000E+00   3.2595000E+00   3.1395000E+00   3.0155000E+00   2.8875000E+00   2.7555000E+00   2.6195000E+00   2.4795000E+00   2.3355000E+00   2.1875000E+00   2.0355000E+00   1.8795000E+00   1.7195000E+00   1.5555000E+00   1.3875000E+00   1.2155000E+00   1.0395000E+00   8.5950000E-01   6.7550000E-01   4.8750000E-01   2.9550000E-01   9.9500000E-02
   9.9500000E-02   2.9550000E-01   4.8750000E-01   6.7550000E-01   8.5950000E-01   1.0395000E+00   1.2155000E+00   1.3875000E+00   1.5555000E+00   1.7195000E+00   1.8795000E+00   2.0355000E+00   2.1875000E+00   2.3355000E+00   2.4795000E+00   2.6195000E+00   2.7555000E+00   2.8875000E+00   3.0155000E+00   3.1395000E+00   3.2595000E+00   3.3755000E+00   3.4875000E+00   3.5955000E+00   3.6995000E+00   3.7995000E+00   3.8955000E+00   3.9875000E+00   4.0755000E+00   4.1595000E+00   4.2395000E+00   4.3155000E+00   4.3875000E+00   4.4555000E+00   4.5195000E+00   4.5795000E+00   4.6355000E+00   4.6875000E+00   4.7355000E+00   4.7795000E+00   4.8195000E+00   4.8555000E+00   4.8875000E+00   4.9155000E+00   4.9395000E+00   4.9595000E+00   4.9755000E+00   4.9875000E+00   4.9955000E+00   4.9995000E+00   4.9995000E+00   4.9955000E+00   4.9875000E+00   4.9755000E+00   4.9595000E+00   4.9395000E+00   4.9155000E+00   4.8875000E+00   4.8555000E+00   4.8195000E+00   4.7795000E+00   4.7355000E+00   4.6875000E+00   4.6355000E+00   4.5795000E+00   4.5195000E+00   4.4555000E+00   4.3875000E+00   4.3155000E+00   4.2395000E+00   4.1595000E+00   4.0755000E+00   3.9875000E+00   3.8955000E+00   3.7995000E+00   3.6995000E+00   3.5955000E+00   3.4875000E+00   3.3755000E+00   3.2595000E+00   3.1395000E+00   3.0155000E+00   2.8875000E+00   2.7555000E+00   2.6195000E+00   2.4795000E+00   2.3355000E+00   2.1875000E+00   2.0355000E+00   1.8795000E+00   1.7195000E+00   1.5555000E+00   1.3875000E+00   1.2155000E+00   1.0395000E+00   8.5950000E-01   6.7550000E-01   4.8750000E-01   2.9550000E-01   9.9500000E-02
   9.9500000E-02   2.9550000E-01   4.8750000E-01   6.7550000E-01   8.5950000E-01   1.0395000E+00   1.2155000E+00   1.3875000E+00   1.5555000E+00   1.7195000E+00   1.8795000E+00   2.0355000E+00   2.1875000E+00   2.3355000E+00   2.4795000E+00   2.6195000E+00   2.7555000E+00   2.8875000E+00   3.0155000E+00   3.1395000E+00   3.2595000E+00   3.3755000E+00   3.4875000E+00   3.5955000E+00   3.6995000E+00   3.7995000E+00   3.8955000E+00   3.9875000E+00   4.0755000E+00   4.1595000E+00   4.2395000E+00   4.3155000E+00   4.3875000E+00   4.4555000E+00   4.5195000E+00   4.5795000E+00   4.6355000E+00   4.6875000E+00   4.7355000E+00   4.7795000E+00   4.8195000E+00   4.8555000E+00   4.8875000E+00   4.9155000E+00   4.9395000E+00   4.9595000E+00   4.9755000E+00   4.9875000E+00   4.9955000E+00   4.9995000E+00   4.9995000E+00   4.9955000E+00   4.9875000E+00   4.9755000E+00   4.9595000E+00   4.9395000E+00   4.9155000E+00   4.8875000E+00   4.8555000E+00   4.8195000E+00   4.7795000E+00   4.7355000E+00   4.6875000E+00   4.6355000E+00   4.5795000E+00   4.5195000E+00   4.4555000E+00   4.3875000E+00   4.3155000E+00   4.2395000E+00   4.1595000E+00   4.0755000E+00   3.9875000E+00   3.8955000E+00   3.7995000E+00   3.6995000E+00   3.5955000E+00   3.4875000E+00   3.3755000E+00   3.2595000E+00   3.1395000E+00   3.0155000E+00   2.8875000E+00   2.7555000E+00   2.6195000E+00   2.4795000E+00   2.3355000E+00   2.1875000E+00   2.0355000E+00   1.8795000E+00   1.7195000E+00   1.5555000E+00   1.3875000E+00   1.2155000E+00   1.0395000E+00   8.5950000E-01   6.7550000E-01   4.8750000E-01   2.9550000E-01   9.9500000E-02
   9.9500000E-02   2.9550000E-01   4.8750000E-01   6.7550000E-01   8.5950000E-01   1.0395000E+00   1.2155000E+00   1.3875000E+00   1.5555000E+00   1.7195000E+00   1.8795000E+00   2.0355000E+00   2.1875000E+00   2.3355000E+00   2.4795000E+00   2.6195000E+00   2.7555000E+00   2.8875000E+00   3.0155000E+00   3.1395000E+00   3.2595000E+00   3.3755000E+00   3.4875000E+00   3.5955000E+00   3.6995000E+00   3.7995000E+00   3.8955000E+00   3.9875000E+00   4.0755000E+00   4.1595000E+00   4.2395000E+00   4.3155000E+00   4.3875000E+00   4.4555000E+00   4.5195000E+00   4.5795000E+00   4.6355000E+00   4.6875000E+00   4.7355000E+00   4.7795000E+00   4.8195000E+00   4.8555000E+00   4.8875000E+00   4.9155000E+00   4.9395000E+00   4.9595000E+00   4.9755000E+00   4.9875000E+00   4.9955000E+00   4.9995000E+00   4.9995000E+00   4.9955000E+00   4.9875000E+00   4.9755000E+00   4.9595000E+00   4.9395000E+00   4.9155000E+00   4.8875000E+00   4.8555000E+00   4.8195000E+00   4.7795000E+00   4.7355000E+00   4.6875000E+00   4.6355000E+00   4.5795000E+00   4.5195000E+00   4.4555000E+00   4.3875000E+00   4.3155000E+00   4.2395000E+00   4.1595000E+00   4.0755000E+00   3.9875000E+00   3.8955000E+00   3.7995000E+00   3.6995000E+00   3.5955000E+00   3.4875000E+00   3.3755000E+00   3.2595000E+00   3.1395000E+00   3.0155000E+00   2.8875000E+00   2.7555000E+00   2.6195000E+00   2.4795000E+00   2.3355000E+00   2.1875000E+00   2.0355000E+00   1.8795000E+00   1.7195000E+00   1.5555000E+00   1.3875000E+00   1.2155000E+00   1.0395000E+00   8.5950000E-01   6.7550000E-01   4.8750000E-01   2.9550000E-01   9.9500000E-02
   9.9500000E-02   2.9550000E-01   4.8750000E-01   6.7550000E-01   8.5950000E-01   1.0395000E+00   1.2155000E+00   1.3875000E+00   1.5555000E+00   1.7195000E+00   1.8795000E+00   2.0355000E+00   2.1875000E+00   2.3355000E+00   2.4795000E+00   2.6195000E+00   2.7555000E+00   2.8875000E+00   3.0155000E+00   3.1395000E+00   3.2595000E+00   3.3755000E+00   3.4875000E+00   3.5955000E+00   3.6995000E+00   3.7995000E+00   3.8955000E+00   3.9875000E+00   4.0755000E+00   4.1595000E+00   4.2395000E+00   4.3155000E+00   4.3875000E+00   4.4555000E+00   4.5195000E+00   4.5795000E+00   4.6355000E+00   4.6875000E+00   4.7355000E+00   4.7795000E+00   4.8195000E+00   4.8555000E+00   4.8875000E+00   4.9155000E+00   4.9395000E+00   4.9595000E+00   4.9755000E+00   4.9875000E+00   4.9955000E+00   4.9995000E+00   4.9995000E+00   4.9955000E+00   4.9875000E+00   4.9755000E+00   4.9595000E+00   4.9395000E+00   4.9155000E+00   4.8875000E+00   4.8555000E+00   4.8195000E+00   4.7795000E+00   4.7355000E+00   4.6875000E+00   4.6355000E+00   4.5795000E+00   4.5195000E+00   4.4555000E+00   4.3875000E+00   4.3155000E+00   4.2395000E+00   4.1595000E+00   4.0755000E+00   3.9875000E+00   3.8955000E+00   3.7995000E+00   3.6995000E+00   3.5955000E+00   3.4875000E+00   3.3755000E+00   3.2595000E+00   3.1395000E+00   3.0155000E+00   2.8875000E+00   2.7555000E+00   2.6195000E+00   2.4795000E+00   2.3355000E+00   2.1875000E+00   2.0355000E+00   1.8795000E+00   1.7195000E+00   1.5555000E+00   1.3875000E+00   1.2155000E+00   1.0395000E+00   8.5950000E-01   6.7550000E-01   4.8750000E-01   2.9550000E-01   9.9500000E-02
   9.9500000E-02   2.9550000E-01   4.8750000E-01   6.7550000E-01   8.5950000E-01   1.0395000E+00   1.2155000E+00   1.3875000E+00   1.5555000E+00   1.7195000E+00   1.8795000E+00   2.0355000E+00   2.1875000E+00   2.3355000E+00   2.4795000E+00   2.6195000E+00   2.7555000E+00   2.8875000E+00   3.0155000E+00   3.1395000E+00   3.2595000E+00   3.3755000E+00   3.4875000E+00   3.5955000E+00   3.6995000E+00   3.7995000E+00   3.8955000E+00   3.9875000E+00   4.0755000E+00   4.1595000E+00   4.2395000E+00   4.3155000E+00   4.3875000E+00   4.4555000E+00   4.5195000E+00   4.5795000E+00   4.6355000E+00   4.6875000E+00   4.7355000E+00   4.7795000E+00   4.8195000E+00   4.8555000E+00   4.8875000E+00   4.9155000E+00   4.9395000E+00   4.9595000E+00   4.9755000E+00   4.9875000E+00   4.9955000E+00   4.9995000E+00   4.9995000E+00   4.9955000E+00   4.9875000E+00   4.9755000E+00   4.9595000E+00   4.9395000E+00   4.9155000E+00   4.8875000E+00   4.8555000E+00   4.8195000E+00   4.7795000E+00   4.7355000E+00   4.6875000E+00   4.6355000E+00   4.5795000E+00   4.5195000E+00   4.4555000E+00   4.3875000E+00   4.3155000E+00   4.2395000E+00   4.1595000E+00   4.0755000E+00   3.9875000E+00   3.8955000E+00   3.7995000E+00   3.6995000E+00   3.5955000E+00   3.4875000E+00   3.3755000E+00   3.2595000E+00   3.1395000E+00   3.0155000E+00   2.8875000E+00   2.7555000E+00   2.6195000E+00   2.4795000E+00   2.3355000E+00   2.1875000E+00   2.0355000E+00   1.8795000E+00   1.7195000E+00   1.5555000E+00   1.3875000E+00   1.2155000E+00   1.0395000E+00   8.5950000E-01   6.7550000E-01   4.8750000E-01   2.9550000E-01   9.9500000E-02
   9.9500000E-02   2.9550000E-01   4.8750000E-01   6.7550000E-01   8.5950000E-01   1.0395000E+00   1.2155000E+00   1.3875000E+00   1.5555000E+00   1.7195000E+00   1.8795000E+00   2.0355000E+00   2.1875000E+00   2.3355000E+00   2.4795000E+00   2.6195000E+00   2.7555000E+00   2.8875000E+00   3.0155000E+00   3.1395000E+00   3.2595000E+00   3.3755000E+00   3.4875000E+00   3.5955000E+00   3.6995000E+00   3.7995000E+00   3.8955000E+00   3.9875000E+00   4.0755000E+00   4.1595000E+00   4.2395000E+00   4.3155000E+00   4.3875000E+00   4.4555000E+00   4.5195000E+00   4.5795000E+00   4.6355000E+00   4.6875000E+00   4.7355000E+00   4.7795000E+00   4.8195000E+00   4.8555000E+00   4.8875000E+00   4.9155000E+00   4.9395000E+00   4.9595000E+00   4.9755000E+00   4.9875000E+00   4.9955000E+00   4.9995000E+00   4.9995000E+00   4.9955000E+00   4.9875000E+00   4.9755000E+00   4.9595000E+00   4.9395000E+00   4.9155000E+00   4.8875000E+00   4.8555000E+00   4.8195000E+00   4.7795000E+00   4.7355000E+00   4.6875000E+00   4.6355000E+00   4.5795000E+00   4.5195000E+00   4.4555000E+00   4.3875000E+00   4.3155000E+00   4.2395000E+00   4.1595000E+00   4.0755000E+00   3.9875000E+00   3.8955000E+00   3.7995000E+00   3.6995000E+00   3.5955000E+00   3.4875000E+00   3.3755000E+00   3.2595000E+00   3.1395000E+00   3.0155000E+00   2.8875000E+00   2.7555000E+00   2.6195000E+00   2.4795000E+00   2.3355000E+00   2.1875000E+00   2.0355000E+00   1.8795000E+00   1.7195000E+00   1.5555000E+00   1.3875000E+00   1.2155000E+00   1.0395000E+00   8.5950000E-01   6.7550000E-01   4.8750000E-01   2.9550000E-01   9.9500000E-02
   9.9500000E-02   2.9550000E-01   4.8750000E-01   6.7550000E-01   8.5950000E-01   1.0395000E+00   1.2155000E+00   1.3875000E+00   1.5555000E+00   1.7195000E+00   1.8795000E+00   2.0355000E+00   2.1875000E+00   2.3355000E+00   2.4795000E+00   2.6195000E+00   2.7555000E+00   2.8875000E+00   3.0155000E+00   3.1395000E+00   3.2595000E+00   3.3755000E+00   3.4875000E+00   3.5955000E+00   3.6995000E+00   3.7995000E+00   3.8955000E+00   3.9875000E+00   4.0755000E+00   4.1595000E+00   4.2395000E+00   4.3155000E+00   4.3875000E+00   4.4555000E+00   4.5195000E+00   4.5795000E+00   4.6355000E+00   4.6875000E+00   4.7355000E+00   4.7795000E+00   4.8195000E+00   4.8555000E+00   4.8875000E+00   4.9155000E+00   4.9395000E+00   4.9595000E+00   4.9755000E+00   4.9875000E+00   4.9955000E+00   4.9995000E+00   4.9995000E+00   4.9955000E+00   4.9875000E+00   4.9755000E+00   4.9595000E+00   4.9395000E+00   4.9155000E+00   4.8875000E+00   4.8555000E+00   4.8195000E+00   4.7795000E+00   4.7355000E+00   4.6875000E+00   4.6355000E+00   4.5795000E+00   4.5195000E+00   4.4555000E+00   4.3875000E+00   4.3155000E+00   4.2395000E+00   4.1595000E+00   4.0755000E+00   3.9875000E+00   3.8955000E+00   3.7995000E+00   3.6995000E+00   3.5955000E+00   3.4875000E+00   3.3755000E+00   3.2595000E+00   3.1395000E+00   3.0155000E+00   2.8875000E+00   2.7555000E+00   2.6195000E+00   2.4795000E+00   2.3355000E+00   2.1875000E+00   2.0355000E+00   1.8795000E+00   1.7195000E+00   1.5555000E+00   1.3875000E+00   1.2155000E+00   1.0395000E+00   8.5950000E-01   6.7550000E-01   4.8750000E-01   2.9550000E-01   9.9500000E-02
   9.9500000E-02   2.9550000E-01   4.8750000E-01   6.7550000E-01   8.5950000E-01   1.0395000E+00   1.2155000E+00   1.3875000E+00   1.5555000E+00   1.7195000E+00   1.8795000E+00   2.0355000E+00   2.1875000E+00   2.3355000E+00   2.4795000E+00   2.6195000E+00   2.7555000E+00   2.8875000E+00   3.0155000E+00   3.1395000E+00   3.2595000E+00   3.3755000E+00   3.4875000E+00   3.5955000E+00   3.6995000E+00   3.7995000E+00   3.8955000E+00   3.9875000E+00   4.0755000E+00   4.1595000E+00   4.2395000E+00   4.3155000E+00   4.3875000E+00   4.4555000E+00   4.5195000E+00   4.5795000E+00   4.6355000E+00   4.6875000E+00   4.7355000E+00   4.7795000E+00   4.8195000E+00   4.8555000E+00   4.8875000E+00   4.9155000E+00   4.9395000E+00   4.9595000E+00   4.9755000E+00   4.9875000E+00   4.9955000E+00   4.9995000E+00   4.9995000E+00   4.9955000E+00   4.9875000E+00   4.9755000E+00   4.9595000E+00   4.9395000E+00   4.9155000E+00   4.8875000E+00   4.8555000E+00   4.8195000E+00   4.7795000E+00   4.7355000E+00   4.6875000E+00   4.6355000E+00   4.5795000E+00   4.5195000E+00   4.4555000E+00   4.3875000E+00   4.3155000E+00   4.2395000E+00   4.1595000E+00   4.0755000E+00   3.9875000E+00   3.8955000E+00   3.7995000E+00   3.6995000E+00   3.5955000E+00   3.4875000E+00   3.3755000E+00   3.2595000E+00   3.1395000E+00   3.0155000E+00   2.8875000E+00   2.7555000E+00   2.6195000E+00   2.4795000E+00   2.3355000E+00   2.1875000E+00   2.0355000E+00   1.8795000E+00   1.7195000E+00   1.5555000E+00   1.3875000E+00   1.2155000E+00   1.0395000E+00   8.5950000E-01   6.7550000E-01   4.8750000E-01   2.9550000E-01   9.9500000E-02
   9.9500000E-02   2.9550000E-01   4.8750000E-01   6.7550000E-01   8.5950000E-01   1.0395000E+00   1.2155000E+00   1.3875000E+00   1.5555000E+00   1.7195000E+00   1.8795000E+00   2.0355000E+00   2.1875000E+00   2.3355000E+00   2.4795000E+00   2.6195000E+00   2.7555000E+00   2.8875000E+00   3.0155000E+00   3.1395000E+00   3.2595000E+00   3.3755000E+00   3.4875000E+00   3.5955000E+00   3.6995000E+00   3.7995000E+00   3.8955000E+00   3.9875000E+00   4.0755000E+00   4.1595000E+00   4.2395000E+00   4.3155000E+00   4.3875000E+00   4.4555000E+00   4.5195000E+00   4.5795000E+00   4.6355000E+00   4.6875000E+00   4.7355000E+00   4.7795000E+00   4.8195000E+00   4.8555000E+00   4.8875000E+00   4.9155000E+00   4.9395000E+00   4.9595000E+00   4.9755000E+00   4.9875000E+00   4.9955000E+00   4.9995000E+00   4.9995000E+00   4.9955000E+00   4.9875000E+00   4.9755000E+00   4.9595000E+00   4.9395000E+00   4.9155000E+00   4.8875000E+00   4.8555000E+00   4.8195000E+00   4.7795000E+00   4.7355000E+00   4.6875000E+00   4.6355000E+00   4.5795000E+00   4.5195000E+00   4.4555000E+00   4.3875000E+00   4.3155000E+00   4.2395000E+00   4.1595000E+00   4.0755000E+00   3.9875000E+00   3.8955000E+00   3.7995000E+00   3.6995000E+00   3.5955000E+00   3.4875000E+00   3.3755000E+00   3.2595000E+00   3.1395000E+00   3.0155000E+00   2.8875000E+00   2.7555000E+00   2.6195000E+00   2.4795000E+00   2.3355000E+00   2.1875000E+00   2.0355000E+00   1.8795000E+00   1.7195000E+00   1.5555000E+00   1.3875000E+00   1.2155000E+00   1.0395000E+00   8.5950000E-01   6.7550000E-01   4.8750000E-01   2.9550000E-01   9.9500000E-02
   9.9500000E-02   2.9550000E-01   4.8750000E-01   6.7550000E-01   8.5950000E-01   1.0395000E+00   1.2155000E+00   1.3875000E+00   1.5555000E+00   1.7195000E+00   1.8795000E+00   2.0355000E+00   2.1875000E+00   2.3355000E+00   2.4795000E+00   2.6195000E+00   2.7555000E+00   2.8875000E+00   3.0155000E+00   3.1395000E+00   3.2595000E+00   3.3755000E+00   3.4875000E+00   3.5955000E+00   3.6995000E+00   3.7995000E+00   3.8955000E+00   3.9875000E+00   4.0755000E+00   4.1595000E+00   4.2395000E+00   4.3155000E+00   4.3875000E+00   4.4555000E+00   4.5195000E+00   4.5795000E+00   4.6355000E+00   4.6875000E+00   4.7355000E+00   4.7795000E+00   4.8195000E+00   4.8555000E+00   4.8875000E+00   4.9155000E+00   4.9395000E+00   4.9595000E+00   4.9755000E+00   4.9875000E+00   4.9955000E+00   4.9995000E+00   4.9995000E+00   4.9955000E+00   4.9875000E+00   4.9755000E+00   4.9595000E+00   4.9395000E+00   4.9155000E+00   4.8875000E+00   4.8555000E+00   4.8195000E+00   4.7795000E+00   4.7355000E+00   4.6875000E+00   4.6355000E+00   4.5795000E+00   4.5195000E+00   4.4555000E+00   4.3875000E+00   4.3155000E+00   4.2395000E+00   4.1595000E+00   4.0755000E+00   3.9875000E+00   3.8955000E+00   3.7995000E+00   3.6995000E+00   3.5955000E+00   3.4875000E+00   3.3755000E+00   3.2595000E+00   3.1395000E+00   3.0155000E+00   2.8875000E+00   2.7555000E+00   2.6195000E+00   2.4795000E+00   2.3355000E+00   2.1875000E+00   2.0355000E+00   1.8795000E+00   1.7195000E+00   1.5555000E+00   1.3875000E+00   1.2155000E+00   1.0395000E+00   8.5950000E-01   6.7550000E-01   4.8750000E-01   2.9550000E-01   9.9500000E-02
   9.9500000E-02   2.9550000E-01   4.8750000E-01   6.7550000E-01   8.5950000E-01   1.0395000E+00   1.2155000E+00   1.3875000E+00   1.5555000E+00   1.7195000E+00   1.8795000E+00   2.0355000E+00   2.1875000E+00   2.3355000E+00   2.4795000E+00   2.6195000E+00   2.7555000E+00   2.8875000E+00   3.0155000E+00   3.1395000E+00   3.2595000E+00   3.3755000E+00   3.4875000E+00   3.5955000E+00   3.6995000E+00   3.7995000E+00   3.8955000E+00   3.9875000E+00   4.0755000E+00   4.1595000E+00   4.2395000E+00   4.3155000E+00   4.3875000E+00   4.4555000E+00   4.5195000E+00   4.5795000E+00   4.6355000E+00   4.6875000E+00   4.7355000E+00   4.7795000E+00   4.8195000E+00   4.8555000E+00   4.8875000E+00   4.9155000E+00   4.9395000E+00   4.9595000E+00   4.9755000E+00   4.9875000E+00   4.9955000E+00   4.9995000E+00   4.9995000E+00   4.9955000E+00   4.9875000E+00   4.9755000E+00   4.9595000E+00   4.9395000E+00   4.9155000E+00   4.8875000E+00   4.8555000E+00   4.8195000E+00   4.7795000E+00   4.7355000E+00   4.6875000E+00   4.6355000E+00   4.5795000E+00   4.5195000E+00   4.4555000E+00   4.3875000E+00   4.3155000E+00   4.2395000E+00   4.1595000E+00   4.0755000E+00   3.9875000E+00   3.8955000E+00   3.7995000E+00   3.6995000E+00   3.5955000E+00   3.4875000E+00   3.3755000E+00   3.2595000E+00   3.1395000E+00   3.0155000E+00   2.8875000E+00   2.7555000E+00   2.6195000E+00   2.4795000E+00   2.3355000E+00   2.1875000E+00   2.0355000E+00   1.8795000E+00   1.7195000E+00   1.5555000E+00   1.3875000E+00   1.2155000E+00   1.0395000E+00   8.5950000E-01   6.7550000E-01   4.8750000E-01   2.9550000E-01   9.9500000E-02
   9.9500000E-02   2.9550000E-01   4.8750000E-01   6.7550000E-01   8.5950000E-01   1.0395000E+00   1.2155000E+00   1.3875000E+00   1.5555000E+00   1.7195000E+00   1.8795000E+00   2.0355000E+00   2.1875000E+00   2.3355000E+00   2.4795000E+00   2.6195000E+00   2.7555000E+00   2.8875000E+00   3.0155000E+00   3.1395000E+00   3.2595000E+00   3.3755000E+00   3.4875000E+00   3.5955000E+00   3.6995000E+00   3.7995000E+00   3.8955000E+00   3.9875000E+00   4.0755000E+00   4.1595000E+00   4.2395000E+00   4.3155000E+00   4.3875000E+00   4.4555000E+00   4.5195000E+00   4.5795000E+00   4.6355000E+00   4.6875000E+00   4.7355000E+00   4.7795000E+00   4.8195000E+00   4.8555000E+00   4.8875000E+00   4.9155000E+00   4.9395000E+00   4.9595000E+00   4.9755000E+00   4.9875000E+00   4.9955000E+00   4.9995000E+00   4.9995000E+00   4.9955000E+00   4.9875000E+00   4.9755000E+00   4.9595000E+00   4.9395000E+00   4.9155000E+00   4.8875000E+00   4.8555000E+00   4.8195000E+00   4.7795000E+00   4.7355000E+00   4.6875000E+00   4.6355000E+00   4.5795000E+00   4.5195000E+00   4.4555000E+00   4.3875000E+00   4.3155000E+00   4.2395000E+00   4.1595000E+00   4.0755000E+00   3.9875000E+00   3.8955000E+00   3.7995000E+00   3.6995000E+00   3.5955000E+00   3.4875000E+00   3.3755000E+00   3.2595000E+00   3.1395000E+00   3.0155000E+00   2.8875000E+00   2.7555000E+00   2.6195000E+00   2.4795000E+00   2.3355000E+00   2.1875000E+00   2.0355000E+00   1.8795000E+00   1.7195000E+00   1.5555000E+00   1.3875000E+00   1.2155000E+00   1.0395000E+00   8.5950000E-01   6.7550000E-01   4.8750000E-01   2.9550000E-01   9.9500000E-02
   9.9500000E-02   2.9550000E-01   4.8750000E-01   6.7550000E-01   8.5950000E-01   1.0395000E+00   1.2155000E+00   1.3875000E+00   1.5555000E+00   1.7195000E+00   1.8795000E+00   2.0355000E+00   2.1875000E+00   2.3355000E+00   2.4795000E+00   2.6195000E+00   2.7555000E+00   2.8875000E+00   3.0155000E+00   3.1395000E+00   3.2595000E+00   3.3755000E+00   3.4875000E+00   3.5955000E+00   3.6995000E+00   3.7995000E+00   3.8955000E+00   3.9875000E+00   4.0755000E+00   4.1595000E+00   4.2395000E+00   4.3155000E+00   4.3875000E+00   4.4555000E+00   4.5195000E+00   4.5795000E+00   4.6355000E+00   4.6875000E+00   4.7355000E+00   4.7795000E+00   4.8195000E+00   4.8555000E+00   4.8875000E+00   4.9155000E+00   4.9395000E+00   4.9595000E+00   4.9755000E+00   4.9875000E+00   4.9955000E+00   4.9995000E+00   4.9995000E+00   4.9955000E+00   4.9875000E+00   4.9755000E+00   4.9595000E+00   4.9395000E+00   4.9155000E+00   4.8875000E+00   4.8555000E+00   4.8195000E+00   4.7795000E+00   4.7355000E+00   4.6875000E+00   4.6355000E+00   4.5795000E+00   4.5195000E+00   4.4555000E+00   4.3875000E+00   4.3155000E+00   4.2395000E+00   4.1595000E+00   4.0755000E+00   3.9875000E+00   3.8955000E+00   3.7995000E+00   3.6995000E+00   3.5955000E+00   3.4875000E+00   3.3755000E+00   3.2595000E+00   3.1395000E+00   3.0155000E+00   2.8875000E+00   2.7555000E+00   2.6195000E+00   2.4795000E+00   2.3355000E+00   2.1875000E+00   2.0355000E+00   1.8795000E+00   1.7195000E+00   1.5555000E+00   1.3875000E+00   1.2155000E+00   1.0395000E+00   8.5950000E-01   6.7550000E-01   4.8750000E-01   2.9550000E-01   9.9500000E-02
   9.9500000E-02   2.9550000E-01   4.8750000E-01   6.7550000E-01   8.5950000E-01   1.0395000E+00   1.2155000E+00   1.3875000E+00   1.5555000E+00   1.7195000E+00   1.8795000E+00   2.0355000E+00   2.1875000E+00   2.3355000E+00   2.4795000E+00   2.6195000E+00   2.7555000E+00   2.8875000E+00   3.0155000E+00   3.1395000E+00   3.2595000E+00   3.3755000E+00   3.4875000E+00   3.5955000E+00   3.6995000E+00   3.7995000E+00   3.8955000E+00   3.9875000E+00   4.0755000E+00   4.1595000E+00   4.2395000E+00   4.3155000E+00   4.3875000E+00   4.4555000E+00   4.5195000E+00   4.5795000E+00   4.6355000E+00   4.6875000E+00   4.7355000E+00   4.7795000E+00   4.8195000E+00   4.8555000E+00   4.8875000E+00   4.9155000E+00   4.9395000E+00   4.9595000E+00   4.9755000E+00   4.9875000E+00   4.9955000E+00   4.9995000E+00   4.9995000E+00   4.9955000E+00   4.9875000E+00   4.9755000E+00   4.9595000E+00   4.9395000E+00   4.9155000E+00   4.8875000E+00   4.8555000E+00   4.8195000E+00   4.7795000E+00   4.7355000E+00   4.6875000E+00   4.6355000E+00   4.5795000E+00   4.5195000E+00   4.4555000E+00   4.3875000E+00   4.3155000E+00   4.2395000E+00   4.1595000E+00   4.0755000E+00   3.9875000E+00   3.8955000E+00   3.7995000E+00   3.6995000E+00   3.5955000E+00   3.4875000E+00   3.3755000E+00   3.2595000E+00   3.1395000E+00   3.0155000E+00   2.8875000E+00   2.7555000E+00   2.6195000E+00   2.4795000E+00   2.3355000E+00   2.1875000E+00   2.0355000E+00   1.8795000E+00   1.7195000E+00   1.5555000E+00   1.3875000E+00   1.2155000E+00   1.0395000E+00   8.5950000E-01   6.7550000E-01   4.8750000E-01   2.9550000E-01   9.9500000E-02
   9.9500000E-02   2.9550000E-01   4.8750000E-01   6.7550000E-01   8.5950000E-01   1.0395000E+00   1.2155000E+00   1.3875000E+00   1.5555000E+00   1.7195000E+00   1.8795000E+00   2.0355000E+00   2.1875000E+00   2.3355000E+00   2.4795000E+00   2.6195000E+00   2.7555000E+00   2.8875000E+00   3.0155000E+00   3.1395000E+00   3.2595000E+00   3.3755000E+00   3.4875000E+00   3.5955000E+00   3.6995000E+00   3.7995000E+00   3.8955000E+00   3.9875000E+00   4.0755000E+00   4.1595000E+00   4.2395000E+00   4.3155000E+00   4.3875000E+00   4.4555000E+00   4.5195000E+00   4.5795000E+00   4.6355000E+00   4.6875000E+00   4.7355000E+00   4.7795000E+00   4.8195000E+00   4.8555000E+00   4.8875000E+00   4.9155000E+00   4.9395000E+00   4.9595000E+00   4.9755000E+00   4.9875000E+00   4.9955000E+00   4.9995000E+00   4.9995000E+00   4.9955000E+00   4.9875000E+00   4.9755000E+00   4.9595000E+00   4.9395000E+00   4.9155000E+00   4.8875000E+00   4.8555000E+00   4.8195000E+00   4.7795000E+00   4.7355000E+00   4.6875000E+00   4.6355000E+00   4.5795000E+00   4.5195000E+00   4.4555000E+00   4.3875000E+00   4.3155000E+00   4.2395000E+00   4.1595000E+00   4.0755000E+00   3.9875000E+00   3.8955000E+00   3.7995000E+00   3.6995000E+00   3.5955000E+00   3.4875000E+00   3.3755000E+00   3.2595000E+00   3.1395000E+00   3.0155000E+00   2.8875000E+00   2.7555000E+00   2.6195000E+00   2.4795000E+00   2.3355000E+00   2.1875000E+00   2.0355000E+00   1.8795000E+00   1.7195000E+00   1.5555000E+00   1.3875000E+00   1.2155000E+00   1.0395000E+00   8.5950000E-01   6.7550000E-01   4.8750000E-01   2.9550000E-01   9.9500000E-02
   9.9500000E-02   2.9550000E-01   4.8750000E-01   6.7550000E-01   8.5950000E-01   1.0395000E+00   1.2155000E+00   1.3875000E+00   1.5555000E+00   1.7195000E+00   1.8795000E+00   2.0355000E+00   2.1875000E+00   2.3355000E+00   2.4795000E+00   2.6195000E+00   2.7555000E+00   2.8875000E+00   3.0155000E+00   3.1395000E+00   3.2595000E+00   3.3755000E+00   3.4875000E+00   3.5955000E+00   3.6995000E+00   3.7995000E+00   3.8955000E+00   3.9875000E+00   4.0755000E+00   4.1595000E+00   4.2395000E+00   4.3155000E+00   4.3875000E+00   4.4555000E+00   4.5195000E+00   4.5795000E+00   4.6355000E+00   4.6875000E+00   4.7355000E+00   4.7795000E+00   4.8195000E+00   4.8555000E+00   4.8875000E+00   4.9155000E+00   4.9395000E+00   4.9595000E+00   4.9755000E+00   4.9875000E+00   4.9955000E+00   4.9995000E+00   4.9995000E+00   4.9955000E+00   4.9875000E+00   4.9755000E+00   4.9595000E+00   4.9395000E+00   4.9155000E+00   4.8875000E+00   4.8555000E+00   4.8195000E+00   4.7795000E+00   4.7355000E+00   4.6875000E+00   4.6355000E+00   4.5795000E+00   4.5195000E+00   4.4555000E+00   4.3875000E+00   4.3155000E+00   4.2395000E+00   4.1595000E+00   4.0755000E+00   3.9875000E+00   3.8955000E+00   3.7995000E+00   3.6995000E+00   3.5955000E+00   3.4875000E+00   3.3755000E+00   3.2595000E+00   3.1395000E+00   3.0155000E+00   2.8875000E+00   2.7555000E+00   2.6195000E+00   2.4795000E+00   2.3355000E+00   2.1875000E+00   2.0355000E+00   1.8795000E+00   1.7195000E+00   1.5555000E+00   1.3875000E+00   1.2155000E+00   1.0395000E+00   8.5950000E-01   6.7550000E-01   4.8750000E-01   2.9550000E-01   9.9500000E-02
   9.9500000E-02   2.9550000E-01   4.8750000E-01   6.7550000E-01   8.5950000E-01   1.0395000E+00   1.2155000E+00   1.3875000E+00   1.5555000E+00   1.7195000E+00   1.8795000E+00   2.0355000E+00   2.1875000E+00   2.3355000E+00   2.4795000E+00   2.6195000E+00   2.7555000E+00   2.8875000E+00   3.0155000E+00   3.1395000E+00   3.2595000E+00   3.3755000E+00   3.4875000E+00   3.5955000E+00   3.6995000E+00   3.7995000E+00   3.8955000E+00   3.9875000E+00   4.0755000E+00   4.1595000E+00   4.2395000E+00   4.3155000E+00   4.3875000E+00   4.4555000E+00   4.5195000E+00   4.5795000E+00   4.6355000E+00   4.6875000E+00   4.7355000E+00   4.7795000E+00   4.8195000E+00   4.8555000E+00   4.8875000E+00   4.9155000E+00   4.9395000E+00   4.9595000E+00   4.9755000E+00   4.9875000E+00   4.9955000E+00   4.9995000E+00   4.9995000E+00   4.9955000E+00   4.9875000E+00   4.9755000E+00   4.9595000E+00   4.9395000E+00   4.9155000E+00   4.8875000E+00   4.8555000E+00   4.8195000E+00   4.7795000E+00   4.7355000E+00   4.6875000E+00   4.6355000E+00   4.5795000E+00   4.5195000E+00   4.4555000E+00   4.3875000E+00   4.3155000E+00   4.2395000E+00   4.1595000E+00   4.0755000E+00   3.9875000E+00   3.8955000E+00   3.7995000E+00   3.6995000E+00   3.5955000E+00   3.4875000E+00   3.3755000E+00   3.2595000E+00   3.1395000E+00   3.0155000E+00   2.8875000E+00   2.7555000E+00   2.6195000E+00   2.4795000E+00   2.3355000E+00   2.1875000E+00   2.0355000E+00   1.8795000E+00   1.7195000E+00   1.5555000E+00   1.3875000E+00   1.2155000E+00   1.0395000E+00   8.5950000E-01   6.7550000E-01   4.8750000E-01   2.9550000E-01   9.9500000E-02
   9.9500000E-02   2.9550000E-01   4.8750000E-01   6.7550000E-01   8.5950000E-01   1.0395000E+00   1.2155000E+00   1.3875000E+00   1.5555000E+00   1.7195000E+00   1.8795000E+00   2.0355000E+00   2.1875000E+00   2.3355000E+00   2.4795000E+00   2.6195000E+00   2.7555000E+00   2.8875000E+00   3.0155000E+00   3.1395000E+00   3.2595000E+00   3.3755000E+00   3.4875000E+00   3.5955000E+00   3.6995000E+00   3.7995000E+00   3.8955000E+00   3.9875000E+00   4.0755000E+00   4.1595000E+00   4.2395000E+00   4.3155000E+00   4.3875000E+00   4.4555000E+00   4.5195000E+00   4.5795000E+00   4.6355000E+00   4.6875000E+00   4.7355000E+00   4.7795000E+00   4.8195000E+00   4.8555000E+00   4.8875000E+00   4.9155000E+00   4.9395000E+00   4.9595000E+00   4.9755000E+00   4.9875000E+00   4.9955000E+00   4.9995000E+00   4.9995000E+00   4.9955000E+00   4.9875000E+00   4.9755000E+00   4.9595000E+00   4.9395000E+00   4.9155000E+00   4.8875000E+00   4.8555000E+00   4.8195000E+00   4.7795000E+00   4.7355000E+00   4.6875000E+00   4.6355000E+00   4.5795000E+00   4.5195000E+00   4.4555000E+00   4.3875000E+00   4.3155000E+00   4.2395000E+00   4.1595000E+00   4.0755000E+00   3.9875000E+00   3.8955000E+00   3.7995000E+00   3.6995000E+00   3.5955000E+00   3.4875000E+00   3.3755000E+00   3.2595000E+00   3.1395000E+00   3.0155000E+00   2.8875000E+00   2.7555000E+00   2.6195000E+00   2.4795000E+00   2.3355000E+00   2.1875000E+00   2.0355000E+00   1.8795000E+00   1.7195000E+00   1.5555000E+00   1.3875000E+00   1.2155000E+00   1.0395000E+00   8.5950000E-01   6.7550000E-01   4.8750000E-01   2.9550000E-01   9.9500000E-02
   9.9500000E-02   2.9550000E-01   4.8750000E-01   6.7550000E-01   8.5950000E-01   1.0395000E+00   1.2155000E+00   1.3875000E+00   1.5555000E+00   1.7195000E+00   1.8795000E+00   2.0355000E+00   2.1875000E+00   2.3355000E+00   2.4795000E+00   2.6195000E+00   2.7555000E+00   2.8875000E+00   3.0155000E+00   3.1395000E+00   3.2595000E+00   3.3755000E+00   3.4875000E+00   3.5955000E+00   3.6995000E+00   3.7995000E+00   3.8955000E+00   3.9875000E+00   4.0755000E+00   4.1595000E+00   4.2395000E+00   4.3155000E+00   4.3875000E+00   4.4555000E+00   4.5195000E+00   4.5795000E+00   4.6355000E+00   4.6875000E+00   4.7355000E+00   4.7795000E+00   4.8195000E+00   4.8555000E+00   4.8875000E+00   4.9155000E+00   4.9395000E+00   4.9595000E+00   4.9755000E+00   4.9875000E+00   4.9955000E+00   4.9995000E+00   4.9995000E+00   4.9955000E+00   4.9875000E+00   4.9755000E+00   4.9595000E+00   4.9395000E+00   4.9155000E+00   4.8875000E+00   4.8555000E+00   4.8195000E+00   4.7795000E+00   4.7355000E+00   4.6875000E+00   4.6355000E+00   4.5795000E+00   4.5195000E+00   4.4555000E+00   4.3875000E+00   4.3155000E+00   4.2395000E+00   4.1595000E+00   4.0755000E+00   3.9875000E+00   3.8955000E+00   3.7995000E+00   3.6995000E+00   3.5955000E+00   3.4875000E+00   3.3755000E+00   3.2595000E+00   3.1395000E+00   3.0155000E+00   2.8875000E+00   2.7555000E+00   2.6195000E+00   2.4795000E+00   2.3355000E+00   2.1875000E+00   2.0355000E+00   1.8795000E+00   1.7195000E+00   1.5555000E+00   1.3875000E+00   1.2155000E+00   1.0395000E+00   8.5950000E-01   6.7550000E-01   4.8750000E-01   2.9550000E-01   9.9500000E-02
   9.9500000E-02   2.9550000E-01   4.8750000E-01   6.7550000E-01   8.5950000E-01   1.0395000E+00   1.2155000E+00   1.3875000E+00   1.5555000E+00   1.7195000E+00   1.8795000E+00   2.0355000E+00   2.1875000E+00   2.3355000E+00   2.4795000E+00   2.6195000E+00   2.7555000E+00   2.8875000E+00   3.0155000E+00   3.1395000E+00   3.2595000E+00   3.3755000E+00   3.4875000E+00   3.5955000E+00   3.6995000E+00   3.7995000E+00   3.8955000E+00   3.9875000E+00   4.0755000E+00   4.1595000E+00   4.2395000E+00   4.3155000E+00   4.3875000E+00   4.4555000E+00   4.5195000E+00   4.5795000E+00   4.6355000E+00   4.6875000E+00   4.7355000E+00   4.7795000E+00   4.8195000E+00   4.8555000E+00   4.8875000E+00   4.9155000E+00   4.9395000E+00   4.9595000E+00   4.9755000E+00   4.9875000E+00   4.9955000E+00   4.9995000E+00   4.9995000E+00   4.9955000E+00   4.9875000E+00   4.9755000E+00   4.9595000E+00   4.9395000E+00   4.9155000E+00   4.8875000E+00   4.8555000E+00   4.8195000E+00   4.7795000E+00   4.7355000E+00   4.6875000E+00   4.6355000E+00   4.5795000E+00   4.5195000E+00   4.4555000E+00   4.3875000E+00   4.3155000E+00   4.2395000E+00   4.1595000E+00   4.0755000E+00   3.9875000E+00   3.8955000E+00   3.7995000E+00   3.6995000E+00   3.5955000E+00   3.4875000E+00   3.3755000E+00   3.2595000E+00   3.1395000E+00   3.0155000E+00   2.8875000E+00   2.7555000E+00   2.6195000E+00   2.4795000E+00   2.3355000E+00   2.1875000E+00   2.0355000E+00   1.8795000E+00   1.7195000E+00   1.5555000E+00   1.3875000E+00   1.2155000E+00   1.0395000E+00   8.5950000E-01   6.7550000E-01   4.8750000E-01   2.9550000E-01   9.9500000E-02
